Prepped_data/Covariate_Data/DEM/DEM_0.5.asc
NCOLS 166 
NROWS 101 
XLLCORNER -155 
YLLCORNER 22.5 
CELLSIZE 0.5 
NODATA_value -3.4e+38 
[rows 69 to 91 of 101, columns 52 to 103 of 166]
-3.4e+38 -3.4e+38 -3.4e+38 -3.4e+38 -3.4e+38 -3.4e+38 -3.4e+38 -3.4e+38 -3.4e+38 -3.4e+38 -3.4e+38 -3.4e+38 63.4757795450349 114.348748310822 1 15.4621141280218 435.749026782054 1466.66721083881 2436.07827636265 1976.26520660343 2187.25898015585 1991.43932214723 1690.65887120218 1968.36621417752 1921.84446616421 1584 1484.0165098642 1607.24997177547 1759.988319153 2051.2980599311 1946.77490004554 1676.0266211176 1723.16994646549 1987.97466115606 2543.14811507437 1872.57770630506 1479.98115585405 1920.32832350674 1352.92018452891 2094.20627695874 1691.06065930199 2281.93235165504 2149.27754520099 2512.20757233627 2722.9487866134 2986.20842685069 3375.82342529929 2688.29739951873 1510.44903809607 1382.08285604469 1339.49483786942 1258.09838860429
-3.4e+38 -3.4e+38 -3.4e+38 -3.4e+38 -3.4e+38 -3.4e+38 -3.4e+38 -3.4e+38 -3.4e+38 -3.4e+38 -3.4e+38 -3.4e+38 -3.4e+38 1 209.718270703921 6.81142241949134 61 669.73038876908 1947.30061889255 3484.48786088969 2237.47328947215 2746.43946979731 2121.41082575345 1705.95185469073 1699.83971574347 1921.20048765404 1462 1660.11975653683 1403.97977571311 1849.92613914784 1584 1658.72495849351 2876.00572359181 2435.36528947776 2102.67944657072 1648.15432943074 1417.486643473 1560.6467059339 2358.43357518175 1879.04206729451 2309.86439466886 2654.90605036412 3307.67503006489 3109.18051236741 2816.79345843291 2377 2298.0027331015 2271.07331065853 1813.35556729744 1608.72731984046 1448.48520947158 1294.2114758812
-3.4e+38 -3.4e+38 -3.4e+38 -3.4e+38 -3.4e+38 -3.4e+38 -3.4e+38 -3.4e+38 -3.4e+38 -3.4e+38 -3.4e+38 -3.4e+38 -3.4e+38 382.782818740777 213.378738425637 433.588594074597 26.7203700098394 87.7305136827552 515.671798265972 2289.80111167952 3220.91123924419 1654.60892715002 1132.39775218363 1731.70092802066 1802.14351116554 2195.50450415827 1401 1510.81335096529 1625.72498720782 1314.77601345332 1477.45811116396 1103.55406222417 1778.66071334895 2086.71463856132 1561.73233396281 1316.98250613367 1459.58631715362 1401.03556766303 1572.16740139171 1387.94620259837 2118.77301784967 2293.40255716916 2124.55782943168 2444.86868399514 2579.65713596644 2619.62710833628 2285.01353853489 3424.35164014239 2283.19250954177 1688.50104981912 1700.62374250718 1639.85256714118
-3.4e+38 -3.4e+38 -3.4e+38 -3.4e+38 -3.4e+38 -3.4e+38 -3.4e+38 -3.4e+38 -3.4e+38 -3.4e+38 -3.4e+38 -3.4e+38 -3.4e+38 -3.4e+38 4.01518149154446 419.24307059295 285.040993867925 52.5556185256716 91 604.544986321199 2354.52712003638 1579.35628266588 332.947113878644 33.1398024121718 864.118870186263 1103.16443143283 1512.76474429171 1639.99440252987 611.584534535194 545.960367541899 1578.03942264446 1597.30574764067 1417.6426824181 2317.45205001227 1408.84023285816 1673.79267085974 1851.47243566767 1743.92156332522 1612.17387795893 2055.23657178482 1562.57232986474 1638.93239069198 1851.44611381378 2250.78013844993 2372.88655077701 3107.67809064506 2377.13903867016 2914.01436400604 2213.03252949439 2063.73967791391 1921.9711025124 1568.18284400124
-3.4e+38 -3.4e+38 -3.4e+38 -3.4e+38 -3.4e+38 -3.4e+38 -3.4e+38 -3.4e+38 -3.4e+38 -3.4e+38 -3.4e+38 -3.4e+38 -3.4e+38 -3.4e+38 403.29902463739 427.435866964704 858.151333031179 155.300161608963 60.3827874555455 91 1257.22310316948 2854.28705783661 1974.12502524899 868.767140766125 825.703187838084 1207.40048397482 2402.05277843444 729.689726082614 889.52972277719 966.127836438296 1492.44849322019 1356.77694916567 1119.76104798413 1831.60512704066 1820.78846545773 1772.24477011439 1798.4854633242 2018.31895965214 1756.33847184694 2172.65754793039 1767.43752182615 1782.29869457408 2078.55843793912 2197.2281378551 2666.64271159955 2067.70272121154 2357.82682743232 2646.29811373955 1859.09405609512 1831.27359992992 1720.06347150315 1487.95877271805
-3.4e+38 -3.4e+38 -3.4e+38 -3.4e+38 -3.4e+38 -3.4e+38 -3.4e+38 -3.4e+38 -3.4e+38 -3.4e+38 -3.4e+38 -3.4e+38 -3.4e+38 -3.4e+38 -3.4e+38 570.978785149561 248.963679512029 456.466405246969 77.2261649462001 91.5720322791505 1121.55501385707 2100.39091390272 677.981685801947 584.296085575315 810.037096451912 430.971565302259 1018.13396439023 887.960983809992 504.569271574613 1245.19362280777 1287.29271507965 1602.33526182917 1707 1788.02820468155 1994.82399369563 1386.70888144586 1711.69767411736 1998.75717670567 1998.7697442804 2338.57966667507 1892.59685609096 2019.8569423291 2155.51977478507 1930.31393386008 2190.17036442615 1817.10611421725 3043.30906415395 2136.38663998517 1940.65821800542 1682.19206283378 1323.59484233147 1424.35613291594
-3.4e+38 -3.4e+38 -3.4e+38 -3.4e+38 -3.4e+38 -3.4e+38 -3.4e+38 -3.4e+38 -3.4e+38 -3.4e+38 -3.4e+38 -3.4e+38 -3.4e+38 -3.4e+38 -3.4e+38 -3.4e+38 301.355362587308 585.334966354692 960.02420963203 91 189.447150967239 1531.56700404428 965.773086527056 1027.64711340263 969.178119733367 763.807172242847 1182.29319727364 1528.44318849894 1345.30755345185 923.97774030182 1429.53941472089 1691.30220439528 1828.91198022629 2114.819950143 2315.95033756679 1713.02672031146 1485.39028830709 1767.37697521989 1752.03063723775 1828.16232029194 2194 2554.18232432949 2175.0605135673 2022.20912368009 1724.56130098264 1979.35171827844 2158.22407722282 1708.17095610604 1623.34302238664 1373.52715853775 1215.4242628646 1260.54601065204
-3.4e+38 -3.4e+38 -3.4e+38 -3.4e+38 -3.4e+38 -3.4e+38 -3.4e+38 -3.4e+38 -3.4e+38 -3.4e+38 -3.4e+38 -3.4e+38 -3.4e+38 -3.4e+38 -3.4e+38 -3.4e+38 -3.4e+38 236.226607610993 971.644091918283 1420.87569784982 1220.32502684528 731 918.783182609334 766.798957159985 1290.99813032733 679.163911833033 1099.29308038727 538.176531492181 615.480385427941 370.43795565921 1082.87421135015 1068.3130290463 1526.69144710202 1655.83184033568 1298.7054431791 2072.21775585175 1766.34581329758 1706.58343860578 1691.73446252704 1780.14215000934 2070.11363106663 2258.17277668331 2363.07080073243 2017.8145127225 1470.90110573908 1996.39551693423 1944.01827136954 1831.07379160333 1530.82167163169 1467.91208374442 1458.37143970399 1399.72864134767
-3.4e+38 -3.4e+38 -3.4e+38 -3.4e+38 -3.4e+38 -3.4e+38 -3.4e+38 -3.4e+38 -3.4e+38 -3.4e+38 -3.4e+38 -3.4e+38 -3.4e+38 -3.4e+38 -3.4e+38 -3.4e+38 -3.4e+38 -3.4e+38 -3.4e+38 21.4881246436024 327.765124759332 758.485557968582 939.233519324336 1520.26473198021 2053.36402301263 818.96109325337 851.168292322041 285.009147512309 611.782921458356 268.073767882663 330.617453200017 699.91663631779 1422.8980418684 1063.76888552788 1252.86496905933 1441.82457179217 2046.58342731788 2046.29824921619 2173.14337675766 2013.63265021462 2167.06200357093 2297.55988394924 2442.31679580054 1970.70392351139 1626.52351994424 1954.06325782182 2137.4311584462 1766.35909018379 1417.23051052719 1197.53912992106 1325.05585385088 1239.76468130566
-3.4e+38 -3.4e+38 -3.4e+38 -3.4e+38 -3.4e+38 -3.4e+38 -3.4e+38 -3.4e+38 -3.4e+38 -3.4e+38 -3.4e+38 -3.4e+38 -3.4e+38 -3.4e+38 -3.4e+38 -3.4e+38 -3.4e+38 -3.4e+38 -3.4e+38 -3.4e+38 -3.4e+38 1 162.729707379868 464.429946667118 1746.04113892912 10.6555416695401 1389.93876383052 183 176.183514130328 224.819904529755 438.952736612208 609.26991763712 531.4011061993 450.175371769069 680.632535143055 758.800872690688 1185.37995305673 1363.69461635436 2335.08845743873 2633.07416819447 1854.60633928591 2119.03812900065 2282.83836255802 1710.2764693406 1465.71888725926 1855.1348633161 1983.0615320687 1717.54483965677 1345.4542178872 1181.47230496104 1359.61530034443 1259.49493765117
-3.4e+38 -3.4e+38 -3.4e+38 -3.4e+38 -3.4e+38 -3.4e+38 -3.4e+38 -3.4e+38 -3.4e+38 -3.4e+38 -3.4e+38 -3.4e+38 -3.4e+38 -3.4e+38 -3.4e+38 -3.4e+38 -3.4e+38 -3.4e+38 -3.4e+38 -3.4e+38 -3.4e+38 -3.4e+38 -3.4e+38 69.7644464945437 845.381899317659 250.255048319625 -74 478.412728551699 122.591093236811 487 487 448.911153879944 269.432710736336 961.015128900705 391.168146492678 742.864084155742 1450.52651788151 894.287757559951 1696.36918142207 1715.38337455482 2306.61254145794 1881.56029573222 2153.31728772121 1443.17390984809 2041.46429036449 1269.63596313108 2405.13993908292 1855.81450783768 1240.21526226848 1091.23538540094 1338.64532082046 1201.95228230331
-3.4e+38 -3.4e+38 -3.4e+38 -3.4e+38 -3.4e+38 -3.4e+38 -3.4e+38 -3.4e+38 -3.4e+38 -3.4e+38 -3.4e+38 -3.4e+38 -3.4e+38 -3.4e+38 -3.4e+38 -3.4e+38 -3.4e+38 -3.4e+38 -3.4e+38 -3.4e+38 -3.4e+38 -3.4e+38 -3.4e+38 9.94936017274419 626.172673716067 1061.150559527 -5.9737809787414 16.1265237508224 93.3383569141859 224.328350935099 202.461895146659 190.029769757159 379.033745285771 609 455 654.505704362438 1184.98385271357 1227.89329611026 1025.92467482436 1383.0472970827 1404.6877775889 1779.57668955971 2036.64875022242 1278.828127534 1395.85373486104 1212.36661215001 2853.3292527563 1811.17394223135 1243.84454935133 1073.45745970463 1164.46486414504 1129.39784420072
-3.4e+38 -3.4e+38 -3.4e+38 -3.4e+38 -3.4e+38 -3.4e+38 -3.4e+38 -3.4e+38 -3.4e+38 -3.4e+38 -3.4e+38 -3.4e+38 -3.4e+38 -3.4e+38 -3.4e+38 -3.4e+38 -3.4e+38 -3.4e+38 -3.4e+38 -3.4e+38 -3.4e+38 -3.4e+38 -3.4e+38 -3.4e+38 602.454914132116 1411.71244842837 53.7812913177453 11.5796573629826 32.3972109178542 169.97703158412 432.077183961776 253.808296951129 543.121986796365 757.161052110185 651.695050106126 672.867970092014 801.630527846045 1263.98014374987 1292.68361253554 1116.30677249879 1411.54574438235 1428.19086291517 1315.98548007215 1309.2238235515 1179.62539582941 1242 1535.64413897105 1382.62101896883 1653.14235925375 996.294638766978 1060.5503900291 1034.11775409797
-3.4e+38 -3.4e+38 -3.4e+38 -3.4e+38 -3.4e+38 -3.4e+38 -3.4e+38 -3.4e+38 -3.4e+38 -3.4e+38 -3.4e+38 -3.4e+38 -3.4e+38 -3.4e+38 -3.4e+38 -3.4e+38 -3.4e+38 -3.4e+38 -3.4e+38 -3.4e+38 -3.4e+38 -3.4e+38 -3.4e+38 -3.4e+38 -3.4e+38 794.146548661439 1534.09477354171 55.6305767395754 3 54.1184869486648 58.9928161865508 179.61691132698 539.922205921773 558.823374735401 816.016500613147 1150.40727347919 1614.61910996505 1253.66549847569 1316.66356432584 1778.99364021959 1468.89022608964 1514.32795934811 1281.35360992438 1194.48700361303 1246.25990719152 1219.24746292322 1530.13191019795 1234.00228164767 1611.62284933736 1091.65735290289 826.99538937031 854.813017711165
-3.4e+38 -3.4e+38 -3.4e+38 -3.4e+38 -3.4e+38 -3.4e+38 -3.4e+38 -3.4e+38 -3.4e+38 -3.4e+38 -3.4e+38 -3.4e+38 -3.4e+38 -3.4e+38 -3.4e+38 -3.4e+38 -3.4e+38 -3.4e+38 -3.4e+38 -3.4e+38 -3.4e+38 -3.4e+38 -3.4e+38 -3.4e+38 -3.4e+38 155.242188450649 1168.19125061174 503.734086614104 -3.4e+38 -3.4e+38 -3.4e+38 1.38610153588643 230.985664812368 685.765646364419 838.456532345843 995.285834967072 1256.72579952357 1406.420886647 1438.84189677043 1085.65782419014 1918.50624044734 1471.1753890776 1472.48528627104 1272.1057586816 1216.45895775701 1465.47907278186 1131.28823086223 1401.98234930239 1308.23483940584 1141.69167530378 913.644142011263 815.898872694071
-3.4e+38 -3.4e+38 -3.4e+38 -3.4e+38 -3.4e+38 -3.4e+38 -3.4e+38 -3.4e+38 -3.4e+38 -3.4e+38 -3.4e+38 -3.4e+38 -3.4e+38 -3.4e+38 -3.4e+38 -3.4e+38 -3.4e+38 -3.4e+38 -3.4e+38 -3.4e+38 -3.4e+38 -3.4e+38 -3.4e+38 -3.4e+38 -3.4e+38 -3.4e+38 680.845583760854 1660.69172950653 52.945492453033 -3.4e+38 -3.4e+38 -3.4e+38 82.1450784692845 283.047574607756 496.963730933492 979.022612171558 1402.05213990662 1403.40210112558 1397.29210564291 981.946376278506 1617.53180122008 1589.71053713398 1609.21852516692 1251.92373707128 1275.61544168163 1331.07612134038 1485.33052907389 1097.9741909708 1241.00697160444 1694.64184682534 1349.94268819633 1041.00325103125
-3.4e+38 -3.4e+38 -3.4e+38 -3.4e+38 -3.4e+38 -3.4e+38 -3.4e+38 -3.4e+38 -3.4e+38 -3.4e+38 -3.4e+38 -3.4e+38 -3.4e+38 -3.4e+38 -3.4e+38 -3.4e+38 -3.4e+38 -3.4e+38 -3.4e+38 -3.4e+38 -3.4e+38 -3.4e+38 -3.4e+38 -3.4e+38 -3.4e+38 -3.4e+38 174.218967364505 656.517206621798 466.255543004332 -3.4e+38 -3.4e+38 -3.4e+38 171.403227619913 352.030975915647 748.441524374177 682.44135186666 952.48319931487 917.039851723983 1071.44491939997 1021.38402412791 1486.62983298354 1985.91441716357 1515.43358554987 1378.63024122377 1300.49450837403 1566.26359260276 1351.33887747979 1265.43722291468 902.908269617936 1538.18464188214 1605.6628864287 1279.88701296477
-3.4e+38 -3.4e+38 -3.4e+38 -3.4e+38 -3.4e+38 -3.4e+38 -3.4e+38 -3.4e+38 -3.4e+38 -3.4e+38 -3.4e+38 -3.4e+38 -3.4e+38 -3.4e+38 -3.4e+38 -3.4e+38 -3.4e+38 -3.4e+38 -3.4e+38 -3.4e+38 -3.4e+38 -3.4e+38 -3.4e+38 -3.4e+38 -3.4e+38 -3.4e+38 -3.4e+38 383.696215182028 573.311225225666 78.3871844065218 -3.4e+38 -3.4e+38 -3.4e+38 378.411590215244 723.02366114201 699.16295260824 649.659119140561 853.840674250514 1035.45926744012 807.449701946845 2092.00955280309 2307.54195854075 2105.25533883331 1959.2198862549 1687.49970823523 1692.32533669118 1349.00623243895 1545.6121266856 1173.67497120539 1249.31360556663 1097.72262927981 1076.41261838352
-3.4e+38 -3.4e+38 -3.4e+38 -3.4e+38 -3.4e+38 -3.4e+38 -3.4e+38 -3.4e+38 -3.4e+38 -3.4e+38 -3.4e+38 -3.4e+38 -3.4e+38 -3.4e+38 -3.4e+38 -3.4e+38 -3.4e+38 -3.4e+38 -3.4e+38 -3.4e+38 -3.4e+38 -3.4e+38 -3.4e+38 -3.4e+38 -3.4e+38 -3.4e+38 -3.4e+38 -3.4e+38 156.963633333425 611.169610065108 681.430121173664 394.852792076666 -3.4e+38 -3.4e+38 100.592989344838 259.744122259852 289.395492127403 572.984256756716 339.390817183414 488.309963964645 1391.74614653354 2081.15175794532 2175.04593542924 2126.23463294459 2091.24882533172 1535.45444975257 1185 1190.62465212141 1349.10126390147 1025.13894991695 775.483432127072 1648.45971176851
-3.4e+38 -3.4e+38 -3.4e+38 -3.4e+38 -3.4e+38 -3.4e+38 -3.4e+38 -3.4e+38 -3.4e+38 -3.4e+38 -3.4e+38 -3.4e+38 -3.4e+38 -3.4e+38 -3.4e+38 -3.4e+38 -3.4e+38 -3.4e+38 -3.4e+38 -3.4e+38 -3.4e+38 -3.4e+38 -3.4e+38 -3.4e+38 -3.4e+38 -3.4e+38 -3.4e+38 -3.4e+38 -3.4e+38 23.0569796483253 578.402572956464 469.632295202562 -3.4e+38 -3.4e+38 14.6736604123474 92.2295228366253 265.648721756295 515.199335921136 525.112070044625 1092.08132596438 1213.98404789937 2214.57509057075 2082.91813617254 2059.05439677069 2187.44383955401 1925.66838683912 1209.20722521267 1226.42132457036 1224.7729883632 1492.88180592119 1453.34169584158 842.076402458376
-3.4e+38 -3.4e+38 -3.4e+38 -3.4e+38 -3.4e+38 -3.4e+38 -3.4e+38 -3.4e+38 -3.4e+38 -3.4e+38 -3.4e+38 -3.4e+38 -3.4e+38 -3.4e+38 -3.4e+38 -3.4e+38 -3.4e+38 -3.4e+38 -3.4e+38 -3.4e+38 -3.4e+38 -3.4e+38 -3.4e+38 -3.4e+38 -3.4e+38 -3.4e+38 -3.4e+38 14.2473055835088 -3.4e+38 -3.4e+38 178.855584727501 857.480437417283 -3.4e+38 -3.4e+38 -3.4e+38 38.3088180731621 183.24937773241 279.883097841597 475.109583981885 564.705425439029 1758.44665881549 2186.33787911549 2464.42615424215 2421.30591550086 1891.46878679732 1526.36176342626 1384.90769543499 1355.69170468726 1687.82534866855 1581.14162072588 1397.23921358868 1074.22843125039
-3.4e+38 -3.4e+38 -3.4e+38 -3.4e+38 -3.4e+38 -3.4e+38 -3.4e+38 -3.4e+38 -3.4e+38 -3.4e+38 -3.4e+38 -3.4e+38 -3.4e+38 -3.4e+38 -3.4e+38 -3.4e+38 -3.4e+38 -3.4e+38 -3.4e+38 -3.4e+38 -3.4e+38 -3.4e+38 -3.4e+38 -3.4e+38 -3.4e+38 -3.4e+38 -3.4e+38 -3.4e+38 71.1703357770448 -3.4e+38 25.7778061737949 275.374197562216 123.380203799456 -3.4e+38 -3.4e+38 -3.4e+38 -3.4e+38 267.556841148697 191.936552375485 381.099547744186 555.517384627155 1824.5839064408 2380.22359274089 2321.70413447998 2073.62375953039 1597.20058527227 1462.87911242612 1418.17903652728 1337.58784837295 1574.08628334359 1291.73514784586 1086.09845946299
-3.4e+38 -3.4e+38 -3.4e+38 -3.4e+38 -3.4e+38 -3.4e+38 -3.4e+38 -3.4e+38 -3.4e+38 -3.4e+38 -3.4e+38 -3.4e+38 -3.4e+38 -3.4e+38 -3.4e+38 -3.4e+38 -3.4e+38 -3.4e+38 -3.4e+38 -3.4e+38 -3.4e+38 -3.4e+38 -3.4e+38 -3.4e+38 -3.4e+38 -3.4e+38 -3.4e+38 -3.4e+38 -3.4e+38 181.64775497087 234.50460307266 12.6866278384774 302.445477664728 87.2584508626759 -3.4e+38 -3.4e+38 -3.4e+38 5.36841795657589 54.7332002462883 107.381617402488 700.366941922407 1241.67832316418 1845.42018345898 2121.00027554967 1798.37427518042 1616.72946395445 1675.58823970601 1472.99112772197 1477.66429390245 1493.89582652413 1914.2721348043 1081.18256834404
