Prepped_data/Covariate_Data/DEM/DEM_0.5.asc
NCOLS 166 
NROWS 101 
XLLCORNER -155 
YLLCORNER 22.5 
CELLSIZE 0.5 
NODATA_value -3.4e+38 
[rows 23 to 45 of 101, columns 104 to 155 of 166]
360.38697049476 354.701251127162 318.218629706119 356.289083502205 319.938468102811 312.519253276695 294.242158148931 291.850268746661 267.765800593857 207.689913709475 200.207263947096 183.133332553856 237.100342482441 182.388671842908 103.138404894656 87.6314073170141 45.208148635162 15.6998856479938 -3.4e+38 -3.4e+38 -3.4e+38 -3.4e+38 -3.4e+38 -3.4e+38 -3.4e+38 -3.4e+38 -3.4e+38 -3.4e+38 -3.4e+38 -3.4e+38 -3.4e+38 -3.4e+38 -3.4e+38 -3.4e+38 -3.4e+38 -3.4e+38 -3.4e+38 -3.4e+38 -3.4e+38 -3.4e+38 -3.4e+38 -3.4e+38 -3.4e+38 -3.4e+38 -3.4e+38 -3.4e+38 -3.4e+38 -3.4e+38 -3.4e+38 -3.4e+38 5.16218440200928 140.562981957809
348 360.925207391319 318.927078047761 331.144983270254 376.911986222434 355.637345078028 375.282202157737 275 261.751679180026 254.813500197593 215.17349543117 215.532053861573 192.13348461472 159.884712354422 121.925011807327 76.8917031410217 35.6483865748812 -3.4e+38 -3.4e+38 -3.4e+38 -3.4e+38 -3.4e+38 -3.4e+38 -3.4e+38 -3.4e+38 -3.4e+38 -3.4e+38 -3.4e+38 -3.4e+38 -3.4e+38 -3.4e+38 -3.4e+38 -3.4e+38 -3.4e+38 -3.4e+38 -3.4e+38 -3.4e+38 -3.4e+38 -3.4e+38 -3.4e+38 -3.4e+38 -3.4e+38 -3.4e+38 -3.4e+38 -3.4e+38 -3.4e+38 -3.4e+38 -3.4e+38 -3.4e+38 -3.4e+38 -3.4e+38 38.0861653050746
356.967699612356 331 391.907154750312 395 331.305006867244 294.559283898228 279.3201853931 297.214248032109 298.077448866095 277.704826979778 221.185059303454 168.520818629006 197.676433041056 147.962050718884 102.694045980604 63.2941437938795 2.07463273585832 -3.4e+38 -3.4e+38 -3.4e+38 -3.4e+38 -3.4e+38 -3.4e+38 -3.4e+38 -3.4e+38 -3.4e+38 -3.4e+38 -3.4e+38 -3.4e+38 -3.4e+38 -3.4e+38 -3.4e+38 -3.4e+38 -3.4e+38 -3.4e+38 -3.4e+38 -3.4e+38 -3.4e+38 -3.4e+38 -3.4e+38 -3.4e+38 -3.4e+38 -3.4e+38 -3.4e+38 -3.4e+38 -3.4e+38 -3.4e+38 -3.4e+38 -3.4e+38 -3.4e+38 -3.4e+38 28.4464374069882
411.843470563582 382.542373106284 425.024034066814 351.746521960863 338.403112228917 310.997918687026 306.400698333825 307.293839530681 301 310.370458125501 272.858279391408 239.572138897972 192.965418597686 175.168784964045 119.561099124173 59.4576970844776 -3.4e+38 -3.4e+38 -3.4e+38 -3.4e+38 -3.4e+38 -3.4e+38 -3.4e+38 -3.4e+38 -3.4e+38 -3.4e+38 -3.4e+38 -3.4e+38 -3.4e+38 -3.4e+38 -3.4e+38 -3.4e+38 -3.4e+38 -3.4e+38 -3.4e+38 -3.4e+38 -3.4e+38 -3.4e+38 -3.4e+38 -3.4e+38 -3.4e+38 -3.4e+38 -3.4e+38 -3.4e+38 -3.4e+38 -3.4e+38 -3.4e+38 -3.4e+38 -3.4e+38 -3.4e+38 -3.4e+38 36.2797496244483
439.228179129333 433.347656490356 387.267548887829 397.786917031491 381 337.170795661642 297.921323552791 302.247521129581 277.702846781449 298.976426262852 256.03894142388 257.782712595721 206.259417776591 161.57478006077 112.961287385949 59.1434767405414 -3.4e+38 -3.4e+38 -3.4e+38 -3.4e+38 -3.4e+38 -3.4e+38 -3.4e+38 -3.4e+38 -3.4e+38 -3.4e+38 -3.4e+38 -3.4e+38 -3.4e+38 -3.4e+38 -3.4e+38 -3.4e+38 -3.4e+38 -3.4e+38 -3.4e+38 -3.4e+38 -3.4e+38 -3.4e+38 -3.4e+38 -3.4e+38 -3.4e+38 -3.4e+38 -3.4e+38 -3.4e+38 -3.4e+38 -3.4e+38 -3.4e+38 -3.4e+38 -3.4e+38 -3.4e+38 8.05745384141686 78.9657858455208
392.448114420895 407.285538771645 378.168337146564 404.386592628228 361.929287061643 389.911866746572 328.671341221487 262.587895444989 290.855088794425 261.054918397817 234.228788597429 276.685113372203 212.842030577977 176.412475028208 109.647201704542 72.5738482315434 12.9935577926415 18.2809423652747 2.83535964292909 1 -3.4e+38 -3.4e+38 -3.4e+38 -3.4e+38 -3.4e+38 -3.4e+38 -3.4e+38 -3.4e+38 -3.4e+38 -3.4e+38 -3.4e+38 -3.4e+38 -3.4e+38 -3.4e+38 -3.4e+38 -3.4e+38 -3.4e+38 -3.4e+38 -3.4e+38 -3.4e+38 -3.4e+38 -3.4e+38 -3.4e+38 -3.4e+38 -3.4e+38 -3.4e+38 -3.4e+38 -3.4e+38 -3.4e+38 58.0765097633235 78.2669577060853 76.8066957108746
415.646661088219 433.604734717058 370.36043808976 365.235219531574 401.636367223107 412.568138918118 339.860427529772 361.097380154757 319.566296581035 263.440471190725 339.986757774883 279.398960023026 270.71171570988 238.24439963898 156.132643730729 120.856215456832 77.4087018471404 38.5466900446281 40.1179187823762 21.0571947762903 -3.4e+38 -3.4e+38 -3.4e+38 -3.4e+38 -3.4e+38 -3.4e+38 -3.4e+38 -3.4e+38 -3.4e+38 -3.4e+38 -3.4e+38 -3.4e+38 -3.4e+38 -3.4e+38 -3.4e+38 -3.4e+38 -3.4e+38 -3.4e+38 -3.4e+38 -3.4e+38 -3.4e+38 -3.4e+38 -3.4e+38 -3.4e+38 -3.4e+38 -3.4e+38 -3.4e+38 -3.4e+38 -3.4e+38 -3.4e+38 5.32028209662888 103.892470765198
355.513524368298 339 338 374.80821199253 364.660398744665 386.786670209337 313 339.383023618288 302.519210127222 305.487968247501 305 277.682546990432 287.537434708798 225.125543506563 206.293378659072 199.73976338789 156.39999593349 84.1556943861626 59.5620033496298 39.1383339270595 4.58579957936431 -3.4e+38 -3.4e+38 -3.4e+38 -3.4e+38 -3.4e+38 -3.4e+38 -3.4e+38 -3.4e+38 -3.4e+38 -3.4e+38 -3.4e+38 -3.4e+38 -3.4e+38 -3.4e+38 -3.4e+38 -3.4e+38 -3.4e+38 -3.4e+38 -3.4e+38 -3.4e+38 -3.4e+38 -3.4e+38 -3.4e+38 -3.4e+38 -3.4e+38 -3.4e+38 -3.4e+38 -3.4e+38 -3.4e+38 -3.4e+38 -3.4e+38
339.031036291846 339 351.327831369237 373.273109738196 367.486991970543 318.862242432778 330.856410848069 283.745298656893 271.46053302373 272.225168525023 271.712120359741 239.527337127392 252.088664627086 210 198.973329872796 198.552917195423 202.377165305562 142.957587079347 81.0861440321601 62.0337996826151 25.9214044765592 -3.4e+38 -3.4e+38 -3.4e+38 -3.4e+38 -3.4e+38 -3.4e+38 -3.4e+38 -3.4e+38 -3.4e+38 -3.4e+38 -3.4e+38 -3.4e+38 -3.4e+38 -3.4e+38 -3.4e+38 -3.4e+38 -3.4e+38 -3.4e+38 -3.4e+38 -3.4e+38 -3.4e+38 -3.4e+38 -3.4e+38 -3.4e+38 -3.4e+38 -3.4e+38 -3.4e+38 -3.4e+38 -3.4e+38 -3.4e+38 -3.4e+38
381.68628599937 337.909362060107 381.339520215908 364.041696230061 312.744963510477 300.609597356165 272.401382638523 271 281.542129785942 277.167071929881 277.249892314859 273.999937700588 243.336400861268 206.411752514671 185.121715744654 197.010125521062 188.013602034612 136.373910270423 89.3100552980535 63.945829075407 40.9898354838548 40.3789312084273 61.2018216594094 80.8267080817167 77.6259848578684 53.4145558269668 30.1653433777516 17.9376921002569 1 -3.4e+38 -3.4e+38 -3.4e+38 -3.4e+38 -3.4e+38 -3.4e+38 -3.4e+38 -3.4e+38 -3.4e+38 -3.4e+38 -3.4e+38 -3.4e+38 -3.4e+38 -3.4e+38 -3.4e+38 -3.4e+38 -3.4e+38 -3.4e+38 -3.4e+38 -3.4e+38 -3.4e+38 -3.4e+38 -3.4e+38
396.510153743137 385.6550952723 347.442721265155 358.610923734309 275.346744685356 292.467917085965 310.827999224189 271.604217088163 308.627955250369 271.527356688808 244.599341084833 220.724698428157 212.989145802522 182.237047049784 183 150.378679987614 154.037285648655 134.421249163338 102.196199543354 78.8285071672312 56.2436340549469 120.196487155622 133.759801296626 158.917232771567 170.673042067887 145.292036854786 104.918764164431 92.5713684905323 42.9827745429271 24.4030726886835 1 -3.4e+38 -3.4e+38 -3.4e+38 -3.4e+38 -3.4e+38 -3.4e+38 -3.4e+38 -3.4e+38 -3.4e+38 -3.4e+38 -3.4e+38 -3.4e+38 -3.4e+38 -3.4e+38 -3.4e+38 -3.4e+38 27.649139459155 51.0852333062707 -3.4e+38 -3.4e+38 -3.4e+38
371.877947228461 354.844487157296 291.547110360839 281.550515168994 273.596119250138 301.830897864296 309.890762641593 251.806953356345 297.555124191679 242.367301175944 206.071333670756 182.163431575489 194.675418051425 201.885042054871 200 181.912896944758 162.767533916654 127.96926049263 127.075198861918 156.620938459429 148.283889110062 104.107786241343 112.422736566337 131.423368293542 138.655014595045 141.132590221795 153.632131272628 132.382524419731 99.9493318753175 57.0582251156293 35.1291972840343 32.670030114339 18.7307640610952 -3.4e+38 -3.4e+38 -3.4e+38 -3.4e+38 -3.4e+38 -3.4e+38 -3.4e+38 -3.4e+38 -3.4e+38 -3.4e+38 -3.4e+38 -3.4e+38 -3.4e+38 -3.4e+38 -3.4e+38 -3.4e+38 -3.4e+38 -3.4e+38 -3.4e+38
343.442731010918 357.754918784156 317.551671155911 323.571099348521 305.432304100449 302.226234642288 297.766246536075 275.774607708474 247.444040370087 212 188.501701310731 200.169258358232 237.002718830923 213 210.501200334171 199.99202272366 180.749382776209 178.429629734945 162.077723500611 146.549243043272 139.996708218641 129.059984572721 112.530668959387 106.581481973662 117.040054166056 116.664705295326 119.471143297908 118.302022653434 95.3786639052922 80.8654469322399 116.020725708946 120.191031955617 108.234910758644 81.2578932288893 39.121965398412 9 -3.4e+38 1.72060065432415 1 -3.4e+38 -3.4e+38 -3.4e+38 -3.4e+38 -3.4e+38 -3.4e+38 -3.4e+38 -3.4e+38 -3.4e+38 -3.4e+38 -3.4e+38 39.6438269828542 199.421165981468
332.32750888311 312.989314260374 300.690278400376 320.062901814052 305.770003356819 286.782206551262 272.68938903029 256.155476547189 220.993748189709 210.106816911231 202 210.201559636229 219.070179554491 206.749021219867 195.351540243144 201.239370543785 198.764162059749 187 181 175 194.331828499987 181.985455843636 175.143411515943 153.762009757894 144.342002252023 138.728949601407 126.077144019068 127.216586002651 129.943635495227 134.711871667069 98.8478483206016 100.619925043656 100.591737351854 88.3121690331441 79.4056196667498 90.9884779008496 103.370314963682 71.2902022419552 47.8575781203095 41.7030066551133 17.046534066333 1 -3.4e+38 -3.4e+38 -3.4e+38 -3.4e+38 -3.4e+38 53.7764967577995 79.0404195439876 61.0498174688289 153.041861656489 183.711640353955
282.377787579314 289.17167400505 273 296.539003182118 270 273 273 243.828667885523 213.410217291793 217 224.045215354565 230.136947020525 224 236.819762209848 215 219.962764035271 217.261142391194 219.85474353698 218.976590182991 234.505666547721 222.603849494172 245.055663081164 237.913405668318 218.495467210868 206.746230379499 189.781963859811 170.782761079045 153.416338612204 139.411275336887 138.096356059821 144.902339728257 99.1121571325835 125.861784716371 131.729162215442 100.307433771552 120 133.487304407079 133.348797294068 78.2998560626681 52.3924055106656 17.8764458825835 -3.4e+38 -3.4e+38 -3.4e+38 -3.4e+38 -3.4e+38 -3.4e+38 11.7145814286425 49.1569850463093 138.922727417951 178.248463921326 194.242577961428
271 248 253 262.898836371636 256.703683345493 255 274 252.120630186022 216 216 221.648635703925 234.619947108227 239.02064007975 260.066091163393 273.360692175719 270.496628268856 238.248182750508 238.080008632055 247.777661769792 259.226184813408 263.428648816735 258.978737938509 257.759389312048 259.180263610612 226.392526228486 219 213.162168419949 215.995289840497 200 178.926173359876 150.526461149499 123.921223198405 121.92663697413 120 103.372830803146 99.2019859659204 99.0026024327721 99.126409045016 93.5708173665893 67 48.2079211483869 4.07382680036663 -3.4e+38 -3.4e+38 -3.4e+38 -3.4e+38 -3.4e+38 -3.4e+38 5.76122747298334 75.0894657997053 165.961923009439 170
544.754425384389 600.503101511569 304.437264611847 265 277.097461242031 253 269.50769924628 220.3698705057 216 216 218 223 254.945654830945 275.546015066093 305.143793293926 297.817729760036 305 305.330515482449 285.490238697326 302.010120199178 299.838637753826 278.665199188902 299.088943980552 275.383023092522 281.63008548572 280.830568343433 260.797541118879 245.79051448633 241.640928658916 239.454425039799 216.993396375881 180.560638111829 166.82460753952 142.796505740775 122.148944702315 108 100.525125088028 102.447766800508 81.0630552507991 63.0619183902033 34.2689411345677 2.46331167351827 -3.4e+38 -3.4e+38 -3.4e+38 -3.4e+38 -3.4e+38 -3.4e+38 30.0233961848126 112.419520176265 180.243106105055 227.943302356385
421.472472117443 368.476016262455 392.244003304504 563.770392528193 250.559777712329 254.545044555872 251.369627524167 268.093879612008 216 216 222 240.108287709502 239.807070549096 257.425324692699 284.466493497708 305.786298268794 326.722427308976 347.38304574496 319.663046480625 299.39646267709 297.828224170066 318.609051141715 313.893853162199 320.426931899319 298.264935912493 294.133055284097 279.460903694127 264.468110764684 236.843765870549 239.251745057843 250.896321611762 199.092477693413 182.898750523155 166.164666459314 152.084958456788 145.860541195223 142.473083468333 97.8297707507802 78.7751205954692 49.4592146605526 22.7453217482147 5.17891938958142 -3.4e+38 -3.4e+38 5.46372049481631 -3.4e+38 -3.4e+38 -3.4e+38 19.9701117765057 54.0674596940184 138.711500255275 178.982661087263
575.102536101662 528.426046932438 580.78932418411 322.644737009367 313.684679557826 257.105876760783 253.869426420447 274 245.526438691478 218.545036451982 222 222 234 273.557886345208 306.709846691091 328.261256711632 360.77432035895 362.284141255024 368.209707902317 377.808284805475 368 388.162882282537 414.401744578026 390.594839349678 346.98709902795 323.256720510316 316.183211783947 279.452418950728 259.559449850535 257.597304378802 255.015201069714 240.13810276422 206.400764864274 178.849093532641 180 166.924274181348 161.210058695042 124.189303826231 80.3894644789917 56.0246382171364 41.3236772395751 39.2339590456407 11.8313689176377 -3.4e+38 -3.4e+38 -3.4e+38 -3.4e+38 -3.4e+38 -3.4e+38 30.3580909005858 125.330332753268 206.532043609669
514.776626327103 480.773374415152 586.087137611817 649.202512596076 700.358180852959 301.813284082204 252.088750376258 252.604030551881 261.401338124972 243.247863719884 224.934360149987 219 219.74181962162 244.148398298483 281.183919951057 302.370481858892 353.301932834932 369.396961411811 339.106728752793 359.977153972441 393.747967788221 416.580062311159 400.042613567062 398.898713020568 380.437587903083 356.07748791808 329.600039932079 354.86451311365 345.488822423138 305.312484050652 299.043479915739 264.318183304464 219.92627689813 165.198148814149 159.05617735008 156.82713050787 163.176116404409 114.480015317875 76.9268177835267 63.3502101619004 63.3425187798151 59 50.5414463474738 35.8094968059804 5.5448308026141 -3.4e+38 -3.4e+38 -3.4e+38 17.4538669365597 66.011752783912 160.968890198094 182.772181030435
523.076413439946 516.804777557541 511.926884213829 555.483043303529 480.395688342047 312.628730360488 259 261.447294025168 247 273.746365569755 255.191728574983 236.998438828609 220 242.178552029317 279.103291236111 338.055257509015 343.760497774882 394.644061659586 384.344007724971 390.551179078075 400.294055799162 408.119330348642 393.054447580575 395.465482580836 389.35952874081 382.93098702335 368.89281077182 346.607431239675 353.636549596992 290.772790324131 262.359680151862 248.999157372091 233.820910115986 190.572925214756 163.95498777477 166.674743427245 140.177085628069 84.1697010822132 87.3605293898444 89.9018726056879 95.0430258767781 111.021041325814 63.4385657224144 42.0197472175268 14.8475873171946 5.95204160989297 -3.4e+38 6 24.8377307516655 93.2533249059147 213.901476502235 232.842515194028
548.675727548189 515.945809347717 510.385998104957 558.664222252557 632.708338624034 570.990441209055 671.5642203156 300.751898012512 250.787259425524 250.522444847274 272.972574747035 254.028172366767 216 230.066576667913 288.68696264854 322.996293681861 372.780117904418 370.332963525121 398.002146292313 362.473697686918 401.004115756232 441.910511497876 397.972702600148 398.21860203858 399 398.175169987768 382.73672793442 362.133316514468 362.774710980773 355.679839332008 335.400768901901 299.328335355831 274.607307388174 236.288529933294 185.661209701217 152.963612987471 126.576426758223 100.201783342367 111.995607508743 159.503574627562 160.562715087722 94.706629974409 62.3673705237848 31.4894971034415 71.3540297773337 117.577539034623 59.1562112551346 71.4113876200079 151.252219657109 201.525903941844 245.51884920273 246.580678948369
652.042667230745 608.361033176221 562.324610111025 461.12620898536 525.714340007547 583.036591421996 542.37723821455 313.930951227191 256.122209101851 247 263.841935191692 243.333841416697 224.652876433364 270.605940947555 280.609702531406 301.901276938923 342.10684665707 334.029533205893 349 386.305977666617 395.159181593838 377.933111937685 389.788688935878 399.388189615308 448.485156842506 410.186797591648 399.611027994656 365.780577650237 280.625541131779 283.14149950305 333.591881588249 334.050471023882 315.488940673619 286.867840277976 219.271059748198 171.5897746433 127.390009744752 90.5543471617489 167.049812390729 159.504620533198 133.601627035598 84.2610246211436 96.450830859571 182.606290997368 222.458068474644 264.61562713026 253.706791013825 252.158235426755 269.244915206427 246.929145196708 245.5345787621 250.905540060001
