Prepped_data/Covariate_Data/DEM/DEM_0.5.asc
NCOLS 166 
NROWS 101 
XLLCORNER -155 
YLLCORNER 22.5 
CELLSIZE 0.5 
NODATA_value -3.4e+38 
[rows 0 to 22 of 101, columns 52 to 103 of 166]
-3.4e+38 -3.4e+38 -3.4e+38 -3.4e+38 -3.4e+38 -3.4e+38 -3.4e+38 -3.4e+38 27.5043989019264 49.4355230210753 81.9381487686967 125.446170386008 97.1809018726608 122.030032611575 86.0074721435236 99.5011799527592 96.1096850889214 107.235762569893 91.2710229789634 114.530537704209 47.8365867557467 -3.4e+38 -3.4e+38 184.261615901087 120.804765579007 241.832304175485 192.133452744348 198.448558239192 182.224413448776 -3.4e+38 -3.4e+38 55.9567845341155 146.361918437656 205.053748320689 61.8274032123563 -3.4e+38 -3.4e+38 -3.4e+38 150.591506360454 15.9847319425393 -3.4e+38 -3.4e+38 185.046972224637 208.580893760808 180.084193182661 129.565948255273 54.9694190186225 -3.4e+38 -3.4e+38 -3.4e+38 -3.4e+38 -3.4e+38
-3.4e+38 -3.4e+38 -3.4e+38 -3.4e+38 -3.4e+38 -3.4e+38 -3.4e+38 37.3866663376848 77.3939202099439 144.145514573945 129.090872537866 118.129363543612 178.665176010432 124.154432401184 163.57665902335 197.347228991747 259.796191955899 19.6142005576162 109.870749062784 -3.4e+38 -3.4e+38 -3.4e+38 32.5988281185272 177.365123809392 128.099770172287 203.62096938842 126.436172394498 148.022852045444 143.635366027061 121.080759360389 173.820051056856 218.442344301179 189.215533327109 186.330371501459 241.903090985406 334.841932282426 380.275199424971 361.672838465989 232.475577365208 300.396376632522 26.4639892594244 -3.4e+38 2.33730319425732 127.050902026945 133.734557096539 107.372038404125 90.1682807590417 36.6330754531618 -3.4e+38 -3.4e+38 -3.4e+38 -3.4e+38
-3.4e+38 -3.4e+38 -3.4e+38 -3.4e+38 -3.4e+38 -3.4e+38 -3.4e+38 -3.4e+38 -3.4e+38 11 187.737170241463 246.272382003632 312.877488713395 340.976127266273 280.219096307007 241.429170214401 350.566041113711 -3.4e+38 -3.4e+38 -3.4e+38 117.029057414838 106.749938725091 149.495951832567 270.803145118633 222.533115754495 310.74564140075 194 224.853966738138 217.474044654487 334.316517379613 275.257052589401 303.545194598185 479.958970225275 384.496611320821 438.602764589879 430.414375150708 336.79491869249 350.096197216628 329.996680793856 149.72614090964 95.3471494269899 23.0378851409543 -3.4e+38 89.1444825474906 92.0801931343428 102.628657233816 94.8764039260871 87.313756364546 31.8028359422096 -3.4e+38 -3.4e+38 -3.4e+38
-3.4e+38 -3.4e+38 -3.4e+38 -3.4e+38 -3.4e+38 -3.4e+38 -3.4e+38 -3.4e+38 -3.4e+38 -3.4e+38 -3.4e+38 453.340183319902 291.51930961115 44.8650321838402 -3.4e+38 -3.4e+38 -3.4e+38 -3.4e+38 -3.4e+38 -3.4e+38 -3.4e+38 -3.4e+38 -3.4e+38 -3.4e+38 127.208894091112 368.233534623498 290.425540686637 483.73013524341 332.763426743841 167.851891410348 179.570315181986 181.027618854646 273.10864439524 278.677288242235 352.61662724405 311.95649174397 318.551108454606 279.149057235167 245.013329690115 166.150607811342 80.828446457383 84.9076590888482 169.412686635092 121.892429238509 87.9009853944899 92.3624966480755 87.7393489854755 67.8763317192761 33.6540606421636 -3.4e+38 -3.4e+38 -3.4e+38
-3.4e+38 -3.4e+38 -3.4e+38 -3.4e+38 -3.4e+38 -3.4e+38 -3.4e+38 -3.4e+38 -3.4e+38 -3.4e+38 -3.4e+38 -3.4e+38 -3.4e+38 -3.4e+38 -3.4e+38 -3.4e+38 -3.4e+38 -3.4e+38 -3.4e+38 -3.4e+38 -3.4e+38 -3.4e+38 29.4091484171519 201.165838201867 286.553264951921 262.628116321496 323.369454805753 262.483574986743 208.278014354931 155.369656135054 107.377242996922 94.2626513460965 191.049612806797 196.132775141628 185.171685397204 193.742132101428 213.197648066326 231.616198886668 158.869230498706 157.718807999399 117.233849790643 100 122 147.21183629607 142.223589060847 111.070769857545 116.52510055522 117.797494438974 81.8360494290447 50.3060736277114 -3.4e+38 -3.4e+38
-3.4e+38 -3.4e+38 33 65.9584720040869 -3.4e+38 -3.4e+38 -3.4e+38 -3.4e+38 -3.4e+38 -3.4e+38 -3.4e+38 -3.4e+38 -3.4e+38 -3.4e+38 -3.4e+38 -3.4e+38 -3.4e+38 -3.4e+38 -3.4e+38 -3.4e+38 -3.4e+38 -3.4e+38 -3.4e+38 -3.4e+38 -3.4e+38 -3.4e+38 -3.4e+38 52.3334689779779 194.404523527578 198.616923913016 47.0921428688461 28.8269891953329 -3.4e+38 9.02868127319507 25.7150521875152 25.6656666056072 52.837705029911 87.234143496211 120.843281643785 144.078868104734 147.157330634098 173.305155767768 181.654555459498 148.78402640199 180.255502036591 117.276335743881 148.389937647755 157.806449427485 125.318432287098 79.5662199855421 64.079379395404 40.1741468814925
24.3593529789029 26.9179962067257 47.7445922594322 101.7569807532 136.695117138813 -3.4e+38 -3.4e+38 -3.4e+38 33.995721294686 -3.4e+38 -3.4e+38 -3.4e+38 40.6855381637596 104.607490324368 90.1239134616933 -3.4e+38 -3.4e+38 -3.4e+38 -3.4e+38 -3.4e+38 -3.4e+38 -3.4e+38 -3.4e+38 -3.4e+38 112.586726668953 200.039649308018 211.446701082235 252.398129129957 277.837158679522 345.431007259468 302.686574278699 349.164913690082 219.847478636485 291.165563872985 239.903008784865 202.724038246707 123.255773784819 145.072826091077 124.558589211039 69.3782729498206 60.2995198122029 58.2772677374034 57.5501334871898 45.86679627065 93.531920117632 112.308481144358 149.112201981608 76.4892280890395 74.7226257978404 56.3920321315979 58.6838650581584 7.95785168263695
159.593134808428 14.2404826183663 238.317546813809 317.468785382777 122.474738786614 266.133208932936 300.783311233762 151.250496674117 93.3522566741942 138.746479053126 89.2781922799926 225.743697636109 430.91097241699 468.5588855928 675.895332869092 689.82120448809 551.132456067772 346.643317320933 276.213720661572 43.91265320556 -3.4e+38 -3.4e+38 -3.4e+38 -3.4e+38 -3.4e+38 -3.4e+38 -3.4e+38 1 -3.4e+38 -3.4e+38 8.27938478446315 78.1678244306969 116.12080092576 142.888229233121 145.112869247213 121.088839618836 113.034131706004 158.068007896149 121.068614505492 151.926830195712 157.048063882327 105.633332450319 98.8904085934801 66.71638465402 -3.4e+38 12.9217249681592 38 67.0578777325296 18.1831335019179 57.3925458627061 60.8868014445147 21.3934773118687
242.323015798564 183.722526391111 243.137821524554 233.571812670926 240.571714984219 244.037188225361 238.516948146256 173.179213601934 271.106818579011 289.989572666615 401.322548599428 428.258192366962 475.741918944366 526.967077914778 692.968949931298 646.934619576443 530.345728296664 686.910197904723 574.99379848435 555.001377884013 344.891494258433 195.561960836364 174.379278068374 140.213326884146 60.5972936919537 50.8130584480258 21.3828741218036 76.4865389834396 2.09720915227296 -3.4e+38 -3.4e+38 78.0332069516598 124.933905553241 131.7048111075 138.680805343105 153.129262168156 139.433628215466 125.512275554101 93.2379148253199 95.1173869495797 -3.4e+38 -3.4e+38 -3.4e+38 -3.4e+38 90.0709117004593 142.468834550208 92.0462261342342 -3.4e+38 -3.4e+38 -3.4e+38 -3.4e+38 -3.4e+38
91.5635263353558 140.375718952188 160.72973469883 196.602893219998 269.740550015551 260.123453841062 248.282421586304 233.232791892818 297.376555194101 351.001819010376 420.862172551888 478.30928969718 499.82529528585 546.188276886763 417.120307855918 501.807307524503 653.929200330672 688.270717818679 558 634.296942596389 324.558227214213 275.69590894432 241.433992563121 251.428383056302 228.277049673996 239.386051867185 168.34170635539 81.411660038966 30.760432395114 9.08250095056381 -3.4e+38 -3.4e+38 -3.4e+38 -3.4e+38 24.777134292295 -3.4e+38 -3.4e+38 -3.4e+38 -3.4e+38 -3.4e+38 28.0290079464694 23.6573023007567 -3.4e+38 -3.4e+38 -3.4e+38 75.9853772706193 145.572557349257 24.7880395199309 1 -3.4e+38 -3.4e+38 -3.4e+38
174.01074406861 202.284810056166 317.628047709091 319.123286192043 269.40038975328 263.03445291321 221.604375979251 226.586296454621 245.725394695675 259 335.529381028489 361.101407756683 417.417517137494 401.071583445192 380.692737103961 478.430575203599 468.390642612327 510.960236532265 395.204705046759 400.792014253751 335.847362176533 390.213162575929 396.116903984734 224.274994719637 99.4935123326067 39.9400151186989 9.66912445674676 34.2586464278094 69.8509403576219 -3.4e+38 -3.4e+38 -3.4e+38 -3.4e+38 -3.4e+38 60.8665509588429 104.3125217398 158.021950147635 144.348396872899 128.684716725609 -3.4e+38 -3.4e+38 -3.4e+38 80.1216011963811 98.9352084660762 102.710446790099 97.4923578992619 100.253904760967 54.546936747086 41.635923344189 25.6474812155582 52.6441052662128 34.346138553399
250.073534685214 289.510672084851 342.198844068144 289.52141967269 307.770145956463 347.773748599468 247 385.597189895943 270.677815503975 260.33265450262 274.663366587611 322.345522756833 374.227630605178 450.076254829632 541.916479954492 438.189435795769 318.609829141134 317.966907183008 353.184773488732 335.502333971338 333.3426840494 273.230583047637 277.995035101993 410.779947780799 418.25659727546 332.868041210071 439.977907519666 274.549526161699 463.184056600319 417.215353067958 442.13700086591 384.365833264162 391.496132348682 349.146592428477 392.972980142921 345.54356002341 298.957263970352 350 315.021142269114 293.564155303278 98.2753077293223 35.8499838665033 -3.4e+38 152.460572467835 200.813779360773 182.987662002062 174.768995500711 168.161558528654 143.378760142234 135.981339733648 117.147059045279 97.7469920755783
168.8256451809 166.538051983454 223.269290478 253.528344253772 294.036603597508 261.189603030831 379.159589005385 298 286.374741868344 300.195324230896 326.317141591609 394.739832742807 585.777868999771 571.141459910463 302.548909590819 156 156 156 156.13432268114 262.68275411499 407.305279269582 457.705237963058 427.88728381658 443.702030428265 453.03101278892 387.705531406643 404.909560239128 508.855047483896 537.553221224279 486.027873384547 508.654208096632 436.440186355624 529.814842587906 531.236198064357 504.341756955108 420.129524000292 489.069327308696 449.590314745008 442.005658203001 364.233423379719 225.710694811868 358.665957711982 -3.4e+38 197.35399655706 235.369290492483 247.347916209764 248.399368738495 255.400053031807 224.110023015627 198.339380142977 190.645294710971 171.443715786069
91.2745823375269 148.539064823468 280.448438549658 77.1494592233052 231.688448501269 246.661101310861 273.222782090533 294.944482996573 157 157 157 157 157.341077414827 157 156 156 156 156 155 155 155 155 189.341448367035 303.168397673444 368.358557261163 421.228476393971 423.308218327931 492.280946281567 485.810296923792 422.868112717599 421.08502348794 379 437.362943550605 578.297676749123 589.235660743095 463.7056817487 465.26070642265 376.25078010125 445.182628633984 461.687197084168 430.64311828799 468.842651677868 357.378253318674 144.915494221016 320.621009205337 298.439959388807 319.824699835925 257.880210891231 242.828952785901 236.78691228671 239.065169735883 218.521848471461
55.7463819538291 104.89724060353 184.685281170686 292.12576769038 177.071771392 484.243855453493 410.290808193253 391.753143569302 256.793379793138 300.428265608554 219.118123045843 270.183206583312 458.586713524092 319.638140164573 155 155 155 155 157.543403481202 181.40094599854 158 267.815740373376 206.878973260675 297.361365821504 368.837248821291 364.307217209679 427.392656207754 453.736688871245 447.827899677856 399.0148885149 396.730592496995 512.245368193113 516.047736798819 497.959637708966 480.596622565405 472.942674010774 456.547433144298 482.038727164461 515.908284345882 469.687359726076 366.649864751481 436.112148301169 368.897261824308 300.80708633166 280.369940195213 292.115122714224 253.767629915005 279.495916806985 292.5271536052 262.010756890759 238.412597501098 239.163049367697
809.518458820199 300.282487215533 303.193757037017 127.228519372348 47.5801294488546 714.908827628388 379.738864274724 112.323309934153 257.809546359359 281.407767067005 196.685185375119 297.285437652282 152 152 155 509.207649217551 331.597491360793 155 189.129226522324 243.046001186805 183.189556312828 190.054839777016 243.373824738607 328.092154125227 356.087448911332 347.75094631475 404.920797561632 429.98386586711 450.449681769494 427.342991491634 389.514513130314 399.514614429674 430.087883540677 419.92816142541 428.184524384767 508.650871442637 488.942372763336 484.296141440178 448.483433102 474.17752670504 441.427171047504 393.732682778104 355.024826706227 334.029506627689 325.090194013095 246.751204597443 304.999470458132 297.611187688678 262.082125693635 248.772221444542 184.962583932645 233.170750182146
1763.93884995394 1057.11822706911 1077.03046535898 879.911354070445 410.616916584638 189.210657540311 256.878223479922 156.237566655553 122.905172060462 322.046160266735 263.622035234166 236.277500559812 252.370915819289 271.815047948714 219.98384821548 173.495851989652 329.629237755603 387.118100128077 555.142033248289 621.649887001666 401.771821045119 183.217819200801 200 249.715760029295 299 328.992312271764 348.324827903017 418.942690275277 422.398093812189 446.202848183918 433.013274981444 418.265322874468 418.63957991978 414.070919346442 453.671407995494 473.811459313556 449.189042217208 432.029397978958 447.178032189001 429.622844765844 402.882790806651 365.679554597951 354.281831292455 400.140401546241 386.092388549804 329.716097906191 333.590707917209 341.634438296134 235.691056166315 243.48284327307 319.4719045321 250.582450122462
1663.82264453088 938.728193531538 1079.09809168806 861.381141277437 1010.20383987346 724.695798203452 570.914789911037 202.012489335662 147.720030256399 544.732115159281 649.448206864357 396.510329069115 305.470192501491 342.467983933463 231.982824183157 261.81145893646 327.234834984048 399.166549667551 442.738612354315 375.44705634042 361.801298663758 406.078813635354 315.615159235435 216.669788389794 267.405427177915 298.515932485234 300.575515591738 264.936062718221 324.979776345526 390.963113575061 389.520395526618 410.972757579137 408.126681098954 458.415497058841 459.300079164072 440.209863288757 479.627394157406 449.177358167745 429.390081910355 400.31451435773 411.159451620784 397.921973071646 389.163689847107 391.445542051572 365.26051155967 377.356131559614 371.913651860673 311.08286372978 312.498333438883 264.352968381477 159.319032713801 187.803945942169
1115.42754190427 1638.95605847289 1429.50816916909 1203.41871545088 1224.01132878825 702.42871687022 826.767085517353 678.640614154549 371.854813389317 454.901139589391 460.429960993739 677.252646767608 261.020500165395 317.354169462001 323.995480928181 474.945104157253 287.884525106688 303.69103470868 383.110863916918 588.995717708257 502.8174943476 302.568407342873 297.21840067613 243.400260160906 219.117639981277 233.096102525795 251.083326474643 320.468158646668 352.105968129972 376.480734947648 352.240341467991 377.299049092316 397.093224276165 454.197245315148 413.454712662979 417.207909648611 415.014844318972 416 409.858960368802 417.605926859306 411.824591599998 403.10513400497 410.280593967173 373.576586545568 382.215131589553 377.188758440897 358.604557485643 335.723186787545 289.834579586077 260.387223026589 308.706685754016 354.975886583447
1556.8988107822 1362.44069016391 1920.16942866314 1870.80047824859 1282.06085365748 1174.00572099488 1169.03529695067 1021.24484919391 615.245198129942 606.410063733241 207.191328451326 541.248232982232 439.010373213478 366.902235133883 311.917359159856 319.607914786126 360.001674821106 422.243226511209 312.288565721611 277.192255152593 275.866492543869 277.751875818631 256 272.112429877786 181.884569221616 184.91373301007 195.512828047364 252.633774085584 293.112898494319 312.332826362553 328.974105354048 351.590478439439 402.383360870413 420.444560643396 431.231939808502 417.808173084137 388.699338212805 417.912251226489 423.956175862717 378.152455822119 371.062934916789 400.727033049663 353.555952306492 379.302036868722 376.411964413951 367.270930149673 354.548522717032 341.878519163688 226.08903495475 315.444024409057 338.647145092888 303.650068468891
1032.69993121276 1719.00542788126 1716.8075530162 1979.85640738142 950.030888094244 1545.02803598301 1440.56386838242 1157.86531337698 1098.42323987166 614.774230482472 679.923867269882 164.450546706576 291.32090760435 571.455486142514 230.120127580672 229.140337243989 206.312212376222 201.491986262287 245.46292361529 245.330207150445 267.978044002405 280 291.090421194392 298.688482951701 255.636250925265 222.185257824871 162.136073800227 182.113968456123 238.507396218083 216.638639109502 270.465882420514 269 324.560243667358 344.079027056204 387.773738971012 156 187.578859928408 156 327.471731633256 166 335.094747256364 419.333233170636 421.205398134345 400.650522973568 356 371.346386635986 398.775252792568 341.078597142088 278.408107983527 333.281833020778 419.78323405171 313.318088294244
1453.71230248981 1806.96413171822 1579.0717560926 1991.40858577445 1740.26713542035 1590.94328727841 1600.69172535359 1332.10954031904 767.604821766515 734.528635519956 684.841415159708 173.155915645277 200.921252220974 248.275394167604 220.647709409211 300.78801740685 463.914326051954 742.089089127083 721.264322194395 705.301842042351 668.581331600845 333.817040191401 200.668069386234 237.861810093542 226.857711353636 231.315095580854 223.307148087948 163 163 163 181.142028324071 197.880366632192 212.231483405558 246.332147481901 167.769415991065 160.210210975955 230.163425435441 342.110974158489 365.982639827698 382.570950751894 388.459415763046 422.708793958207 363.950951719208 401.242213014642 394.808075292426 392.017123648824 360.418981589961 354.743663357901 353.430073582303 307.963689274359 317.626974517711 303
1029.23592501924 1049.84162478761 1082.17115763941 1671.90913784485 789.947645281428 1209.45012392984 870.580306559023 1441.80237093876 1381.96423405769 686.630994568609 475.713511406341 957.854809064842 331.958686627429 588.429272479301 175.536287350266 151.918649163629 153.678567943298 224.392008008925 223.628915319311 250.263434687892 244.961114964337 199.342854286006 174.174321457627 199.114210375071 226.803783442429 226.126310426741 205.431769249388 156 156 156 160 160 160.698669597653 162.645671587191 241.883004453807 279.146933832567 333.115717150047 368.687609172468 331.419579908174 343.864882965029 374.32525191504 407.572045616364 394.435296075802 388.869254945382 399.438405729089 429.056554695721 414.129553847169 411.2083527373 396.709329299375 408.869096067899 393.220211623363 319.854539094954
