Prepped_data/Covariate_Data/DEM/DEM_0.5.asc
NCOLS 166 
NROWS 101 
XLLCORNER -155 
YLLCORNER 22.5 
CELLSIZE 0.5 
NODATA_value -3.4e+38 
[rows 0 to 22 of 101, columns 0 to 51 of 166]
-340000000000000033902778449003393581056.000000000000000 -3.4e+38 -3.4e+38 -3.4e+38 -3.4e+38 -3.4e+38 -3.4e+38 -3.4e+38 -3.4e+38 -3.4e+38 -3.4e+38 -3.4e+38 -3.4e+38 -3.4e+38 -3.4e+38 -3.4e+38 -3.4e+38 -3.4e+38 -3.4e+38 -3.4e+38 -3.4e+38 -3.4e+38 -3.4e+38 -3.4e+38 -3.4e+38 -3.4e+38 -3.4e+38 -3.4e+38 -3.4e+38 -3.4e+38 -3.4e+38 -3.4e+38 -3.4e+38 -3.4e+38 -3.4e+38 -3.4e+38 -3.4e+38 -3.4e+38 -3.4e+38 -3.4e+38 -3.4e+38 -3.4e+38 -3.4e+38 -3.4e+38 -3.4e+38 -3.4e+38 -3.4e+38 -3.4e+38 -3.4e+38 -3.4e+38 -3.4e+38 -3.4e+38
-3.4e+38 -3.4e+38 -3.4e+38 -3.4e+38 -3.4e+38 -3.4e+38 -3.4e+38 -3.4e+38 -3.4e+38 -3.4e+38 -3.4e+38 -3.4e+38 -3.4e+38 -3.4e+38 -3.4e+38 -3.4e+38 -3.4e+38 -3.4e+38 -3.4e+38 -3.4e+38 -3.4e+38 -3.4e+38 -3.4e+38 -3.4e+38 -3.4e+38 -3.4e+38 -3.4e+38 -3.4e+38 -3.4e+38 -3.4e+38 -3.4e+38 -3.4e+38 -3.4e+38 -3.4e+38 -3.4e+38 -3.4e+38 -3.4e+38 -3.4e+38 -3.4e+38 -3.4e+38 -3.4e+38 -3.4e+38 -3.4e+38 -3.4e+38 -3.4e+38 -3.4e+38 -3.4e+38 -3.4e+38 -3.4e+38 -3.4e+38 -3.4e+38 -3.4e+38
-3.4e+38 -3.4e+38 -3.4e+38 -3.4e+38 -3.4e+38 -3.4e+38 -3.4e+38 -3.4e+38 -3.4e+38 -3.4e+38 -3.4e+38 -3.4e+38 -3.4e+38 -3.4e+38 -3.4e+38 -3.4e+38 -3.4e+38 -3.4e+38 -3.4e+38 -3.4e+38 -3.4e+38 -3.4e+38 -3.4e+38 -3.4e+38 -3.4e+38 -3.4e+38 -3.4e+38 -3.4e+38 -3.4e+38 -3.4e+38 -3.4e+38 -3.4e+38 -3.4e+38 -3.4e+38 -3.4e+38 -3.4e+38 -3.4e+38 -3.4e+38 -3.4e+38 -3.4e+38 -3.4e+38 -3.4e+38 -3.4e+38 -3.4e+38 -3.4e+38 -3.4e+38 -3.4e+38 -3.4e+38 -3.4e+38 -3.4e+38 -3.4e+38 -3.4e+38
-3.4e+38 -3.4e+38 -3.4e+38 -3.4e+38 -3.4e+38 -3.4e+38 -3.4e+38 -3.4e+38 -3.4e+38 -3.4e+38 -3.4e+38 -3.4e+38 -3.4e+38 -3.4e+38 -3.4e+38 -3.4e+38 -3.4e+38 -3.4e+38 -3.4e+38 -3.4e+38 -3.4e+38 -3.4e+38 -3.4e+38 -3.4e+38 -3.4e+38 -3.4e+38 -3.4e+38 -3.4e+38 -3.4e+38 -3.4e+38 -3.4e+38 -3.4e+38 -3.4e+38 -3.4e+38 -3.4e+38 -3.4e+38 -3.4e+38 -3.4e+38 -3.4e+38 -3.4e+38 -3.4e+38 -3.4e+38 -3.4e+38 -3.4e+38 -3.4e+38 -3.4e+38 -3.4e+38 -3.4e+38 -3.4e+38 -3.4e+38 -3.4e+38 -3.4e+38
1.01053567586976 1 2.58612985633968 6.86330594129054 1.32311854923588 -3.4e+38 -3.4e+38 -3.4e+38 -3.4e+38 -3.4e+38 -3.4e+38 -3.4e+38 -3.4e+38 -3.4e+38 -3.4e+38 -3.4e+38 -3.4e+38 -3.4e+38 -3.4e+38 -3.4e+38 -3.4e+38 -3.4e+38 -3.4e+38 -3.4e+38 -3.4e+38 -3.4e+38 -3.4e+38 -3.4e+38 -3.4e+38 -3.4e+38 -3.4e+38 -3.4e+38 -3.4e+38 -3.4e+38 -3.4e+38 -3.4e+38 -3.4e+38 -3.4e+38 -3.4e+38 -3.4e+38 -3.4e+38 -3.4e+38 -3.4e+38 -3.4e+38 -3.4e+38 -3.4e+38 -3.4e+38 -3.4e+38 -3.4e+38 -3.4e+38 -3.4e+38 -3.4e+38
48.8964519001791 52.8605589808374 43.1770110255947 47.0323954744197 54.4974931701819 15.6615244166303 17.7027884990223 15.9252740915196 7.86324597325191 37.84252005383 33.420874071654 16.4859150878858 14.922233410099 5.95106164726545 -3.4e+38 -3.4e+38 -3.4e+38 -3.4e+38 -3.4e+38 -3.4e+38 -3.4e+38 -3.4e+38 -3.4e+38 -3.4e+38 -3.4e+38 -3.4e+38 -3.4e+38 -3.4e+38 -3.4e+38 -3.4e+38 -3.4e+38 -3.4e+38 -3.4e+38 -3.4e+38 -3.4e+38 -3.4e+38 -3.4e+38 -3.4e+38 -3.4e+38 -3.4e+38 -3.4e+38 -3.4e+38 -3.4e+38 -3.4e+38 -3.4e+38 -3.4e+38 -3.4e+38 -3.4e+38 -3.4e+38 -3.4e+38 -3.4e+38 -3.4e+38
69.5068707002284 61.0265432752257 77.7745028526888 90.4792140384608 89.26269568371 65.0197590067051 63.942265228854 38.4781201198074 102.355993571899 149.803236466196 91.7437892193201 90.0841137333591 99.8277435249402 113.587625716859 121.875062877728 115.084111132145 184.981753966493 248.994588668842 222.849884571335 274.505254589216 307.564101104732 192.634951116718 153.343328685936 137.023046764909 129.515991072277 32.0943263811171 5.50524799270183 -3.4e+38 -3.4e+38 -3.4e+38 -3.4e+38 -3.4e+38 -3.4e+38 -3.4e+38 -3.4e+38 -3.4e+38 -3.4e+38 -3.4e+38 -3.4e+38 -3.4e+38 -3.4e+38 -3.4e+38 -3.4e+38 -3.4e+38 -3.4e+38 -3.4e+38 6.85245053799869 21.2511834022624 21.4895820648246 -3.4e+38 31.4178806984806 9.61120488475566
151.980405694079 182.69869787151 142.216363345372 209.387103085418 110.384012477073 198.005409800909 185 173.662711091945 174.935360358925 179.540685245796 269.348193892158 273.652709303048 261.078220850518 336.91187973945 474.203928074732 440.149232965677 828.739786827059 1117.516421465 974.724497761752 1477.06356447923 1291.06047578462 1897.12800105844 1771.22173476583 1684.43139472114 1362.1713409701 1583.51911111854 468.02196493059 1185.46160734003 765.789796758867 616.165792564472 269.032384198881 238.319034108111 56.9851775940974 -3.4e+38 -3.4e+38 -3.4e+38 -3.4e+38 -3.4e+38 1 1 23.5670210005359 28.4988665758859 28.0745841122504 26.3567718123901 6.9795172929616 4.71823530773785 13.7103854348723 24.3529121015839 47.5785497471024 30.0002814387222 58.4304162670538 201.052852475866
428.947386185764 344.363253580033 485.301498340736 424.041819412974 555.955110864569 509.544389329613 492.109696342309 450.755399510716 509.672359082115 599.560213681395 781.91911917508 980.688464600647 518.55112340645 889.086201152636 1179.81583839286 1344.36248941902 1209.12183895708 1222.63433013612 1344.27818871893 1220.86400694874 824.335471517034 1473.00707350907 1123.60938875062 1264.15434892443 1278.16013978975 1053.81050178034 1009.3677587811 884.515131821041 479.966430803506 494.398209802868 862.444657543943 515.746766409393 206.870074347241 422.109703563009 163.588482077853 97.018839613226 106.323423157739 59.3620466201498 5.31046482621019 7.39265378133822 10 18.2102283075459 62.5436528884107 13.5363469603581 65.5374392698453 56.7514612187257 97.1009117987789 86.1574559437727 100.83701785099 165.234368223649 200.76699855355 212.869819975303
1832.22502409701 1399.24798023397 1281.97686814952 1034.9219192049 1218.38084660151 1344.53924238399 1191.74227980679 962.83699353939 1635.10411318902 1543.10193977634 1849.80427523545 1625.04340626495 1194.32195797265 1407.55610333109 1665.07069573866 814.071722925304 1351.35591588106 1263.22985373908 999.184143359423 771.831842259843 881.283126993643 972.149160229406 711.300722012024 590.044926643277 820.289597561451 533.936850336876 573.54229054159 456.457800900359 369.330503537317 297.948567867329 284.62942069052 334.829743169038 382.30440351007 453.928065645819 613.043265738809 792.608520584653 440.763125369739 325.312775545951 236.618244487122 14.4380717854566 15 15 19.1724441804339 26.1384318699622 214.346692446092 273.787937756413 257.024125946332 213.103076782662 118.939908452291 251.061222853344 168.837794466971 68.8235135225189
1131.09507855544 1050.1544555726 991.915519016931 896.327147440415 1090.02616089908 744.049180785682 1183.09121410401 1130.54202712894 1204.19401572008 1244.65415089178 567.17231040718 1502.67204714097 1554.12583032788 798.697488811012 622.747808486192 730.34509579081 934.768969619733 629.3024689255 654.945852495383 940.714462686433 908.56946526337 696.231525644289 373.063223422854 637.625343796215 544.910547301964 348.781532497953 599.867753407672 587.147600521707 762.033033122054 373.51832106895 456.572947400958 298.325709338748 314.176907903645 360.847857045238 525.385580383964 1016.60922650996 811.514106014033 618.7928127139 530.842648277654 5.84080496515231 6 6 66.5779623994663 124.814421639829 259.790051250087 235.464727272153 155.929833051013 266.840806425008 212.453778114451 265.282833134392 174.889491876864 200.657278527208
1092.41178148731 1137.35483819932 506.34600072525 326.214240188442 375.138951954369 994.420382480278 656.638617151374 932.616176091745 305.168920062345 308.927772362686 733.823882786367 651.973870060373 462.09933419924 619.837047744214 626.361869061437 730.006106900862 623.853911448557 556.431504510625 348.325651884162 249.938397921052 283.871469581953 229.004683098491 270.807831728091 321.969811855154 320.112105219556 350.762202503573 354.583880138781 344.364066880192 444.65114935566 451.466461776263 445.453729743078 475.801481145396 581.164210608403 464.189438261978 306.365377817793 284.045376874061 440.048846306712 1047.72396339415 523.247694957627 358.22979844487 34.0802118155166 68.1067684944068 58.6463440548157 90.958186475858 57.196722733746 91.2879214506017 185.186495778671 301.937021713874 220.899949000328 62.7666483888244 325.754907416765 314.382248273916
387.846248928172 230.357800204759 301.618723669018 345.595223326256 357.872188340752 261.533503768814 156.99433414269 279.603563265354 484.657779553577 487.648016561382 931.219568031143 716.504764424201 299.892529352321 256.200368515895 240.652974482601 209.582788289614 189.893346439326 131.54021940325 125.170170019817 135 135.325367861262 145.247446604725 167.340811091112 327.700435897713 345.583856041221 326.500948555991 481.075365330565 664.778070200364 857.957368480473 521.591706216088 680.259887675222 781.940055877493 715.886756944122 390.132594980228 392.905541468753 390.561424450384 470.625495826461 867.105617488001 551.191434560153 330.427818757483 127.178508179023 144.265828364354 81.8262871539843 70.5024821985005 122.789455935546 149.594249983979 169.772819524773 161.739250129438 252.64018924055 93.4057339469265 83.4923086180754 200.648068484301
120.05401432973 343.719968232324 266.734089674909 248.381005106999 355.451028277842 197.034226370585 373.840107294013 215.109628770833 613.997812701061 596.057091940408 128.721140022063 95.7607191832161 96.3003171309246 100 100 103.990426527045 110.864702680504 126.640136490918 135 138.995485111092 148.943780214642 163.832868386497 239.250123703666 243.740410614424 407.220423601824 416.93723897532 261.850328475897 389.449183454323 700.111870746063 953.720037053712 773.37620118057 708.555440868559 397.697207766669 410.372624387805 494.807538876496 495.675088785292 582.278520775822 613.097130493798 972.407860846836 572.336071475531 582.514175081935 366.826130394642 185.365818159598 150.611878712286 167.714277392661 162.367802083513 175.076141931599 129.233326633467 95.9281265219938 83.6285799004612 78.4734198189098 102.664803215072
74.6786048199365 134.029350559814 295.617822939831 356.894220987376 366.219396800212 487.611600017523 1072.20865826816 969.720251942745 909.399197597157 644.041108709178 369.232186065348 369.179858250255 320.479543053102 463.900736976858 562.86252310435 510.99231966826 450.935879335757 764.961695756089 357.368169069461 741.990159103517 564.309240558459 318.899283011216 364.25880722166 344.188366376426 323.936736819837 337.317350667571 521.280698813523 479.003069654287 740.831535430447 1167.55554845253 1002.84981333289 871.012572738156 867.091847746141 573.778451895203 513.35239713145 508.945170071363 503.29314450506 387.14972231308 699.115035657461 269.67482503296 399.568707826294 476.651096999794 546.413158343304 312.616717389168 730.563066226661 672.541200902935 526.127554441493 692.020751944618 491.513574910316 203.584353571451 135.59474002922 69.582395918387
188.525804262374 801.24968607095 540.850918323859 288.226548621165 472.866189271326 185.199092777917 374.391217916968 146.202348879004 379.806842533419 645.360008591369 559.680366554655 232.76466051682 102.355937673384 343.540712389853 602.038239729262 432.01206104845 476.641164047318 868.899831563478 737.360385845352 487.804214906909 783.32825307645 647.159141735303 853.083125926268 590.178998245068 250.358809376265 559.473634981438 616.701926907909 543.158337999646 1211.63938821833 729.38134581375 876.584350252136 850.619298626099 869.224467166577 735.224062608652 773.196829832926 954.660812223094 902.991471224186 896.425027428459 1178.08592164701 645.319547600067 752.060411514284 1331.61306953174 1458.20883817545 1235.74011092724 1399.13853622915 1233.22738459781 1578.7981015271 571.807516377247 1032.57255338632 1180.10220164103 1255.25997422405 834.991675351523
96.6509570958355 59.4113378052007 113.927158345844 281.529801057474 277.024040322265 143.365303582682 175.277273121472 216.189771157691 169.141875545284 138.934610827444 90 105.455664246615 152.183731357587 210.413539424362 131.531166726229 149.649410521366 510.556580220699 431.423374518131 690.669242785934 580.45713455663 803.869610245186 907.615845154788 1232.25784485847 1301.49214829877 1527.08997340387 979.210933146472 1549.05197761552 472.748772584178 496.994424660698 1077.7810700771 1556.55386017363 1277.64223589292 1553.03681981704 1317.4020185375 1347.16681971328 1086.7118682764 1156.64678704477 1277.42801794267 1293.97360990756 1623.25804727665 1335.47454467268 1507.2876222679 1545.5601633024 1223.50946105194 1523.23541750876 1982.2375490237 1206.72928504529 1807.36538543179 2020.9658680278 1051.55198709353 1177.16503596535 1398.48541407049
153.419329173158 284.915406612157 196.310436196223 389.446133137408 324.065993298839 387.593493672589 604.439448412612 298.513064597096 193.903779705032 156.972612316916 194.856659209265 207.55207539312 238.865496048021 284.204212085081 312.629752008374 348.690301709726 295.410404622585 291.440956059199 344.202617880714 526.897268118565 616.034504146194 950.18822722058 1523.82545711648 1075.83835707723 1112.93998153321 1255.76899074392 474.66447034856 697.678358074734 718.961026707193 769.711177111675 601.267132732064 752.258773328923 1501.62836891979 1279.67611407232 1171.98440864212 1049.64730334125 1249.71062941548 1090.94919827702 1599.40649759097 1323.88873645333 943.5845940922 762.210256246703 1033.03415826077 1221.6145377492 1420.47821361806 1596.10465371419 1868.85716599665 1424.79499961414 1489.80602142773 1517.91843855237 1025.73930208875 1842.73767595541
205.194005185942 348.585427068699 657.113077021419 249.927494309884 302.796385458257 210.491862236526 229.739604458251 234.924667811563 464.178131629715 585.570845745448 853.651233878519 1247.47386693444 924.883261103657 1167.05889524184 1077.52739892732 2247.32885349451 1104.00276372109 970.082023014061 730.966852489265 1043.75808396479 494.919222782049 456.260649032001 733.697706746545 970.207826287421 792.971986007002 891.217005841003 935.243686298033 972.131008734194 1206.45323610204 778.802484097326 498.613358818504 426.085169029846 832.937807811097 741.841745962581 605.952668847018 1035.79157529389 1324.58001303856 1284.75561678202 742.117039892164 998.597360539605 1373.89404581632 1423.22286827618 695.410797341942 715.696001128417 1317.82931826226 1194.26857120273 1287.04644754332 1091.66449375076 1418.75257761305 1631.02224284244 1761.78750338985 1833.82947149586
368.607350133781 225.065312339473 174.005553962564 338.513533247807 328.78774593956 498.975714417291 611.554706224793 899.10976058333 1430.5920261834 1926.24853923024 892.000061207603 685.110084754705 1309.72392092425 1035.58742679926 856.349485387782 1514.54938020176 1046.69783210491 1215.76472566534 1139.2931714938 1855.73610682246 1741.61447138896 1617.14519039482 1559.19134215947 796.621640926252 521.077678310452 707.095405486392 618.554525498489 830.132921951391 668.860598453841 667.44659689826 761.363192494412 429.162899135308 512.428787257817 464.990052605819 907.939755376482 957.900236862935 1054.31078732914 785.846637569705 1229.96312613 1333.29907770134 1278.10926144103 738.743292987795 884.342983638751 1288.28153796034 1117.23228267939 1311.42654152333 1126.75191406678 947.134241962726 1412.56117175678 1346.87351945673 1485.67830800577 1411.19066263141
135.463716224224 181.99239781912 301.596134390315 475.973943951949 1019.23796081411 1184.35595708391 1563.83561176348 1783.28724012333 567.209394898736 325.98387781131 309.02143380641 1093.51359522444 569.792067835174 1205.76284644382 776.393886055475 833.628217010397 832.253638979697 835.414902612168 879.148833060652 784.793763612724 740.040368199973 1197.67483238749 753.004658289267 996.230092122661 1074.10237135052 676.436546894947 530 609.072649366773 578.705840141646 684.602240687502 908.200483744197 1204.25342199181 1206.7554311694 892.935797194677 761.625907786521 584.26097948866 763.062886110461 856.835504309136 599.975451727934 593.216621610442 581.764820709979 1415.10380748654 1059.93831168471 1231.29600298511 1717.6673492072 951.7185572636 814.724448873032 1018.78473307209 1117.30074721913 1458.52330671643 1423.40803834763 1137.62252887103
314.244535815401 1128.59780510399 1405.69221436567 1040.58090508087 1249.15066447361 1048.33268862033 77.0614067990952 377.30968761261 343.488124865517 116.808705736366 629.880429397097 591.915188966783 1346.96980167929 1572.28536318933 1392.83528745409 1266.98512320783 766.658689729689 669.330074900399 569.666149425393 566.652996941088 880.766854534628 2859.66788767869 1071.59138198669 1458.38064986323 1559.04280246206 2389.40598224315 1062.63209174119 1002.26306070139 820.007597707792 648.089688784398 615.032541970439 854.055101046026 914.996464912531 1152.13615350364 1340.7070652583 1240.90573812155 976.352260310982 660.395519732849 1151.97446191667 1035.32352557808 1406.9195065027 1470.56681467342 998.713457183878 1136.34554356401 988.312678195806 1159.16639857515 939.3050200668 1068.63467455078 1227.7802404888 1198.17127821923 1504.32514101389 1525.92052672106
430.805905756725 1880.0207291046 1784.2834474 1056.56998534576 589.938465224841 1442.0578397911 761.277608856033 713.603278144149 34.6157974064067 24.2729184320699 445.860163309233 608.714672529034 316.73257445026 1307.62548075047 890.912397791397 1503.54056949003 1265.60998621917 1321.39689676092 537.321087324455 773.788652128358 394.198586265988 893.688921514659 1418.73678636117 3566.84448499307 2473.4975217322 1764.85619209726 1147.5832401193 1191.69285333169 1145.15541843141 1083.97587199143 1126.63792603442 1032.71439597274 1213.39017991711 1294.74028140206 1245.43149271348 1092.69983386219 1362.81423989165 1180.4611424483 780.52541871876 717.970984327885 1028.13696561446 1117.74531269047 1518.2904511024 1827.00971534042 1553.30384128189 1508.27782976862 781.827277435963 823.001288987396 1064.72743786214 1439.51446445901 944.932309187697 1480.45881922273
