Prepped_data/Covariate_Data/DEM/SLOPE_1.asc
NCOLS 83 
NROWS 51 
XLLCORNER -155 
YLLCORNER 22 
CELLSIZE 1 
NODATA_value -9999 
[rows 0 to 24 of 51, columns 0 to 56 of 83]
-9999.000000000000000 -9999 -9999 -9999 -9999 -9999 -9999 -9999 -9999 -9999 -9999 -9999 -9999 -9999 -9999 -9999 -9999 -9999 -9999 -9999 -9999 -9999 -9999 -9999 -9999 -9999 -9999 -9999 -9999 -9999 -9999 -9999 -9999 -9999 -9999 -9999 -9999 -9999 -9999 -9999 -9999 -9999 -9999 -9999 -9999 -9999 -9999 -9999 -9999 -9999 -9999 -9999 -9999 -9999 -9999 -9999 -9999
-9999 -9999 -9999 -9999 -9999 -9999 -9999 -9999 -9999 -9999 -9999 -9999 -9999 -9999 -9999 -9999 -9999 -9999 -9999 -9999 -9999 -9999 -9999 -9999 -9999 -9999 -9999 -9999 -9999 -9999 -9999 -9999 -9999 -9999 -9999 -9999 -9999 -9999 -9999 -9999 -9999 -9999 -9999 -9999 0.0581063034225419 -9999 -9999 -9999 0.00916011136617161 -9999 -9999 -9999 -9999 -9999 -9999 -9999 -9999
-9999 -9999 -9999 -9999 -9999 -9999 -9999 -9999 -9999 -9999 -9999 -9999 -9999 -9999 -9999 -9999 -9999 -9999 -9999 -9999 -9999 -9999 -9999 -9999 -9999 -9999 -9999 -9999 -9999 -9999 -9999 -9999 -9999 -9999 -9999 -9999 -9999 -9999 -9999 -9999 -9999 -9999 -9999 -9999 0.0318835755600867 0.0941218817718012 0.0429887058037531 0.00542530082462899 0.0126943887403919 0.0587841474270733 -9999 -9999 -9999 -9999 -9999 -9999 -9999
-9999 0.172379784647484 -9999 -9999 -9999 -9999 -9999 -9999 -9999 -9999 -9999 -9999 -9999 -9999 -9999 -9999 -9999 -9999 -9999 -9999 -9999 -9999 -9999 -9999 -9999 -9999 -9999 -9999 -9999 -9999 -9999 -9999 -9999 -9999 -9999 -9999 -9999 -9999 -9999 -9999 -9999 -9999 -9999 -9999 -9999 -9999 -9999 -9999 -9999 -9999 -9999 -9999 -9999 -9999 -9999 -9999 -9999
-9999 0.249680853917533 0.204096547808006 0.201353275019986 0.182529187641341 0.166100175595377 0.288398698406936 0.104315621623952 0.0397770898023247 0.120054117846532 0.17983518358261 0.246193781997801 0.230530617084737 0.109728971777718 0.144044708149973 -9999 -9999 -9999 -9999 -9999 -9999 -9999 -9999 0.0427074579374664 0.0434404353703235 0.0540629855020161 0.0703296544752834 0.0658199335409873 0.0243036012657791 0.0518494701536548 -9999 -9999 -9999 -9999 -9999 -9999 -9999 -9999 -9999 0.0304654606991069 -9999 0.0294712664129409 -9999 -9999 -9999 -9999 -9999 -9999 0.0270068119165345 -9999 -9999 -9999 -9999 -9999 -9999 -9999 -9999
-9999 0.251297113259947 0.136996959650074 0.144897037912601 0.109105669032145 0.146151018818751 0.238799516906687 0.309224832973185 0.323326241440346 0.274271467415965 0.273418221923051 0.258636665590807 0.171341885983679 0.0713078483016356 0.0237451191142778 0.029125960529376 0.09147146072284 0.208702810199907 0.179300202140044 0.456297620775297 0.176271116098036 0.041487172449558 0.0141124783834716 0.0171685978051196 0.0394747135055306 0.0203534191204444 0.0400540006796402 0.00733838432701535 0.0261894292006601 0.0652190185506126 0.062417022106008 0.0315463311605097 0.100420924808124 0.139126654607385 0.120329420330852 0.0666844702518928 0.124946301539594 0.064954360566268 0.0545602563741425 0.0944680083894294 -9999 -9999 -9999 -9999 -9999 -9999 -9999 -9999 -9999 -9999 -9999 -9999 -9999 -9999 -9999 -9999 -9999
-9999 0.207317610300551 0.105168373006378 0.135531730797945 0.16511821491932 0.169162760112102 0.118807625947105 0.0781279678631107 0.0937800166699112 0.156702145754363 0.0751764049196925 0.0676118469011995 0.109931789491281 0.194863920433471 0.18513261532371 0.18752709328695 0.126239603264645 0.207012453462779 0.0902654503842373 0.198743286995161 0.244052138854556 0.180818529953842 0.185058945184916 0.191689062483138 0.104522854354702 0.0283342765007784 0.0318510045592158 0.0166454244640123 0.0414181099820269 0.0664525631256546 0.0206959058296393 0.0632325595592881 0.0703033850649931 0.0732078049290733 0.0682593667211536 0.0463119820902047 0.0685185879066108 0.0280022346202728 0.114863565613277 0.0493353874304781 0.0322957215292393 0.0333460682365416 0.0510603059070547 0.0620943278588962 0.102118243390264 0.0784273209119997 0.154317599158381 0.0907523228600659 0.0899457099145919 0.0623234221466323 0.0710018189463345 0.0583884648812021 0.0410823756881249 0.0356483781267257 0.0391472567092877 0.0440992375780932 0.0371949373888504
-9999 0.0494598861372574 0.0183559368388869 0.0685685936328283 0.0725320524432132 0.0817998606630166 0.0398434279703472 0.25073902037463 0.238228299610943 0.253343703118384 0.173237740073338 0.227843712717368 0.192138780777875 0.125438275240099 0.121325042974716 0.163105419450436 0.262085842917302 0.292085968479221 0.308654388095872 0.207126373384288 0.240669994368121 0.324484928467324 0.356863419697685 0.380003347148186 0.422411502766407 0.469116219004352 0.398513128097843 0.321896820168788 0.193077997823118 0.0438273968229673 0.0176982110499997 0.0727946641469324 0.084376457352657 0.101612816995682 0.0854973061610642 0.042011894534994 0.0380042554869403 0.0602527102559022 0.123823777432554 0.0405840503993191 0.0180263029522092 0.028169103037125 0.0389417681952515 0.0222312460970123 0.0461485348389646 0.00397295820140984 0.100807314169339 0.0771694322217827 0.0464295782337874 0.0421649376617686 0.05923952301639 0.0529389407256029 0.0444486746416116 0.0143446543647869 0.018024730746129 0.031914366853948 0.00760269250432349
-9999 0.0333317442414686 0.0917196026053971 0.0518749496809191 0.23050203511679 0.297870309138721 0.270778891978998 0.289592649173298 0.457055020488408 0.309006610892081 0.379093283783807 0.126188344824087 0.0579801959666559 0.0872111234601308 0.0721591265382243 0.394303801440409 0.237471959177117 0.0124459070947479 0.130076345996147 0.127413200461207 0.0688095524856943 0.168206552516841 0.0769923801721953 0.164469460108974 0.34105322978837 0.383115849781604 0.349809229604401 0.421225962900042 0.501189414330991 0.213278224150005 0.0620709743606338 0.0400072577151577 0.0740747734837789 0.0651756328871504 0.0479218414088245 0.0343454791328278 0.0565445293041693 0.00221726970239319 0.0767513272807737 0.0635170290251816 0.0479943808599342 0.0369019155419966 0.0256324168571112 0.0183667971412458 0.0170366721687125 0.0205868241635127 0.0500657935607563 0.014562349668003 0.0177423664773245 0.0756074880102644 0.0343981934045892 0.0274638404608255 0.0827830828938019 0.0297962476684607 0.0323215368649867 0.0385430790766253 0.0227063482472936
-9999 0.097651260028974 0.199858359309845 0.155312413845343 0.389222745578515 0.271616397920656 0.241615836737679 0.197870364160489 0.363468027952616 0.036297494064448 0.390998010160922 0.179927369591452 0.0454254393644322 0.142240308185144 0.0917328500815148 0.314308180451166 0.310283011642431 0.135996496976565 0.16214128629171 0.120902854376004 0.0256710352765351 0.0671812828594954 0.0721956081760025 0.22703400104666 0.285768661805819 0.221077799438218 0.185871584535658 0.122265271165015 0.410819073253284 0.447311247219772 0.309731125892884 0.0181974697187003 0.0306775049029918 0.0426982585107559 0.0249629054605439 0.0240500580228622 0.0459708243678323 0.0259662015303646 0.0141939191341921 0.0612147002924875 0.0768748808685363 0.064101205743125 0.045427860234336 0.0598089766852501 0.0521833482615763 0.0265095419715875 0.0254668086127418 0.0059796432735687 0.0204063764456728 0.0866083225002267 0.0135101582351882 0.0348283672353378 0.067543933117581 0.0470696081826171 0.0393337018001255 0.0432110527117581 0.0713540966095765
-9999 0.555235105793132 0.362372408421211 0.456629393866143 0.326996535215803 0.49563000405949 0.287312935732144 0.162873542201751 0.172892482506707 0.31910396352821 0.231021624328265 0.156619109285674 0.30810934989711 0.395710539338434 0.380623381469487 0.274600566897129 0.254476112201252 0.2229406619646 0.151830944931551 0.196506416349675 0.141489438621317 0.0310946866760008 0.0442881139339098 0.128552005943527 0.153465431292985 0.0707228156244746 0.0576244339662848 0.0894986670428226 0.204147762003111 0.355322837695037 0.483727805860186 0.22164519206545 0.0306868785784583 0.0774715284824149 0.0506589769619823 0.0373755330497033 0.0428820070132471 0.0246477429363448 0.0402913909634117 0.0268507847581725 0.0638187505139999 0.0728541339780606 0.0638052064729193 0.0471305444655695 0.0567288457301584 0.0571027410730135 0.0131901632473959 0.0170009366768207 0.0299171268991587 0.0595632601196637 0.0260397597496688 0.0117692982042756 0.0276062420721439 0.0227759206587507 0.0135030067368252 0.0264068584954354 0.0921221331654321
-9999 0.724854696564568 -9999 -9999 -9999 0.466134258282504 -9999 -9999 -9999 -9999 0.253545851543278 0.410060995362624 0.511763902558421 0.266945670669814 0.509942572211943 0.254833095590662 0.141187406577513 0.263176690571292 0.21315830768315 0.103891379172945 0.0808042844095924 0.149222772874884 0.165591452082013 0.111449542360557 0.127084392163952 0.119093273312675 0.210529309474771 0.130266187373519 0.286670230367333 0.0531727031946733 0.332280347175948 0.476363375185192 0.0548875166564291 0.0813345504774964 0.0579283762564007 0.0516388735840092 0.0426219521399438 0.00705945496876703 0.0188881558716492 0.0288338093068818 0.01066396119457 0.0136658914582597 0.0371373005747131 0.0498626294289837 0.0582749423316647 0.0615366962585799 0.0528185407886641 0.0250006797888042 0.0353357837227198 0.0431767298194419 0.0312549983361082 0.0234880569782227 0.0215418005573668 0.0277132739897444 0.0143039881111113 0.0154275827768004 0.0826448905784517
-9999 -9999 -9999 -9999 -9999 -9999 -9999 -9999 -9999 -9999 -9999 -9999 -9999 -9999 -9999 -9999 0.251822303857007 0.160967878082282 0.0394947098177267 0.17215756428173 0.173085038219243 0.258349032808421 0.218117823392815 0.0959318277638235 0.220765800592959 0.126475216393148 0.105954601455836 0.219945681444059 0.116512578974871 0.092036210819191 0.294523722078642 0.386684154256821 0.0835201062391554 0.0940530507732963 0.0971572473654883 0.131215248844427 0.134991069406929 0.0681535401423465 0.0984046658954274 0.138761987277906 0.152756014210226 0.103608510690503 0.0279365234431693 0.0575143530953372 0.0448378041797795 0.0527786460626109 0.0818096188831212 0.0288453000520819 0.0211859422715521 0.0392418660855747 0.0261359381683724 0.0195942122185495 0.0194783283121494 0.0229414991495627 0.0337565446585705 0.0114065943957118 0.0550324822748008
-9999 -9999 -9999 -9999 -9999 -9999 -9999 -9999 -9999 -9999 -9999 -9999 -9999 -9999 -9999 -9999 -9999 -9999 -9999 0.269886051341912 0.109972592687758 0.165252882939894 0.103272233410771 0.0732233375568172 0.0645573222196575 0.153776383227166 0.296046178726155 0.128868614272966 0.261062954276662 0.163128394665291 0.407782996613768 0.231337151353909 0.0302233047126255 0.0647509928622517 0.0625184750901375 0.0201142863163291 0.151209466689788 0.0710382280062854 0.11264987275821 0.0762546791478898 0.149370359277826 0.126219999958104 0.0173349581185872 0.0213550064359081 0.0332661523813385 0.0401688812272631 0.0926510327492775 0.0429566699802949 0.0203594904720074 0.032244978345525 0.00816846236242676 0.0183264545513913 0.0266295863500931 0.0277929792070334 0.0359824455748032 0.0263099209033366 0.0260425286814368
-9999 -9999 -9999 -9999 -9999 -9999 -9999 -9999 -9999 -9999 -9999 -9999 -9999 -9999 -9999 -9999 -9999 -9999 -9999 -9999 0.419697566107279 0.290947329519902 0.286626793991048 0.0781053283472927 0.0893476801400325 0.0968214125352924 0.175968185756762 0.243445192333024 0.247057810453395 0.189578705515941 0.393775518449287 0.414708659778485 0.233505847090416 0.112117462371026 0.0878356706489537 0.0433454436817068 0.13211802056218 0.108521918047497 0.0170354413071404 0.067284227788424 0.0552506951566225 0.0722703009051153 0.102337663459645 0.0495366829284399 0.0766029355876984 0.0814770379039329 0.082660551310395 0.0332837487527543 0.0297395935144771 0.0288048830657757 0.0187490260462785 0.0089941762940432 0.0388330217585921 0.0207754417997922 0.0238263773283519 0.0442384591500292 0.0176564656512625
-9999 -9999 -9999 -9999 -9999 -9999 -9999 -9999 -9999 -9999 -9999 -9999 -9999 -9999 -9999 -9999 -9999 -9999 -9999 -9999 -9999 -9999 -9999 -9999 0.317367331511591 0.354489723343158 0.15912912905144 0.0650390270026313 0.0670835443309193 0.204659851566987 0.0701575458628875 0.270259414818169 0.42283323288212 0.131573245808636 0.0649981179681613 0.0721412443112177 0.11247860226378 0.153311289433476 0.092416959791409 0.0800438657967045 0.107098269034503 0.0835890011843939 0.125924186953996 0.0774223821494329 0.0904707055920062 0.0401566004473093 0.0162614517785612 0.00887211092881995 0.0147939394084316 0.0310205111886779 0.0294352246285559 0.0381010713852164 0.0383193468587458 0.0129191824058773 0.0307664690591276 0.0377285043122996 0.0157414865788197
-9999 -9999 -9999 -9999 -9999 -9999 -9999 -9999 -9999 -9999 -9999 -9999 -9999 -9999 -9999 -9999 -9999 -9999 -9999 -9999 -9999 -9999 -9999 -9999 -9999 0.455957887832109 0.272997160562276 0.06787378053675 0.115272466468329 0.222161997416947 0.159530423311713 0.201426950712412 0.350160273296804 0.0609148295329875 0.0411071734041593 0.0246249673254234 0.0706836424352487 0.128331191983382 0.0439667267388109 0.0928034068591106 0.0761432405846671 0.0688564812170386 0.0778100705185707 0.0682820501786187 0.0527093563401436 0.0215902879657687 0.0217516562941048 0.0249702978984262 0.0297436285188945 0.0419229364550604 0.0476114346229493 0.0376625192226413 0.0276466377387886 0.0156964920597858 0.0337430616588112 0.0188205673806052 0.0219438139563407
-9999 -9999 -9999 -9999 -9999 -9999 -9999 -9999 -9999 -9999 -9999 -9999 -9999 -9999 -9999 -9999 -9999 -9999 -9999 -9999 -9999 -9999 -9999 -9999 -9999 -9999 0.429646335683305 0.0112111232798079 0.191989180078122 0.0826308574410483 0.0996879758999887 0.177444232094962 0.0178327873766488 0.160526337978552 0.186022649837134 0.154719697699603 0.141662553676149 0.0875969378553363 0.0861760030322511 0.102409001854874 0.0347882377773256 0.0850534366724891 0.0510178895340105 0.0489720822846565 0.0328431150336839 0.0511066424041894 0.0500692179733894 0.0194028853687416 0.0122675882245805 0.0333530365264078 0.0337440036872494 0.0368087113861202 0.0313532470797693 0.0206933135756885 0.0247281203215077 0.0234331550797108 0.0350318973438924
-9999 -9999 -9999 -9999 -9999 -9999 -9999 -9999 -9999 -9999 -9999 -9999 -9999 -9999 -9999 -9999 -9999 -9999 -9999 -9999 -9999 -9999 -9999 -9999 -9999 -9999 0.485089062212626 0.115131192377784 0.249579177036059 0.0140197521427424 0.164324585403485 0.0558222620465371 0.210877537997213 0.110252443824896 0.129834025854505 0.258570198445559 0.391877977799436 0.218181834394331 0.104149867902955 0.0564803149569816 0.0877512725202389 0.0340837536350041 0.0217829703992921 0.0406940493697805 0.0124895841413596 0.026780064111265 0.0581868553457238 0.0419053589471065 0.0315345281929502 0.0428581200840746 0.0550289427034293 0.0612946168843411 0.0258205670871457 0.0166570248747713 0.016430440554878 0.0278362270164518 0.0263600205453827
-9999 -9999 -9999 -9999 -9999 -9999 -9999 -9999 -9999 -9999 -9999 -9999 -9999 -9999 -9999 -9999 -9999 -9999 -9999 -9999 -9999 -9999 -9999 -9999 -9999 -9999 -9999 0.284715032693575 0.0116303668885145 0.165786925849746 0.150789775555292 0.0883589859115301 0.0963658597868132 0.150204791819799 0.374642311540326 0.29159141280342 0.379603609317335 0.386681811955023 0.272970228134026 0.210710518483462 0.130215521194223 0.0630411022492904 0.0431989655547466 0.0511030622118734 0.037732082007076 0.0356271467324276 0.0452504250799535 0.0469753044879328 0.0215502845305057 0.0251439853133668 0.0587238766641665 0.0677000113202232 0.0657347185041825 0.0802553418916486 0.0659109595733534 0.0218767241872989 0.0168814639817404
-9999 -9999 -9999 -9999 -9999 -9999 -9999 -9999 -9999 -9999 -9999 -9999 -9999 -9999 -9999 -9999 -9999 -9999 -9999 -9999 -9999 -9999 -9999 -9999 -9999 -9999 -9999 -9999 0.373049172942439 0.222121244814709 0.252771614151858 0.271620477362709 0.178179529178332 0.20120920528407 0.32660970778309 0.273513666102321 0.254941569814547 0.0438355483601511 0.226705654134207 0.432615681851504 0.308109721031854 0.113488581271616 0.0625346183025067 0.0501148506612103 0.0435030079446412 0.0316856502743453 0.04484872074193 0.0730670883084058 0.0160462571078696 0.0229383291837379 0.0480492256603397 0.0730245557073622 0.0757299066765994 0.0854211687492211 0.148623839534112 0.0327454325298151 0.0143806870613893
-9999 -9999 -9999 -9999 -9999 -9999 -9999 -9999 -9999 -9999 -9999 -9999 -9999 -9999 -9999 -9999 -9999 -9999 -9999 -9999 -9999 -9999 -9999 -9999 -9999 -9999 -9999 -9999 -9999 -9999 0.0304466128346491 0.248919251746043 0.184169557940318 0.23152188924975 0.0191361429919037 0.18105940253028 0.235414806837485 0.358763630014726 0.280242567374747 0.446442464562503 0.491534570369233 0.166625924812004 0.0730009834016115 0.0495710368868253 0.0163369124977855 0.0105105282505932 0.0463630239813165 0.061356207489622 0.0448521571099393 0.0177802698574386 0.0178051353681686 0.0376102530850994 0.00673022239240896 0.0441623822654296 0.128229378372537 0.0845331016853664 0.034497663262995
-9999 -9999 -9999 -9999 -9999 -9999 -9999 -9999 -9999 -9999 -9999 -9999 -9999 -9999 -9999 -9999 -9999 -9999 -9999 -9999 -9999 -9999 -9999 -9999 -9999 -9999 -9999 -9999 -9999 -9999 -9999 -9999 0.228631597932758 0.263063096631654 0.175673825149269 0.0223651912346288 0.292194626484799 0.482410050274917 0.14504578925492 0.431340195696978 0.360854985528911 0.230536351542417 0.102465226978309 0.0480313150663151 0.0723277133591422 0.0823927762901521 0.0797084890007446 0.0741909890028769 0.0762927852292711 0.0543097481375071 0.0209015370464432 0.0221152981745237 0.0353835015845641 0.0313389065083811 0.0497215084076074 0.0847829254149709 0.0691194130020979
-9999 -9999 -9999 -9999 -9999 -9999 -9999 -9999 -9999 -9999 -9999 -9999 -9999 -9999 -9999 -9999 -9999 -9999 -9999 -9999 -9999 -9999 -9999 -9999 -9999 -9999 -9999 -9999 -9999 -9999 -9999 -9999 -9999 -9999 0.0391016853809762 0.0463350556190468 0.292180876558595 0.355921442333207 0.369416873904186 0.375983447994264 0.0966494421378029 0.181896108801971 0.18001876097872 0.0669811509295297 0.0613560487607937 0.0561185930078215 0.0589343766217702 0.0374741951564989 0.0336917904743569 0.0678359883667966 0.051970248324047 0.0136472343827157 0.0414763246173743 0.062259881139292 0.0333519288553503 0.0236760407303963 0.0789870317501641
-9999 -9999 -9999 -9999 -9999 -9999 -9999 -9999 -9999 -9999 -9999 -9999 -9999 -9999 -9999 -9999 -9999 -9999 -9999 -9999 -9999 -9999 -9999 -9999 -9999 -9999 -9999 -9999 -9999 -9999 -9999 -9999 -9999 -9999 0.0361895938846789 0.153475614176014 0.290821869289462 0.166133135212862 0.129768901269015 0.0126512367605051 0.192616452967087 0.103430020964228 0.261865494422676 0.0833681804515851 0.0561737250126895 0.0971575899846601 0.0553353600851641 0.0300002215543686 0.00661900339054921 0.0550560424208577 0.060437107313254 0.0226398369136975 0.0423464969017616 0.0751846251721243 0.0433940363941682 0.0221714248892614 0.0764482404988462
