Data/Climate_Data/Camp_Temp.asc
NCOLS 360 
NROWS 180 
XLLCORNER -180 
YLLCORNER -90 
CELLSIZE 1 
NODATA_value -9999 
[rows 40 to 59 of 180, columns 138 to 183 of 360]
283.886766764323 283.851387939453 283.789444580078 283.727501220703 283.665557861328 283.74739054362 283.829223225912 283.911055908203 284.008682047526 284.153688557943 284.298695068359 284.443701578776 284.154124755859 283.429964599609 282.705804443359 281.981644287109 281.746032714844 281.673270670573 281.600508626302 281.527746582031 281.66543375651 281.80312093099 281.940808105469 282.107001139323 282.358711751302 282.610422363281 282.86213297526 283.173821614583 283.54548828125 283.917154947917 284.288821614583 284.530860595703 284.729690348307 284.928520100911 285.127349853516 285.434633382161 285.741916910807 286.049200439453 286.280450846354 286.283601888021 286.286752929688 286.289903971354 286.28343343099 286.267341308594 286.251249186198 286.235157063802
285.326657714844 285.274036865234 285.188581136068 285.103125406901 285.017669677734 284.823519287109 284.629368896484 284.435218505859 284.32000773112 284.441615804036 284.563223876953 284.68483194987 284.540751546224 284.130982666016 283.721213785807 283.311444905599 283.180554199219 283.142622884115 283.10469156901 283.066760253906 283.10117594401 283.135591634115 283.170007324219 283.2440625 283.437036132812 283.630009765625 283.822983398437 284.05437906901 284.324196777344 284.594014485677 284.86383219401 284.861087646484 284.767489013672 284.673890380859 284.580291748047 285.231894938151 285.883498128255 286.535101318359 287.037779947917 287.093684895833 287.14958984375 287.205494791667 287.219766438802 287.192404785156 287.16504313151 287.137681477865
286.766548665365 286.696685791016 286.587717692057 286.478749593099 286.369781494141 285.899648030599 285.429514567057 284.959381103516 284.631333414714 284.72954305013 284.827752685547 284.925962320964 284.927378336589 284.832000732422 284.736623128255 284.641245524089 284.615075683594 284.611975097656 284.608874511719 284.605773925781 284.53691813151 284.46806233724 284.399206542969 284.381123860677 284.515360514323 284.649597167969 284.783833821615 284.934936523438 285.102905273438 285.270874023438 285.438842773438 285.191314697266 284.805287679036 284.419260660807 284.033233642578 285.029156494141 286.025079345703 287.021002197266 287.795109049479 287.903767903646 288.012426757812 288.121085611979 288.156099446615 288.117468261719 288.078837076823 288.040205891927
286.462250976562 286.148123779297 285.871330159505 285.594536539714 285.317742919922 284.900825602214 284.483908284505 284.066990966797 283.746685791016 283.716217041016 283.685748291016 283.655279541016 283.54850382487 283.365421142578 283.182338460286 282.999255777995 283.198981933594 283.526311035156 283.853640136719 284.180969238281 284.517663574219 284.854357910156 285.191052246094 285.46149983724 285.53320719401 285.604914550781 285.676621907552 285.786954752604 285.935913085938 286.084871419271 286.233829752604 286.170106201172 286.035488688151 285.90087117513 285.766253662109 286.465177815755 287.164101969401 287.863026123047 288.440352376302 288.652884928385 288.865417480469 289.077950032552 289.200789388021 289.233935546875 289.267081705729 289.300227864583
286.15795328776 285.599561767578 285.154942626953 284.710323486328 284.265704345703 283.902003173828 283.538302001953 283.174600830078 282.862038167318 282.702891031901 282.543743896484 282.384596761068 282.169629313151 281.898841552734 281.628053792318 281.357266031901 281.782888183594 282.440646972656 283.098405761719 283.756164550781 284.498409016927 285.240653483073 285.982897949219 286.541875813802 286.551053873698 286.560231933594 286.56940999349 286.638972981771 286.768920898438 286.898868815104 287.028816731771 287.148897705078 287.265689697266 287.382481689453 287.499273681641 287.90119913737 288.303124593099 288.705050048828 289.085595703125 289.402001953125 289.718408203125 290.034814453125 290.245479329427 290.350402832031 290.455326334635 290.56024983724
285.617575276693 285.140955810547 284.788442789714 284.43592976888 284.083416748047 283.928052164714 283.77268758138 283.617322998047 283.47020304362 283.347816975911 283.225430908203 283.103044840495 282.929221598307 282.703961181641 282.478700764974 282.253440348307 282.630460205078 283.208240152995 283.786020100911 284.363800048828 285.256501871745 286.149203694661 287.041905517578 287.705929361979 287.683919270833 287.661909179688 287.639899088542 287.673079427083 287.761450195312 287.849820963542 287.938191731771 288.142017822266 288.384329020182 288.626640218099 288.868951416016 289.103770751953 289.338590087891 289.573409423828 289.804013671875 290.02197265625 290.239931640625 290.457890625 290.735827636719 291.073742675781 291.411657714844 291.749572753906
284.841116943359 284.772305908203 284.771830647786 284.77135538737 284.770880126953 284.97897257487 285.187065022786 285.395157470703 285.571180419922 285.650994873047 285.730809326172 285.810623779297 285.827280680339 285.780780029297 285.734279378255 285.687778727214 285.741697998047 285.829090576172 285.916483154297 286.003875732422 286.791942138672 287.580008544922 288.368074951172 288.953660481771 288.931803385417 288.909946289063 288.888089192708 288.889274088542 288.913500976563 288.937727864583 288.961954752604 289.149466552734 289.391406656901 289.633346761068 289.875286865234 290.072892659505 290.270498453776 290.468104248047 290.595606282552 290.51279703776 290.429987792969 290.347178548177 290.671834309896 291.403955078125 292.136075846354 292.868196614583
284.064658610026 284.403656005859 284.755218505859 285.106781005859 285.458343505859 286.029892985026 286.601442464193 287.172991943359 287.672157796224 287.954172770182 288.236187744141 288.518202718099 288.72533976237 288.857598876953 288.989857991536 289.12211710612 288.852935791016 288.449940999349 288.046946207682 287.643951416016 288.327382405599 289.010813395182 289.694244384766 290.201391601562 290.1796875 290.157983398438 290.136279296875 290.10546875 290.065551757812 290.025634765625 289.985717773437 290.156915283203 290.39848429362 290.640053304036 290.881622314453 291.042014567057 291.202406819661 291.362799072266 291.387198893229 291.003621419271 290.620043945312 290.236466471354 290.607840983073 291.734167480469 292.860493977865 293.98682047526
287.576802978516 287.979713134766 288.412535400391 288.845357666016 289.278179931641 289.462069905599 289.645959879557 289.829849853516 289.980513916016 290.031500244141 290.082486572266 290.133472900391 290.168822835287 290.188536376953 290.20824991862 290.227963460286 290.057188720703 289.82291788737 289.588647054036 289.354376220703 289.773204345703 290.192032470703 290.610860595703 290.937814127604 290.989143880208 291.040473632813 291.091803385417 291.079388020833 291.003227539062 290.927067057292 290.850906575521 290.992481689453 291.206635335286 291.42078898112 291.634942626953 291.862447509766 292.089952392578 292.317457275391 292.418893229167 292.142122395833 291.8653515625 291.588580729167 291.608329264323 291.924597167969 292.240865071615 292.55713297526
291.088947347005 291.555770263672 292.069852294922 292.583934326172 293.098016357422 292.894246826172 292.690477294922 292.486707763672 292.288870035807 292.108827718099 291.928785400391 291.748743082682 291.612305908203 291.519473876953 291.426641845703 291.333809814453 291.261441650391 291.195894775391 291.130347900391 291.064801025391 291.219026285807 291.373251546224 291.527476806641 291.674236653646 291.798600260417 291.922963867187 292.047327473958 292.053307291667 291.940903320312 291.828499348958 291.716095377604 291.828048095703 292.014786376953 292.201524658203 292.388262939453 292.682880452474 292.977497965495 293.272115478516 293.450587565104 293.280623372396 293.110659179688 292.940694986979 292.608817545573 292.115026855469 291.621236165365 291.12744547526
293.698562011719 294.07970703125 294.493396809896 294.907086588542 295.320776367187 294.983502604167 294.646228841146 294.308955078125 293.985122884115 293.701615397135 293.418107910156 293.134600423177 292.902075195312 292.720532226562 292.538989257812 292.357446289062 292.325402832031 292.343192545573 292.360982259115 292.378771972656 292.411092936198 292.44341389974 292.475734863281 292.535918782552 292.67969156901 292.823464355469 292.967237141927 292.965423990885 292.818024902344 292.670625813802 292.52322672526 292.624577636719 292.808845214844 292.993112792969 293.177380371094 293.483267415365 293.789154459635 294.095041503906 294.299214274089 294.198244222005 294.097274169922 293.996304117839 293.660213623047 293.089002685547 292.517791748047 291.946580810547
295.405646972656 295.5515234375 295.683168945313 295.814814453125 295.946459960937 295.729837239583 295.513214518229 295.296591796875 295.069272460937 294.80986328125 294.550454101562 294.291044921875 294.038130696615 293.791711425781 293.545292154948 293.298872884115 293.249072265625 293.264811197917 293.280550130208 293.2962890625 293.349404296875 293.40251953125 293.455634765625 293.522860514323 293.63241780599 293.741975097656 293.851532389323 293.81573811849 293.634592285156 293.453446451823 293.27230061849 293.3820703125 293.588811848958 293.795553385417 294.002294921875 294.263608398437 294.524921875 294.786235351562 294.96477335612 294.894984944661 294.825196533203 294.755408121745 294.762517496745 294.846524658203 294.930531819661 295.01453898112
297.112731933594 297.02333984375 296.872941080729 296.722542317708 296.572143554688 296.476171875 296.380200195312 296.284228515625 296.15342203776 295.918111165365 295.682800292969 295.447489420573 295.174186197917 294.862890625 294.551595052083 294.240299479167 294.172741699219 294.18642985026 294.200118001302 294.213806152344 294.287715657552 294.36162516276 294.435534667969 294.509802246094 294.585144042969 294.660485839844 294.735827636719 294.666052246094 294.451159667969 294.236267089844 294.021374511719 294.139562988281 294.368778483073 294.597993977865 294.827209472656 295.04394938151 295.260689290365 295.477429199219 295.630332438151 295.591725667318 295.553118896484 295.514512125651 295.864821370443 296.604046630859 297.343271891276 298.082497151693
297.72060546875 297.637846679687 297.511038411458 297.384230143229 297.257421875 297.149806315104 297.042190755208 296.934575195313 296.801075846354 296.589925130208 296.378774414062 296.167623697917 295.92684000651 295.656423339844 295.386006673177 295.11559000651 295.0267578125 294.998453776042 294.970149739583 294.941845703125 295.037708333333 295.133570963542 295.22943359375 295.31166422526 295.352998860677 295.394333496094 295.43566813151 295.357033691406 295.158430175781 294.959826660156 294.761223144531 294.928256835937 295.217169596354 295.506082356771 295.794995117188 295.6458203125 295.496645507812 295.347470703125 295.29966023763 295.555942789714 295.812225341797 296.06850789388 296.556680094401 297.276741943359 297.996803792318 298.716865641276
298.328479003906 298.252353515625 298.149135742187 298.04591796875 297.942700195313 297.823440755208 297.704181315104 297.584921875 297.448729654948 297.261739095052 297.074748535156 296.88775797526 296.679493815104 296.449956054687 296.220418294271 295.990880533854 295.880773925781 295.810477701823 295.740181477865 295.669885253906 295.787701009115 295.905516764323 296.023332519531 296.113526204427 296.120853678385 296.128181152344 296.135508626302 296.048015136719 295.865700683594 295.683386230469 295.501071777344 295.716950683594 296.065560709635 296.414170735677 296.762780761719 296.24769124349 295.73260172526 295.217512207031 294.968988037109 295.520159912109 296.071331787109 296.622503662109 297.248538818359 297.949437255859 298.650335693359 299.351234130859
298.865483805338 298.784978027344 298.68575764974 298.586537272135 298.487316894531 298.354883626302 298.222450358073 298.090017089844 297.947981770833 297.777140299479 297.606298828125 297.435457356771 297.252203776042 297.056538085937 296.860872395833 296.665206705729 296.557534179687 296.479192708333 296.400851236979 296.322509765625 296.451142578125 296.579775390625 296.708408203125 296.803071695964 296.795827229818 296.788582763672 296.781338297526 296.696757405599 296.534840087891 296.372922770182 296.211005452474 296.447160644531 296.816006673177 297.184852701823 297.553698730469 296.873378092448 296.193057454427 295.512736816406 295.175340576172 295.866717529297 296.558094482422 297.249471435547 297.916820882161 298.560142822266 299.20346476237 299.846786702474
299.331619873047 299.235720214844 299.120904134115 299.006088053385 298.891271972656 298.744134928385 298.596997884115 298.449860839844 298.29883219401 298.13612874349 297.973425292969 297.810721842448 297.644969889323 297.476169433594 297.307368977865 297.138568522135 297.057038574219 297.004598795573 296.952159016927 296.899719238281 297.028033040365 297.156346842448 297.284660644531 297.38030069987 297.377919514974 297.375538330078 297.373157145182 297.303260498047 297.165848388672 297.028436279297 296.891024169922 297.11888671875 297.468507486979 297.818128255208 298.167749023437 297.522880859375 296.878012695312 296.23314453125 295.918717854818 296.595615641276 297.272513427734 297.949411214193 298.561526285807 299.108858642578 299.656190999349 300.20352335612
299.797755940755 299.686462402344 299.55605061849 299.425638834635 299.295227050781 299.133386230469 298.971545410156 298.809704589844 298.649682617187 298.4951171875 298.340551757812 298.185986328125 298.037736002604 297.89580078125 297.753865559896 297.611930338542 297.55654296875 297.530004882812 297.503466796875 297.476928710938 297.604923502604 297.732918294271 297.860913085938 297.957529703776 297.96001180013 297.962493896484 297.964975992839 297.909763590495 297.796856689453 297.683949788411 297.57104288737 297.790612792969 298.121008300781 298.451403808594 298.781799316406 298.172383626302 297.562967936198 296.953552246094 296.662095133464 297.324513753255 297.986932373047 298.649350992839 299.206231689453 299.657574462891 300.108917236328 300.560260009766
300.057269287109 299.926750488281 299.78303141276 299.63931233724 299.495593261719 299.334426269531 299.173259277344 299.012092285156 298.856159667969 298.715930175781 298.575700683594 298.435471191406 298.311717936198 298.204440917969 298.09716389974 297.98988688151 297.968056640625 297.974708658854 297.981360677083 297.988012695312 298.082449544271 298.176886393229 298.271323242187 298.337014567057 298.316469319662 298.295924072266 298.27537882487 298.216227620443 298.118470458984 298.020713297526 297.922956136068 298.134470214844 298.449074707031 298.763679199219 299.078283691406 298.84359781901 298.608911946615 298.374226074219 298.296208902995 298.688197835286 299.080186767578 299.47217569987 299.816722412109 300.113826904297 300.410931396484 300.708035888672
300.316782633464 300.167038574219 300.010012207031 299.852985839844 299.695959472656 299.535466308594 299.374973144531 299.214479980469 299.06263671875 298.936743164063 298.810849609375 298.684956054688 298.585699869792 298.513081054688 298.440462239583 298.367843424479 298.3795703125 298.419412434896 298.459254557292 298.499096679688 298.559975585937 298.620854492188 298.681733398437 298.716499430339 298.672926839193 298.629354248047 298.585781656901 298.522691650391 298.440084228516 298.357476806641 298.274869384766 298.478327636719 298.777141113281 299.075954589844 299.374768066406 299.514812011719 299.654855957031 299.794899902344 299.930322672526 300.051881917318 300.173441162109 300.295000406901 300.427213134766 300.570079345703 300.712945556641 300.855811767578
