Data/Climate_Data/Camp_Temp.asc
NCOLS 360 
NROWS 180 
XLLCORNER -180 
YLLCORNER -90 
CELLSIZE 1 
NODATA_value -9999 
[rows 40 to 59 of 180, columns 184 to 229 of 360]
286.313040771484 286.422249755859 286.531458740234 286.640667724609 286.476795654297 286.312923583984 286.149051513672 286.093846435547 286.364642333984 286.635438232422 286.906234130859 287.092319742839 287.193695068359 287.29507039388 287.396445719401 287.036221923828 286.522131754557 286.008041585286 285.493951416016 285.232922770182 284.971894124349 284.710865478516 284.571552734375 284.797387695313 285.02322265625 285.249057617188 285.283956705729 285.127919921875 284.971883138021 284.815846354167 284.494722900391 284.118570556641 283.742418212891 283.366265869141 284.120839436849 284.875413004557 285.629986572266 286.197275390625 286.202709960938 286.20814453125 286.213579101563 286.200930175781 286.170197753906 286.139465332031 286.108732910156 286.030465087891
287.189512939453 287.26774210612 287.345971272786 287.424200439453 287.312857666016 287.201514892578 287.090172119141 287.04344930013 287.190586344401 287.337723388672 287.484860432943 287.623447672526 287.753485107422 287.883522542318 288.013559977214 287.766820068359 287.394487711589 287.022155354818 286.649822998047 286.658143310547 286.666463623047 286.674783935547 286.66421468099 286.59697672526 286.529738769531 286.462500813802 286.276377766927 285.971369628906 285.666361490885 285.361353352865 285.365089111328 285.471739501953 285.578389892578 285.685040283203 286.030727132161 286.37641398112 286.722100830078 286.992375488281 287.036413574219 287.080451660156 287.124489746094 287.160558268229 287.188657226563 287.216756184896 287.244855143229 287.161219482422
288.065985107422 288.11323445638 288.160483805339 288.207733154297 288.148919677734 288.090106201172 288.031292724609 287.993052164714 288.016530354818 288.040008544922 288.063486735026 288.154575602214 288.313275146484 288.471974690755 288.630674235026 288.497418212891 288.26684366862 288.036269124349 287.805694580078 288.083363850911 288.361033121745 288.638702392578 288.756876627604 288.396565755208 288.036254882812 287.675944010417 287.268798828125 286.814819335938 286.36083984375 285.906860351562 286.235455322266 286.824908447266 287.414361572266 288.003814697266 287.940614827474 287.877414957682 287.814215087891 287.787475585938 287.8701171875 287.952758789062 288.035400390625 288.120186360677 288.207116699219 288.29404703776 288.380977376302 288.291973876953
289.316832275391 289.327922770182 289.339013264974 289.350103759766 289.272960205078 289.195816650391 289.118673095703 289.062235921224 289.06791788737 289.073599853516 289.079281819661 289.110658772786 289.167730712891 289.224802652995 289.281874593099 289.062750244141 288.751560465495 288.440370686849 288.129180908203 288.12147257487 288.113764241536 288.106055908203 288.098327636719 288.090539550781 288.082751464844 288.074963378906 288.040352376302 287.978918457031 287.91748453776 287.85605061849 288.070667724609 288.377301839193 288.683935953776 288.990570068359 288.788636474609 288.586702880859 288.384769287109 288.245790201823 288.295674641927 288.345559082031 288.395443522135 288.439807942708 288.47865234375 288.517496744792 288.556341145833 288.501209716797
290.567679443359 290.542611083984 290.517542724609 290.492474365234 290.397000732422 290.301527099609 290.206053466797 290.131419677734 290.119305419922 290.107191162109 290.095076904297 290.066741943359 290.022186279297 289.977630615234 289.933074951172 289.628082275391 289.23627726237 288.844472249349 288.452667236328 288.159581298828 287.866495361328 287.573409423828 287.439778645833 287.784513346354 288.129248046875 288.473982747396 288.811905924479 289.143017578125 289.474129231771 289.805240885417 289.905880126953 289.92969523112 289.953510335286 289.977325439453 289.636658121745 289.295990804036 288.955323486328 288.704104817708 288.721232096354 288.738359375 288.755486653646 288.75942952474 288.750187988281 288.740946451823 288.731704915365 288.710445556641
291.841276855469 291.850910644531 291.860544433594 291.870178222656 291.78034749349 291.690516764323 291.600686035156 291.521010742187 291.471801757812 291.422592773437 291.373383789062 291.259409179688 291.080668945313 290.901928710938 290.723188476563 290.397438964844 290.022686360677 289.64793375651 289.273181152344 289.021159667969 288.769138183594 288.517116699219 288.426669921875 288.820947265625 289.215224609375 289.609501953125 290.014816080729 290.431166992188 290.847517903646 291.263868815104 291.2811328125 291.165367838542 291.049602864583 290.933837890625 290.545086263021 290.156334635417 289.767583007813 289.465860188802 289.425223795573 289.384587402344 289.343951009115 289.295196940104 289.238325195313 289.181453450521 289.124581705729 289.093934326172
293.137624511719 293.252821451823 293.368018391927 293.483215332031 293.423000488281 293.362785644531 293.302570800781 293.231009114583 293.125406901042 293.0198046875 292.914202473958 292.688660481771 292.343178710938 291.997696940104 291.652215169271 291.3708203125 291.110787760417 290.850755208333 290.59072265625 290.706207682292 290.821692708333 290.937177734375 291.059001464844 291.199841308594 291.340681152344 291.481520996094 291.649082845052 291.843366699219 292.037650553385 292.231934407552 292.19642578125 292.084319661458 291.972213541667 291.860107421875 291.513920898438 291.167734375 290.821547851563 290.531056315104 290.407649739583 290.284243164063 290.160836588542 290.047110188802 289.943063964844 289.839017740885 289.734971516927 289.651676025391
294.433972167969 294.654732259115 294.87549235026 295.096252441406 295.065653483073 295.03505452474 295.004455566406 294.941007486979 294.779012044271 294.617016601563 294.455021158854 294.117911783854 293.605688476562 293.093465169271 292.581241861979 292.344201660156 292.198889160156 292.053576660156 291.908264160156 292.391255696615 292.874247233073 293.357238769531 293.691333007812 293.578735351562 293.466137695312 293.353540039063 293.283349609375 293.25556640625 293.227783203125 293.2 293.11171875 293.003271484375 292.89482421875 292.786376953125 292.482755533854 292.179134114583 291.875512695313 291.596252441406 291.390075683594 291.183898925781 290.977722167969 290.7990234375 290.647802734375 290.49658203125 290.345361328125 290.209417724609
293.340036621094 294.278485514323 295.216934407552 296.155383300781 296.178475748698 296.201568196615 296.224660644531 296.200884602865 296.036503092448 295.872121582031 295.707740071615 295.413065592448 294.988098144531 294.563130696615 294.138163248698 293.864265136719 293.640723470052 293.417181803385 293.193640136719 293.459245605469 293.724851074219 293.990456542969 294.164374186198 294.063228352865 293.962082519531 293.860936686198 293.787901204427 293.742976074219 293.69805094401 293.653125813802 293.585270996094 293.509772949219 293.434274902344 293.358776855469 293.09972249349 292.84066813151 292.581613769531 292.33837890625 292.142602539063 291.946826171875 291.751049804687 291.567657063802 291.396647949219 291.225638834635 291.054629720052 290.890140380859
292.246101074219 293.902238769531 295.558376464844 297.214514160156 297.291298014323 297.36808186849 297.444865722656 297.46076171875 297.293994140625 297.1272265625 296.960458984375 296.708219401042 296.3705078125 296.032796223958 295.695084635417 295.384328613281 295.082557779948 294.780786946615 294.479016113281 294.527235514323 294.575454915365 294.623674316406 294.637415364583 294.547721354167 294.45802734375 294.368333333333 294.292452799479 294.230385742187 294.168318684896 294.106251627604 294.058823242188 294.016274414062 293.973725585937 293.931176757813 293.716689453125 293.502202148438 293.28771484375 293.080505371094 292.895129394531 292.709753417969 292.524377441406 292.336290690104 292.145493164062 291.954695638021 291.763898111979 291.570863037109
293.06646484375 294.750047200521 296.433629557292 298.117211914063 298.208704427083 298.300196940104 298.391689453125 298.418087972005 298.249204508464 298.080321044922 297.91143758138 297.688931884766 297.412803955078 297.136676025391 296.860548095703 296.550561523438 296.229288736979 295.908015950521 295.586743164063 295.485060221354 295.383377278646 295.281694335937 295.184546305339 295.101003011068 295.017459716797 294.933916422526 294.864576416016 294.809439697266 294.754302978516 294.699166259766 294.6820703125 294.677654622396 294.673238932292 294.668823242188 294.498756510417 294.328689778646 294.158623046875 293.989632568359 293.823870849609 293.658109130859 293.492347412109 293.277166748047 293.012567138672 292.747967529297 292.483367919922 292.258862304687
295.801127929688 296.821910807292 297.842693684896 298.8634765625 298.930694986979 298.997913411458 299.065131835938 299.07286336263 298.902134195964 298.731405029297 298.56067586263 298.35520304362 298.114986572266 297.874770100912 297.634553629557 297.362963867187 297.080916341146 296.798868815104 296.516821289062 296.332719726563 296.148618164062 295.964516601562 295.805767008464 295.723073323568 295.640379638672 295.557685953776 295.504272054036 295.480137939453 295.45600382487 295.431869710286 295.455012207031 295.493913574219 295.532814941406 295.571716308594 295.445923665365 295.320131022135 295.194338378906 295.065760498047 294.928826904297 294.791893310547 294.654959716797 294.39028523763 293.997869873047 293.605454508464 293.21303914388 292.954138183594
298.535791015625 298.893774414062 299.2517578125 299.609741210938 299.652685546875 299.695629882812 299.73857421875 299.727638753255 299.555063883464 299.382489013672 299.20991414388 299.021474202474 298.817169189453 298.612864176432 298.408559163411 298.175366210938 297.932543945313 297.689721679688 297.446899414062 297.180379231771 296.913859049479 296.647338867188 296.426987711589 296.345143636068 296.263299560547 296.181455485026 296.143967692057 296.150836181641 296.157704671224 296.164573160807 296.227954101563 296.310172526042 296.392390950521 296.474609375 296.393090820313 296.311572265625 296.230053710938 296.141888427734 296.033782958984 295.925677490234 295.817572021484 295.503403727214 294.983172607422 294.46294148763 293.942710367839 293.6494140625
299.150190429687 299.487936197917 299.825681966146 300.163427734375 300.179920247396 300.196412760417 300.212905273438 300.182610270182 300.011952718099 299.841295166016 299.670637613932 299.489595133464 299.298167724609 299.106740315755 298.915312906901 298.712521972656 298.505943196615 298.299364420573 298.092785644531 297.862502441406 297.632219238281 297.401936035156 297.203873291016 297.102471923828 297.001070556641 296.899669189453 296.842666422526 296.830062255859 296.817458089193 296.804853922526 296.851298828125 296.917426757813 296.9835546875 297.049682617188 297.005777994792 296.961873372396 296.91796875 296.866010335286 296.78989054362 296.713770751953 296.637650960286 296.349438069661 295.849132080078 295.348826090495 294.848520100911 294.581018066406
299.76458984375 300.082097981771 300.399606119792 300.717114257813 300.707154947917 300.697195638021 300.687236328125 300.637581787109 300.468841552734 300.300101318359 300.131361083984 299.957716064453 299.779166259766 299.600616455078 299.422066650391 299.249677734375 299.079342447917 298.909007161458 298.738671875 298.544625651042 298.350579427083 298.156533203125 297.980758870443 297.859800211589 297.738841552734 297.61788289388 297.541365152995 297.509288330078 297.477211507161 297.445134684245 297.474643554687 297.524680989583 297.574718424479 297.624755859375 297.618465169271 297.612174479167 297.605883789063 297.590132242839 297.545998128255 297.501864013672 297.457729899089 297.195472412109 296.715091552734 296.234710693359 295.754329833984 295.512622070313
300.22763671875 300.52099609375 300.81435546875 301.10771484375 301.078237304687 301.048759765625 301.019282226562 300.95783203125 300.800463867188 300.643095703125 300.485727539063 300.326009114583 300.163940429688 300.001871744792 299.839803059896 299.691948242187 299.548831380208 299.405714518229 299.26259765625 299.100125325521 298.937652994792 298.775180664063 298.622739257812 298.500390625 298.378041992187 298.255693359375 298.172060546875 298.127143554688 298.0822265625 298.037309570313 298.042143554688 298.063561197917 298.084978841146 298.106396484375 298.116827799479 298.127259114583 298.137690429687 298.14328531901 298.13437093099 298.125456542969 298.116542154948 297.881560058594 297.420510253906 296.959460449219 296.498410644531 296.276950683594
300.539331054687 300.804630533854 301.069930013021 301.335229492188 301.293167317708 301.251105143229 301.20904296875 301.143361002604 301.006819661458 300.870278320312 300.733736979167 300.594474283854 300.452490234375 300.310506184896 300.168522135417 300.039333496094 299.91440999349 299.789486490885 299.664562988281 299.529001464844 299.393439941406 299.257878417969 299.129814453125 299.024243164062 298.918671875 298.813100585938 298.734752604167 298.683627929688 298.632503255208 298.581378580729 298.553798828125 298.534067382812 298.5143359375 298.494604492187 298.500865885417 298.507127278646 298.513388671875 298.525469563802 298.555008951823 298.584548339844 298.614087727865 298.407701009115 297.965388183594 297.523075358073 297.080762532552 296.87400390625
300.851025390625 301.088264973958 301.325504557292 301.562744140625 301.508097330729 301.453450520833 301.398803710938 301.328889973958 301.213175455729 301.0974609375 300.981746419271 300.862939453125 300.741040039062 300.619140625 300.497241210937 300.38671875 300.279988606771 300.173258463542 300.066528320313 299.957877604167 299.849226888021 299.740576171875 299.636889648437 299.548095703125 299.459301757812 299.3705078125 299.297444661458 299.240112304688 299.182779947917 299.125447591146 299.065454101562 299.004573567708 298.943693033854 298.8828125 298.884903971354 298.886995442708 298.889086914062 298.907653808594 298.975646972656 299.043640136719 299.111633300781 298.933841959635 298.510266113281 298.086690266927 297.663114420573 297.471057128906
300.973056640625 301.2273828125 301.481708984375 301.73603515625 301.675089518229 301.614143880208 301.553198242187 301.481774088542 301.378914388021 301.2760546875 301.173194986979 301.068953450521 300.963330078125 300.857706705729 300.752083333333 300.653266601563 300.55671875 300.460170898437 300.363623046875 300.265483398438 300.16734375 300.069204101562 299.976637369792 299.900789388021 299.82494140625 299.749093424479 299.680086263021 299.617919921875 299.555753580729 299.493587239583 299.434831542969 299.377212727865 299.31959391276 299.261975097656 299.262865397135 299.263755696615 299.264645996094 299.268650716146 299.281998697917 299.295346679687 299.308694661458 299.15353515625 298.829868164063 298.506201171875 298.182534179688 297.99634765625
301.095087890625 301.366500651042 301.637913411458 301.909326171875 301.842081705729 301.774837239583 301.707592773438 301.634658203125 301.544653320312 301.4546484375 301.364643554688 301.274967447917 301.185620117188 301.096272786458 301.006925455729 300.919814453125 300.833448893229 300.747083333333 300.660717773438 300.573089192708 300.485460611979 300.39783203125 300.316385091146 300.253483072917 300.190581054688 300.127679036458 300.062727864583 299.995727539062 299.928727213542 299.861726888021 299.804208984375 299.749851888021 299.695494791667 299.641137695312 299.640826822917 299.640515950521 299.640205078125 299.629647623698 299.588350423177 299.547053222656 299.505756022135 299.373228352865 299.149470214844 298.925712076823 298.701953938802 298.521638183594
