Data/Climate_Data/Camp_Precip.asc
NCOLS 360 
NROWS 180 
XLLCORNER -180 
YLLCORNER -90 
CELLSIZE 1 
NODATA_value -9999 
[rows 36 to 53 of 180, columns 0 to 40 of 360]
-9999 -9999 4.30990565898052e-05 4.32414911241115e-05 4.33839256584179e-05 4.35263601927242e-05 4.36687947270305e-05 4.38112292613368e-05 4.40263026879014e-05 4.42413761144659e-05 4.44564495410305e-05 4.45926520721211e-05 4.449224191679e-05 4.43918317614589e-05 4.42914216061278e-05 4.41684913918531e-05 4.40230411186349e-05 4.38775908454166e-05 4.37321405721984e-05 4.36862008064054e-05 4.36734312097542e-05 4.3660661613103e-05 4.36478920164518e-05 4.3509516302341e-05 4.33711405882301e-05 4.32327648741193e-05 4.31035283933549e-05 4.30017096126297e-05 4.28998908319045e-05 4.27980720511793e-05 4.27520909094407e-05 4.27619474066887e-05 4.27718039039367e-05 4.27816604011847e-05 4.2723528604256e-05 4.26427340426017e-05 4.25619394809473e-05 4.2481144919293e-05 4.23594957586223e-05 4.22378465979515e-05 4.21161974372808e-05
-9999 -9999 4.36027003161144e-05 4.38689596194308e-05 4.41352189227473e-05 4.44014782260638e-05 4.46677375293802e-05 4.49339968326967e-05 4.53552767188133e-05 4.57765566049299e-05 4.61978364910465e-05 4.6413629752351e-05 4.60129631392192e-05 4.56122965260875e-05 4.52116299129557e-05 4.49455699708778e-05 4.48141166998539e-05 4.468266342883e-05 4.4551210157806e-05 4.47575119324028e-05 4.50763987222066e-05 4.53952855120103e-05 4.5714172301814e-05 4.51838917797431e-05 4.46536112576723e-05 4.41233307356015e-05 4.36858295870479e-05 4.35266665590461e-05 4.33675035310443e-05 4.32083405030426e-05 4.33114602249892e-05 4.36768626968842e-05 4.40422651687792e-05 4.44076676406742e-05 4.42936237959657e-05 4.40197645123893e-05 4.37459052288129e-05 4.34720459452365e-05 4.31213515791266e-05 4.27706572130167e-05 4.24199628469069e-05
-9999 -9999 4.52198337976976e-05 4.55941315643334e-05 4.59684293309692e-05 4.6342727097605e-05 4.67170248642409e-05 4.70913226308767e-05 4.70917556958739e-05 4.70921887608711e-05 4.70926218258683e-05 4.70412338715202e-05 4.68343828591363e-05 4.66275318467524e-05 4.64206808343685e-05 4.63070487118481e-05 4.62866354791913e-05 4.62662222465345e-05 4.62458090138777e-05 4.61828467086889e-05 4.61057013793228e-05 4.60285560499566e-05 4.59514107205905e-05 4.57401830741825e-05 4.55289554277745e-05 4.53177277813666e-05 4.51018256232298e-05 4.48718999299065e-05 4.46419742365833e-05 4.44120485432601e-05 4.43140146186731e-05 4.43478724628221e-05 4.43817303069712e-05 4.44155881511203e-05 4.44445603352506e-05 4.44719039660413e-05 4.4499247596832e-05 4.45265912276227e-05 4.41528819404387e-05 4.37791726532547e-05 4.34054633660708e-05
-9999 -9999 4.68369672792808e-05 4.7319303509236e-05 4.78016397391912e-05 4.82839759691463e-05 4.87663121991015e-05 4.92486484290566e-05 4.88282346729344e-05 4.84078209168122e-05 4.79874071606901e-05 4.76688379906894e-05 4.76558025790534e-05 4.76427671674173e-05 4.76297317557813e-05 4.76685274528184e-05 4.77591542585287e-05 4.7849781064239e-05 4.79404078699493e-05 4.76081814849749e-05 4.7135004036439e-05 4.6661826587903e-05 4.6188649139367e-05 4.62964743686219e-05 4.64042995978768e-05 4.65121248271316e-05 4.65178216594116e-05 4.6217133300767e-05 4.59164449421223e-05 4.56157565834777e-05 4.53165690123569e-05 4.501888222876e-05 4.47211954451632e-05 4.44235086615663e-05 4.45954968745354e-05 4.49240434196933e-05 4.52525899648511e-05 4.55811365100089e-05 4.51844123017509e-05 4.47876880934928e-05 4.43909638852347e-05
-9999 -9999 4.91609636810608e-05 4.94308365159668e-05 4.97007093508728e-05 4.99705821857788e-05 5.02404550206847e-05 5.05103278555907e-05 5.0063617042421e-05 4.96169062292514e-05 4.91701954160817e-05 4.88412295332334e-05 4.88654984413491e-05 4.88897673494648e-05 4.89140362575805e-05 4.89273981171815e-05 4.89298529282678e-05 4.89323077393541e-05 4.89347625504403e-05 4.85681256395765e-05 4.80784581547293e-05 4.75887906698821e-05 4.70991231850348e-05 4.71344969506996e-05 4.71698707163644e-05 4.72052444820292e-05 4.71565771537522e-05 4.68557865436499e-05 4.65549959335476e-05 4.62542053234453e-05 4.5970997986539e-05 4.57053739228286e-05 4.54397498591182e-05 4.51741257954078e-05 4.53105531050824e-05 4.55809975392185e-05 4.58514419733547e-05 4.61218864074908e-05 4.58678782645923e-05 4.56138701216939e-05 4.53598619787954e-05
-9999 -9999 5.21918230030375e-05 5.19287305845258e-05 5.16656381660141e-05 5.14025457475024e-05 5.11394533289907e-05 5.0876360910479e-05 5.07979028043337e-05 5.07194446981885e-05 5.06409865920432e-05 5.05584084991521e-05 5.04634704460235e-05 5.03685323928949e-05 5.02735943397662e-05 5.00836607049375e-05 4.97987314884085e-05 4.95138022718796e-05 4.92288730553507e-05 4.90626791724935e-05 4.89360637341936e-05 4.88094482958938e-05 4.86828328575939e-05 4.82542508204157e-05 4.78256687832375e-05 4.73970867460594e-05 4.70180921062517e-05 4.67878596585554e-05 4.65576272108592e-05 4.6327394763163e-05 4.62773015412192e-05 4.64073475450277e-05 4.65373935488363e-05 4.66674395526449e-05 4.65897290268913e-05 4.6442766324617e-05 4.62958036223426e-05 4.61488409200683e-05 4.62032798289632e-05 4.6257718737858e-05 4.63121576467529e-05
-9999 -9999 5.52226823250142e-05 5.44266246530848e-05 5.36305669811554e-05 5.2834509309226e-05 5.20384516372966e-05 5.12423939653672e-05 5.15321885662464e-05 5.18219831671255e-05 5.21117777680047e-05 5.22755874650708e-05 5.20614424506978e-05 5.18472974363249e-05 5.16331524219519e-05 5.12399232926934e-05 5.06676100485492e-05 5.00952968044051e-05 4.9522983560261e-05 4.95572327054106e-05 4.9793669313658e-05 5.00301059219055e-05 5.02665425301529e-05 4.93740046901318e-05 4.84814668501106e-05 4.75889290100895e-05 4.68796070587511e-05 4.67199327734609e-05 4.65602584881708e-05 4.64005842028807e-05 4.65836050958994e-05 4.71093211672269e-05 4.76350372385544e-05 4.81607533098819e-05 4.78689049487002e-05 4.73045351100154e-05 4.67401652713306e-05 4.61757954326458e-05 4.6538681393334e-05 4.69015673540222e-05 4.72644533147104e-05
-9999 -9999 5.49836976764103e-05 5.45804136587928e-05 5.41771296411753e-05 5.37738456235578e-05 5.33705616059403e-05 5.29672775883228e-05 5.2881083295991e-05 5.27948890036593e-05 5.27086947113276e-05 5.25643038660443e-05 5.22453233619065e-05 5.19263428577688e-05 5.1607362353631e-05 5.13492968457285e-05 5.11521463340614e-05 5.09549958223943e-05 5.07578453107271e-05 5.06205196143128e-05 5.05031355229827e-05 5.03857514316527e-05 5.02683673403226e-05 4.97583892623273e-05 4.9248411184332e-05 4.87384331063367e-05 4.83087905255767e-05 4.81201544365225e-05 4.79315183474682e-05 4.7742882258414e-05 4.78348145649458e-05 4.82073152670637e-05 4.85798159691816e-05 4.89523166712994e-05 4.87138007883914e-05 4.82716127104747e-05 4.7829424632558e-05 4.73872365546413e-05 4.73603904053258e-05 4.73335442560104e-05 4.7306698106695e-05
-9999 -9999 5.47447130278063e-05 5.47342026645007e-05 5.47236923011951e-05 5.47131819378895e-05 5.47026715745839e-05 5.46921612112783e-05 5.42299780257357e-05 5.3767794840193e-05 5.33056116546504e-05 5.28530202670178e-05 5.24292042731152e-05 5.20053882792126e-05 5.15815722853101e-05 5.14586703987637e-05 5.16366826195736e-05 5.18146948403834e-05 5.19927070611933e-05 5.1683806523215e-05 5.12126017323074e-05 5.07413969413998e-05 5.02701921504922e-05 5.01427738345228e-05 5.00153555185534e-05 4.9887937202584e-05 4.97379739924024e-05 4.9520376099584e-05 4.93027782067656e-05 4.90851803139473e-05 4.90860240339922e-05 4.93053093669005e-05 4.95245946998087e-05 4.97438800327169e-05 4.95586966280825e-05 4.92386903109339e-05 4.89186839937853e-05 4.85986776766367e-05 4.81820994173177e-05 4.77655211579986e-05 4.73489428986795e-05
-9999 -9999 5.4773149167886e-05 5.48688390699681e-05 5.49645289720502e-05 5.50602188741323e-05 5.51559087762144e-05 5.52515986782964e-05 5.46906153613236e-05 5.41296320443507e-05 5.35686487273779e-05 5.30466823935664e-05 5.2641767009239e-05 5.22368516249116e-05 5.18319362405843e-05 5.17787343414966e-05 5.20772459276486e-05 5.23757575138006e-05 5.26742690999527e-05 5.22729239310138e-05 5.16382931770446e-05 5.10036624230755e-05 5.03690316691063e-05 5.04845756222494e-05 5.06001195753925e-05 5.07156635285355e-05 5.0749621829406e-05 5.0538823173459e-05 5.03280245175119e-05 5.01172258615649e-05 5.00341857453653e-05 5.00789041689131e-05 5.0123622592461e-05 5.01683410160088e-05 4.99609322287142e-05 4.96694810378055e-05 4.93780298468967e-05 4.9086578655988e-05 4.85230318736285e-05 4.7959485091269e-05 4.73959383089095e-05
-9999 -9999 5.50690060966493e-05 5.49843228751949e-05 5.48996396537404e-05 5.4814956432286e-05 5.47302732108316e-05 5.46455899893772e-05 5.42629953027548e-05 5.38804006161323e-05 5.34978059295099e-05 5.31452902456901e-05 5.28830115702779e-05 5.26207328948658e-05 5.23584542194537e-05 5.23094886739273e-05 5.24738362582866e-05 5.2638183842646e-05 5.28025314270053e-05 5.23878718377091e-05 5.17802098571944e-05 5.11725478766796e-05 5.05648858961649e-05 5.0783794625507e-05 5.10027033548492e-05 5.12216120841913e-05 5.13437340365878e-05 5.11754956581475e-05 5.10072572797071e-05 5.08390189012668e-05 5.0679299699065e-05 5.05280996731017e-05 5.03768996471384e-05 5.02256996211751e-05 4.99205075902864e-05 4.95639848910893e-05 4.92074621918922e-05 4.8850939492695e-05 4.83831877742584e-05 4.79154360558217e-05 4.7447684337385e-05
-9999 -9999 5.53648630254126e-05 5.50998066804217e-05 5.48347503354307e-05 5.45696939904398e-05 5.43046376454489e-05 5.40395813004579e-05 5.3835375244186e-05 5.3631169187914e-05 5.3426963131642e-05 5.32438980978138e-05 5.31242561313168e-05 5.30046141648199e-05 5.2884972198323e-05 5.28402430063579e-05 5.28704265889246e-05 5.29006101714913e-05 5.2930793754058e-05 5.25028197444044e-05 5.19221265373441e-05 5.13414333302838e-05 5.07607401232235e-05 5.10830136287647e-05 5.14052871343059e-05 5.17275606398471e-05 5.19378462437696e-05 5.18121681428359e-05 5.16864900419023e-05 5.15608119409687e-05 5.13244136527646e-05 5.09772951772902e-05 5.06301767018158e-05 5.02830582263414e-05 4.98800829518586e-05 4.94584887443731e-05 4.90368945368876e-05 4.86153003294021e-05 4.82433436748882e-05 4.78713870203743e-05 4.74994303658605e-05
-9999 -9999 5.44439072352058e-05 5.42012946001099e-05 5.3958681965014e-05 5.37160693299181e-05 5.34734566948221e-05 5.32308440597262e-05 5.31009691864407e-05 5.29710943131552e-05 5.28412194398697e-05 5.27257459179964e-05 5.26534764503595e-05 5.25812069827225e-05 5.25089375150856e-05 5.24336558980091e-05 5.23553621314932e-05 5.22770683649772e-05 5.21987745984613e-05 5.19908952992409e-05 5.17398208224525e-05 5.14887463456641e-05 5.12376718688756e-05 5.13852032599971e-05 5.15327346511185e-05 5.168026604224e-05 5.17272287106607e-05 5.14724852109794e-05 5.1217741711298e-05 5.09629982116167e-05 5.07383186777588e-05 5.05437031097244e-05 5.03490875416901e-05 5.01544719736557e-05 4.97525004902855e-05 4.92814103684699e-05 4.88103202466542e-05 4.83392301248386e-05 4.80738939950243e-05 4.78085578652099e-05 4.75432217353955e-05
-9999 -9999 5.3522951444999e-05 5.33027825197981e-05 5.30826135945972e-05 5.28624446693963e-05 5.26422757441954e-05 5.24221068189945e-05 5.23665631286955e-05 5.23110194383965e-05 5.22554757480975e-05 5.2207593738179e-05 5.2182696769402e-05 5.21577998006251e-05 5.21329028318481e-05 5.20270687896603e-05 5.18402976740617e-05 5.16535265584631e-05 5.14667554428646e-05 5.14789708540775e-05 5.15575151075609e-05 5.16360593610443e-05 5.17146036145277e-05 5.16873928912294e-05 5.16601821679311e-05 5.16329714446329e-05 5.15166111775519e-05 5.11328022791228e-05 5.07489933806937e-05 5.03651844822646e-05 5.0152223702753e-05 5.01101110421587e-05 5.00679983815644e-05 5.00258857209701e-05 4.96249180287123e-05 4.91043319925666e-05 4.85837459564209e-05 4.80631599202752e-05 4.79044443151603e-05 4.77457287100454e-05 4.75870131049305e-05
-9999 -9999 5.22398819157388e-05 5.20471819618251e-05 5.18544820079114e-05 5.16617820539977e-05 5.14690821000841e-05 5.12763821461704e-05 5.12768206438826e-05 5.12772591415948e-05 5.1277697639307e-05 5.12925545626786e-05 5.13506667630281e-05 5.14087789633777e-05 5.14668911637273e-05 5.14576192654204e-05 5.1380963268457e-05 5.13043072714936e-05 5.12276512745302e-05 5.13499579392374e-05 5.1538585491168e-05 5.17272130430987e-05 5.19158405950293e-05 5.17282060657938e-05 5.15405715365584e-05 5.13529370073229e-05 5.11064321229545e-05 5.06833161731871e-05 5.02602002234198e-05 4.98370842736525e-05 4.96259906988901e-05 4.96269194991328e-05 4.96278482993754e-05 4.96287770996181e-05 4.93293984618504e-05 4.89299173447459e-05 4.85304362276414e-05 4.81309551105369e-05 4.78644470664828e-05 4.75979390224287e-05 4.73314309783746e-05
-9999 -9999 5.05946986474252e-05 5.04344929261909e-05 5.02742872049566e-05 5.01140814837224e-05 4.99538757624881e-05 4.97936700412538e-05 4.98317417320019e-05 4.98698134227501e-05 4.99078851134982e-05 4.9980628391495e-05 5.01573864312377e-05 5.03341444709804e-05 5.05109025107231e-05 5.07253073252893e-05 5.09773589146789e-05 5.12294105040686e-05 5.14814620934582e-05 5.16038565547205e-05 5.16830319732738e-05 5.17622073918271e-05 5.18413828103803e-05 5.15076427836902e-05 5.11739027570002e-05 5.08401627303101e-05 5.04966915468685e-05 5.01240268931724e-05 4.97513622394763e-05 4.93786975857802e-05 4.91596196661703e-05 4.90941284806468e-05 4.90286372951232e-05 4.89631461095996e-05 4.88659417896997e-05 4.87581664250077e-05 4.86503910603157e-05 4.85426156956237e-05 4.79539022489917e-05 4.73651888023596e-05 4.67764753557276e-05
-9999 -9999 4.89495153791116e-05 4.88218038905567e-05 4.86940924020018e-05 4.8566380913447e-05 4.84386694248921e-05 4.83109579363372e-05 4.83866628201213e-05 4.84623677039053e-05 4.85380725876894e-05 4.86687022203114e-05 4.89641060994472e-05 4.92595099785831e-05 4.95549138577189e-05 4.99929953851582e-05 5.05737545609009e-05 5.11545137366435e-05 5.17352729123862e-05 5.18577551702037e-05 5.18274784553796e-05 5.17972017405555e-05 5.17669250257313e-05 5.12870795015867e-05 5.0807233977442e-05 5.03273884532973e-05 4.98869509707826e-05 4.95647376131577e-05 4.92425242555328e-05 4.89203108979079e-05 4.86932486334505e-05 4.85613374621607e-05 4.8429426290871e-05 4.82975151195812e-05 4.84024851175491e-05 4.85864155052695e-05 4.877034589299e-05 4.89542762807105e-05 4.80433574315005e-05 4.71324385822906e-05 4.62215197330806e-05
-9999 -9999 4.71344855516994e-05 4.71321871251954e-05 4.71298886986915e-05 4.71275902721876e-05 4.71252918456836e-05 4.71229934191797e-05 4.72261917214685e-05 4.73293900237574e-05 4.74325883260462e-05 4.75915940963508e-05 4.79180222707025e-05 4.82444504450541e-05 4.85708786194058e-05 4.90788555180188e-05 4.97683811408933e-05 5.04579067637678e-05 5.11474323866423e-05 5.12558218906634e-05 5.11704993550666e-05 5.10851768194698e-05 5.0999854283873e-05 5.05724565785689e-05 5.01450588732647e-05 4.97176611679606e-05 4.932287314053e-05 4.90259141467201e-05 4.87289551529102e-05 4.84319961591003e-05 4.82486676385937e-05 4.81789695913903e-05 4.8109271544187e-05 4.80395734969837e-05 4.81456123816315e-05 4.8310230243563e-05 4.84748481054946e-05 4.86394659674261e-05 4.76749626977835e-05 4.67104594281409e-05 4.57459561584983e-05
