Data/Climate_Data/Camp_Precip.asc
NCOLS 360 
NROWS 180 
XLLCORNER -180 
YLLCORNER -90 
CELLSIZE 1 
NODATA_value -9999 
[rows 126 to 143 of 180, columns 246 to 286 of 360]
3.18073030697027e-05 3.27545603795443e-05 3.40303652046714e-05 3.53061700297985e-05 3.65819748549256e-05 3.79881423820431e-05 3.97853980151315e-05 4.158265364822e-05 4.33799092813085e-05 4.48018479316185e-05 4.58484695991501e-05 4.68950912666818e-05 4.79417129342134e-05 4.96951100649312e-05 5.16840990167111e-05 5.3673087968491e-05 5.56620769202709e-05 5.30528125818819e-05 5.04435482434928e-05 4.78342839051038e-05 4.53567421936896e-05 4.32743683631998e-05 4.11919945327099e-05 3.91096207022201e-05 3.72187923737025e-05 3.55195095471572e-05 3.38202267206119e-05 3.21209438940665e-05 3.05100255354773e-05 2.89285619995402e-05 2.7347098463603e-05 2.57656349276658e-05 2.43572121932327e-05 2.29487894587995e-05 2.15403667243663e-05 2.02190109606211e-05 1.91588561089399e-05 1.80987012572587e-05 1.70385464055774e-05 1.62053377910828e-05 1.55990754137747e-05
3.03415918703346e-05 3.17684934998397e-05 3.29372819881731e-05 3.41060704765065e-05 3.527485896484e-05 3.67483192045863e-05 3.91357946985712e-05 4.15232701925561e-05 4.3910745686541e-05 4.56468852159257e-05 4.67316887807101e-05 4.78164923454945e-05 4.8901295910279e-05 5.03381612361409e-05 5.1892380482362e-05 5.3446599728583e-05 5.50008189748041e-05 5.26135889231227e-05 5.02263588714413e-05 4.78391288197599e-05 4.56062293475649e-05 4.3836321613829e-05 4.2066413880093e-05 4.02965061463571e-05 3.86828408712366e-05 3.72254180547316e-05 3.57679952382265e-05 3.43105724217215e-05 3.29171329212841e-05 3.15450211928692e-05 3.01729094644543e-05 2.88007977360394e-05 2.71342973671077e-05 2.54677969981761e-05 2.38012966292445e-05 2.22933809709502e-05 2.12612194445683e-05 2.02290579181863e-05 1.91968963918043e-05 1.83228043169947e-05 1.76067816937575e-05
3.02203147536299e-05 3.15393546770792e-05 3.2847020047484e-05 3.41546854178887e-05 3.54623507882934e-05 3.6967209695528e-05 3.9063649213252e-05 4.1160088730976e-05 4.32565282487e-05 4.47232644849767e-05 4.55602974398062e-05 4.63973303946356e-05 4.7234363349465e-05 4.82610909966752e-05 4.93510502080123e-05 5.04410094193493e-05 5.15309686306864e-05 4.98281966429204e-05 4.81254246551543e-05 4.64226526673883e-05 4.47490595494552e-05 4.31630030410209e-05 4.15769465325866e-05 3.99908900241523e-05 3.86786505987402e-05 3.76402282563504e-05 3.66018059139606e-05 3.55633835715707e-05 3.44625087745953e-05 3.33408164927581e-05 3.22191242109208e-05 3.10974319290835e-05 2.96330737667934e-05 2.81687156045033e-05 2.67043574422132e-05 2.53394215784889e-05 2.42727526104621e-05 2.32060836424353e-05 2.21394146744084e-05 2.11540969758062e-05 2.02501305466285e-05
3.00990376369252e-05 3.13102158543188e-05 3.27567581067948e-05 3.42033003592708e-05 3.56498426117469e-05 3.71861001864697e-05 3.89915037279328e-05 4.07969072693959e-05 4.2602310810859e-05 4.37996437540278e-05 4.43889060989022e-05 4.49781684437767e-05 4.55674307886511e-05 4.61840207572095e-05 4.68097199336626e-05 4.74354191101156e-05 4.80611182865687e-05 4.7042804362718e-05 4.60244904388674e-05 4.50061765150167e-05 4.38918897513455e-05 4.24896844682128e-05 4.10874791850802e-05 3.96852739019475e-05 3.86744603262438e-05 3.80550384579692e-05 3.74356165896946e-05 3.681619472142e-05 3.60078846279066e-05 3.5136611792647e-05 3.42653389573873e-05 3.33940661221277e-05 3.21318501664791e-05 3.08696342108306e-05 2.9607418255182e-05 2.83854621860276e-05 2.72842857763559e-05 2.61831093666842e-05 2.50819329570125e-05 2.39853896346176e-05 2.28934793994995e-05
3.00446001832218e-05 3.1192055757856e-05 3.26425429375377e-05 3.40930301172193e-05 3.5543517296901e-05 3.70283199784656e-05 3.86160691656793e-05 4.0203818352893e-05 4.17915675401067e-05 4.28159206057899e-05 4.32768775499426e-05 4.37378344940953e-05 4.4198791438248e-05 4.45036168093793e-05 4.47563983228368e-05 4.50091798362943e-05 4.52619613497518e-05 4.47665883499819e-05 4.42712153502119e-05 4.3775842350442e-05 4.31247055045484e-05 4.20062771202841e-05 4.08878487360198e-05 3.97694203517555e-05 3.90312496165279e-05 3.86733365303371e-05 3.83154234441463e-05 3.79575103579555e-05 3.72657775005791e-05 3.6462771386141e-05 3.56597652717028e-05 3.48567591572646e-05 3.37377649945362e-05 3.26187708318078e-05 3.14997766690794e-05 3.04366941175734e-05 2.95413463997344e-05 2.86459986818954e-05 2.77506509640565e-05 2.67668208592416e-05 2.56945083674509e-05
3.00570023925199e-05 3.11848743876908e-05 3.25043745397124e-05 3.38238746917341e-05 3.51433748437557e-05 3.64938690715159e-05 3.79373455264916e-05 3.93808219814673e-05 4.0824298436443e-05 4.1772095040263e-05 4.22242117929272e-05 4.26763285455915e-05 4.31284452982557e-05 4.32198791531846e-05 4.3191085375535e-05 4.31622915978854e-05 4.31334978202358e-05 4.29995486047119e-05 4.2865599389188e-05 4.27316501736641e-05 4.24475068090639e-05 4.17127809972347e-05 4.09780551854055e-05 4.02433293735764e-05 3.97490184695926e-05 3.94951224734541e-05 3.92412264773156e-05 3.89873304811772e-05 3.82361873926129e-05 3.731929527324e-05 3.64024031538672e-05 3.54855110344943e-05 3.44508182509647e-05 3.34161254674351e-05 3.23814326839056e-05 3.14931173731263e-05 3.10439344805976e-05 3.05947515880689e-05 3.01455686955402e-05 2.94983906496782e-05 2.86532174504828e-05
3.0069404601818e-05 3.11776930175256e-05 3.23662061418872e-05 3.35547192662489e-05 3.47432323906105e-05 3.59594181645662e-05 3.72586218873039e-05 3.85578256100416e-05 3.98570293327793e-05 4.07282694747361e-05 4.11715460359119e-05 4.16148225970877e-05 4.20580991582635e-05 4.19361414969899e-05 4.16257724282332e-05 4.13154033594765e-05 4.10050342907198e-05 4.12325088594419e-05 4.14599834281641e-05 4.16874579968862e-05 4.17703081135793e-05 4.14192848741853e-05 4.10682616347913e-05 4.07172383953972e-05 4.04667873226572e-05 4.03169084165711e-05 4.0167029510485e-05 4.00171506043989e-05 3.92065972846467e-05 3.81758191603391e-05 3.71450410360315e-05 3.61142629117239e-05 3.51638715073932e-05 3.42134801030625e-05 3.32630886987317e-05 3.25495406286791e-05 3.25465225614607e-05 3.25435044942424e-05 3.2540486427024e-05 3.22299604401148e-05 3.16119265335146e-05
3.12344131816644e-05 3.22013664117549e-05 3.32395419536624e-05 3.427771749557e-05 3.53158930374775e-05 3.63761308835819e-05 3.7502555642277e-05 3.86289804009721e-05 3.97554051596671e-05 4.05990822279515e-05 4.11600116058253e-05 4.1720940983699e-05 4.22818703615728e-05 4.23223042162135e-05 4.218923956311e-05 4.20561749100064e-05 4.19231102569029e-05 4.21391167522719e-05 4.23551232476408e-05 4.25711297430098e-05 4.26392744702753e-05 4.22638338932302e-05 4.18883933161851e-05 4.151295273914e-05 4.12073836681278e-05 4.09716861031484e-05 4.0735988538169e-05 4.05002909731896e-05 3.96775033732411e-05 3.86590190949695e-05 3.76405348166979e-05 3.66220505384263e-05 3.5832954114691e-05 3.50438576909558e-05 3.42547612672206e-05 3.37862724942776e-05 3.42796066737113e-05 3.4772940853145e-05 3.52662750325787e-05 3.74463550300182e-05 4.13131808454637e-05
3.23994217615109e-05 3.32250398059841e-05 3.41128777654376e-05 3.50007157248911e-05 3.58885536843445e-05 3.67928436025977e-05 3.77464893972501e-05 3.87001351919025e-05 3.96537809865549e-05 4.0469894981167e-05 4.11484771757387e-05 4.18270593703103e-05 4.25056415648821e-05 4.27084669354372e-05 4.27527066979868e-05 4.27969464605364e-05 4.2841186223086e-05 4.30457246451018e-05 4.32502630671176e-05 4.34548014891334e-05 4.35082408269712e-05 4.31083829122751e-05 4.27085249975789e-05 4.23086670828828e-05 4.19479800135984e-05 4.16264637897257e-05 4.1304947565853e-05 4.09834313419803e-05 4.01484094618354e-05 3.91422190295998e-05 3.81360285973642e-05 3.71298381651286e-05 3.65020367219889e-05 3.58742352788492e-05 3.52464338357095e-05 3.50230043598761e-05 3.60126907859618e-05 3.70023772120476e-05 3.79920636381333e-05 4.26627496199217e-05 5.10144351574127e-05
3.40852805432708e-05 3.47261542628985e-05 3.54126627886823e-05 3.60991713144661e-05 3.67856798402499e-05 3.74945712489231e-05 3.82706113062644e-05 3.90466513636056e-05 3.98226914209469e-05 4.05562756835328e-05 4.12474041513633e-05 4.19385326191938e-05 4.26296610870243e-05 4.29610806168057e-05 4.31725971672374e-05 4.3384113717669e-05 4.35956302681006e-05 4.3756228502995e-05 4.39168267378894e-05 4.40774249727838e-05 4.40770248436214e-05 4.35936296222887e-05 4.3110234400956e-05 4.26268391796233e-05 4.22205630942093e-05 4.1891406144714e-05 4.15622491952187e-05 4.12330922457234e-05 4.07092475506943e-05 4.01205069404871e-05 3.953176633028e-05 3.89430257200729e-05 3.82264504150953e-05 3.75098751101177e-05 3.67932998051401e-05 3.66251272983694e-05 3.81021631862192e-05 3.9579199074069e-05 4.10562349619189e-05 4.63510161595574e-05 5.54635426669847e-05
3.62919895269442e-05 3.6704709782498e-05 3.71388970233966e-05 3.75730842642952e-05 3.80072715051938e-05 3.84813138225581e-05 3.90749213693198e-05 3.96685289160814e-05 4.0262136462843e-05 4.0858224335049e-05 4.14567925326992e-05 4.20553607303494e-05 4.26539289279996e-05 4.30801452603191e-05 4.34489109708617e-05 4.38176766814043e-05 4.41864423919469e-05 4.42706283259516e-05 4.43548142599563e-05 4.4439000193961e-05 4.43456265202258e-05 4.3719574023271e-05 4.30935215263162e-05 4.24674690293614e-05 4.20251329099604e-05 4.17665131681133e-05 4.15078934262662e-05 4.12492736844191e-05 4.13600176398177e-05 4.15938828276315e-05 4.18277480154454e-05 4.20616132032592e-05 4.10061951940103e-05 3.99507771847614e-05 3.88953591755126e-05 3.85926413097574e-05 4.05480238744834e-05 4.25034064392094e-05 4.44587890039353e-05 4.85111546489255e-05 5.46605033741798e-05
3.84986985106176e-05 3.86832653020974e-05 3.88651312581108e-05 3.90469972141242e-05 3.92288631701376e-05 3.94680563961932e-05 3.98792314323752e-05 4.02904064685572e-05 4.07015815047392e-05 4.11601729865652e-05 4.16661809140351e-05 4.2172188841505e-05 4.26781967689749e-05 4.31992099038325e-05 4.37252247744861e-05 4.42512396451396e-05 4.47772545157932e-05 4.47850281489082e-05 4.47928017820232e-05 4.48005754151382e-05 4.46142281968302e-05 4.38455184242533e-05 4.30768086516764e-05 4.23080988790995e-05 4.18297027257116e-05 4.16416201915126e-05 4.14535376573137e-05 4.12654551231147e-05 4.20107877289411e-05 4.30672587147759e-05 4.41237297006107e-05 4.51802006864455e-05 4.37859399729253e-05 4.23916792594052e-05 4.0997418545885e-05 4.05601553211454e-05 4.29938845627476e-05 4.54276138043497e-05 4.78613430459518e-05 5.06712931382935e-05 5.38574640813749e-05
4.26413899306984e-05 3.92628651752602e-05 3.76749949161119e-05 3.60871246569635e-05 3.44992543978151e-05 3.37794736939638e-05 3.56639616560036e-05 3.75484496180434e-05 3.94329375800832e-05 4.06516117800493e-05 4.12044722179417e-05 4.1757332655834e-05 4.23101930937264e-05 4.28821754758246e-05 4.34605318393248e-05 4.40388882028249e-05 4.46172445663251e-05 4.46517254264715e-05 4.46862062866179e-05 4.47206871467642e-05 4.45470812943919e-05 4.37492153044635e-05 4.2951349314535e-05 4.21534833246066e-05 4.18369131997073e-05 4.2001638939837e-05 4.21663646799667e-05 4.23310904200965e-05 4.2972761875717e-05 4.3773415236501e-05 4.45740685972851e-05 4.53747219580691e-05 4.46465885518895e-05 4.39184551457098e-05 4.31903217395302e-05 4.30912791731923e-05 4.48795091263795e-05 4.66677390795667e-05 4.84559690327539e-05 5.05145241913851e-05 5.28434045554604e-05
4.67840813507792e-05 3.9842465048423e-05 3.64848585741129e-05 3.31272520998027e-05 2.97696456254926e-05 2.80908909917343e-05 3.1448691879632e-05 3.48064927675296e-05 3.81642936554272e-05 4.01430505735334e-05 4.07427635218482e-05 4.13424764701631e-05 4.19421894184779e-05 4.25651410478167e-05 4.31958389041635e-05 4.38265367605102e-05 4.4457234616857e-05 4.45184227040348e-05 4.45796107912126e-05 4.46407988783903e-05 4.44799343919537e-05 4.36529121846737e-05 4.28258899773937e-05 4.19988677701137e-05 4.18441236737029e-05 4.23616576881614e-05 4.28791917026198e-05 4.33967257170783e-05 4.39347360224929e-05 4.44795717582262e-05 4.50244074939595e-05 4.55692432296928e-05 4.55072371308537e-05 4.54452310320145e-05 4.53832249331754e-05 4.56224030252391e-05 4.67651336900114e-05 4.79078643547837e-05 4.9050595019556e-05 5.03577552444767e-05 5.1829345029546e-05
4.67481536907144e-05 3.97528623580001e-05 3.66228730611813e-05 3.34928837643626e-05 3.03628944675438e-05 2.8804021179288e-05 3.19584959167211e-05 3.51129706541542e-05 3.82674453915873e-05 4.01222821771322e-05 4.06774810107891e-05 4.12326798444459e-05 4.17878786781027e-05 4.24430417479016e-05 4.31315262297479e-05 4.38200107115942e-05 4.45084951934405e-05 4.45349051733501e-05 4.45613151532598e-05 4.45877251331694e-05 4.44317700748798e-05 4.3728719901992e-05 4.30256697291043e-05 4.23226195562165e-05 4.22720083831033e-05 4.28738362097647e-05 4.34756640364261e-05 4.40774918630874e-05 4.45678387768567e-05 4.50210253863285e-05 4.54742119958003e-05 4.59273986052722e-05 4.64307540096343e-05 4.69341094139963e-05 4.74374648183584e-05 4.79535974833804e-05 4.8508061930382e-05 4.90625263773836e-05 4.96169908243852e-05 5.03252984102195e-05 5.11874491348863e-05
4.25336069505041e-05 3.89940571039915e-05 3.80890383773173e-05 3.71840196506431e-05 3.62790009239689e-05 3.59188642566248e-05 3.7193373767271e-05 3.84678832779173e-05 3.97423927885635e-05 4.05893065908458e-05 4.10086246847641e-05 4.14279427786823e-05 4.18472608726006e-05 4.25158775760792e-05 4.3267593816078e-05 4.40193100560767e-05 4.47710262960754e-05 4.47011728344175e-05 4.46313193727595e-05 4.45614659111016e-05 4.44025883431702e-05 4.39766384564185e-05 4.35506885696668e-05 4.31247386829151e-05 4.31205673279085e-05 4.3538174504647e-05 4.39557816813855e-05 4.4373388858124e-05 4.48720701388083e-05 4.5397776120808e-05 4.59234821028076e-05 4.64491880848072e-05 4.74171391882313e-05 4.83850902916553e-05 4.93530413950793e-05 5.00848625476162e-05 5.01082938474914e-05 5.01317251473665e-05 5.01551564472417e-05 5.04171536886133e-05 5.09177168714814e-05
3.83190602102938e-05 3.82352518499829e-05 3.95552036934532e-05 4.08751555369236e-05 4.21951073803939e-05 4.30337073339615e-05 4.24282516178209e-05 4.18227959016804e-05 4.12173401855398e-05 4.10563310045594e-05 4.13397683587391e-05 4.16232057129188e-05 4.19066430670985e-05 4.25887134042569e-05 4.3403661402408e-05 4.42186094005592e-05 4.50335573987104e-05 4.48674404954848e-05 4.47013235922592e-05 4.45352066890337e-05 4.43734066114606e-05 4.4224557010845e-05 4.40757074102294e-05 4.39268578096138e-05 4.39691262727138e-05 4.42025127995294e-05 4.4435899326345e-05 4.46692858531605e-05 4.517630150076e-05 4.57745268552875e-05 4.63727522098149e-05 4.69709775643423e-05 4.84035243668283e-05 4.98360711693143e-05 5.12686179718003e-05 5.22161276118519e-05 5.17085257646007e-05 5.12009239173494e-05 5.06933220700982e-05 5.05090089670072e-05 5.06479846080765e-05
3.87844771224384e-05 3.87287698686123e-05 3.9390706224367e-05 4.00526425801218e-05 4.07145789358765e-05 4.11326017638203e-05 4.08188840083312e-05 4.05051662528422e-05 4.01914484973531e-05 4.02253569821672e-05 4.06068917072844e-05 4.09884264324016e-05 4.13699611575188e-05 4.19661463820376e-05 4.26338817730236e-05 4.33016171640096e-05 4.39693525549956e-05 4.39529853368488e-05 4.39366181187021e-05 4.39202509005554e-05 4.38759494863916e-05 4.37478454841766e-05 4.36197414819617e-05 4.34916374797467e-05 4.35661752999294e-05 4.38433549425099e-05 4.41205345850904e-05 4.43977142276708e-05 4.47865354362875e-05 4.52125705002497e-05 4.56386055642118e-05 4.60646406281739e-05 4.7612542208905e-05 4.91604437896361e-05 5.07083453703672e-05 5.16936796096464e-05 5.09913118245701e-05 5.02889440394938e-05 4.95865762544175e-05 4.89469488578228e-05 4.83700618497096e-05
