Data/Climate_Data/Camp_Temp.asc
NCOLS 360 
NROWS 180 
XLLCORNER -180 
YLLCORNER -90 
CELLSIZE 1 
NODATA_value -9999 
[rows 100 to 119 of 180, columns 138 to 183 of 360]
314.120388183594 311.36416015625 308.322428385417 305.280696614583 302.23896484375 301.726196289062 301.213427734375 300.700659179688 300.282680257161 300.14907023112 300.015460205078 299.881850179036 299.841680908203 299.894952392578 299.948223876953 300.001495361328 300.344877929687 300.784964192708 301.225050455729 301.66513671875 301.658601888021 301.652067057292 301.645532226563 301.874359944661 302.809275309245 303.744190673828 304.679106038411 305.093565673828 304.987569580078 304.881573486328 304.775577392578 304.990162353516 305.311607666016 305.633052978516 305.954498291016 306.253940022786 306.553381754557 306.852823486328 307.138098958333 307.380875651042 307.62365234375 307.866429036458 308.107508951823 308.346892089844 308.586275227865 308.825658365885
315.363467610677 311.97177734375 307.900813802083 303.829850260417 299.75888671875 299.722485351563 299.686083984375 299.649682617188 299.565492757161 299.33793741862 299.110382080078 298.882826741536 298.735805257161 298.669317626953 298.602829996745 298.536342366536 299.713576660156 301.305384928385 302.897193196615 304.489001464844 304.003039550781 303.517077636719 303.031115722656 302.934420166016 304.005523681641 305.076627197266 306.147730712891 306.398311767578 305.828370361328 305.258428955078 304.688487548828 304.751883544922 305.026392008464 305.300900472005 305.575408935547 305.874206136068 306.173003336589 306.471800537109 306.757330729167 307.003059895833 307.2487890625 307.494518229167 307.684701334635 307.819338378906 307.953975423177 308.088612467448
316.60654703776 312.57939453125 307.47919921875 302.37900390625 297.27880859375 297.718774414062 298.158740234375 298.598706054688 298.848305257161 298.52680460612 298.205303955078 297.883803304036 297.62992960612 297.443682861328 297.257436116536 297.071189371745 299.082275390625 301.825805664062 304.5693359375 307.312866210938 306.347477213542 305.382088216146 304.41669921875 303.99448038737 305.201772054036 306.409063720703 307.61635538737 307.703057861328 306.669171142578 305.635284423828 304.601397705078 304.513604736328 304.741176350911 304.968747965495 305.196319580078 305.494472249349 305.79262491862 306.090777587891 306.3765625 306.625244140625 306.87392578125 307.122607421875 307.261893717448 307.291784667969 307.32167561849 307.35156656901
316.860229492188 314.501062011719 311.504561360677 308.508060709635 305.511560058594 305.607076009115 305.702591959635 305.798107910156 305.229436442057 302.668202718099 300.106968994141 297.545735270182 296.233441975911 296.170089111328 296.106736246745 296.043383382161 299.465690917969 304.049885253906 308.634079589844 313.218273925781 309.81457438151 306.41087483724 303.007175292969 300.895357666016 302.659185791016 304.423013916016 306.186842041016 306.677162679036 305.893975830078 305.11078898112 304.327602132161 304.252471923828 304.413360595703 304.574249267578 304.735137939453 305.013870035807 305.292602132161 305.571334228516 305.850387369792 306.130403645833 306.410419921875 306.690436197917 306.856517740885 306.908664550781 306.960811360677 307.012958170573
317.113911946615 316.422729492187 315.529923502604 314.637117513021 313.744311523437 313.495377604167 313.246443684896 312.997509765625 311.610567626953 306.809600830078 302.008634033203 297.207667236328 294.836954345703 294.896495361328 294.956036376953 295.015577392578 299.849106445312 306.27396484375 312.698823242187 319.123681640625 313.281671549479 307.439661458333 301.597651367187 297.796234944661 300.116599527995 302.436964111328 304.757328694661 305.651267496745 305.118780517578 304.586293538411 304.053806559245 303.991339111328 304.085544840495 304.179750569661 304.273956298828 304.533267822266 304.792579345703 305.051890869141 305.324212239583 305.635563151042 305.9469140625 306.258264973958 306.451141764323 306.525544433594 306.599947102865 306.674349772135
317.272716878255 317.434317626953 317.568315022786 317.70231241862 317.836309814453 317.521029866536 317.20574991862 316.890469970703 315.172175292969 309.244836425781 303.317497558594 297.390158691406 294.346204427083 294.185634765625 294.025065104167 293.864495442708 299.310804443359 306.626072998047 313.941341552734 321.256610107422 314.399396565755 307.542183024089 300.684969482422 296.177200113932 298.717763264974 301.258326416016 303.798889567057 304.872900797526 304.480360107422 304.087819417318 303.695278727214 303.624102783203 303.660048421224 303.695994059245 303.731939697266 303.965635986328 304.199332275391 304.433028564453 304.696704101562 305.050317382813 305.403930664062 305.757543945312 305.982704264323 306.079411621094 306.176118977865 306.272826334635
317.336644287109 317.535826416016 317.619735921224 317.703645426432 317.787554931641 317.684032796224 317.580510660807 317.476988525391 315.914259440104 309.973909505208 304.033559570312 298.093209635417 294.761192220052 294.037507324219 293.313822428385 292.590137532552 297.850784912109 305.106209716797 312.361634521484 319.617059326172 313.167749430339 306.718439534505 300.269129638672 296.038253173828 298.462677001953 300.887100830078 303.311524658203 304.34206258138 303.978714599609 303.615366617839 303.252018636068 303.150762939453 303.136871337891 303.122979736328 303.109088134766 303.310974527995 303.512860921224 303.714747314453 303.967862955729 304.374666341146 304.781469726562 305.188273111979 305.451205240885 305.570266113281 305.689326985677 305.808387858073
317.400571695964 317.637335205078 317.671156819661 317.704978434245 317.738800048828 317.847035725911 317.955271402995 318.063507080078 316.65634358724 310.702982584635 304.749621582031 298.796260579427 295.176180013021 293.889379882812 292.602579752604 291.315779622396 296.390765380859 303.586346435547 310.781927490234 317.977508544922 311.936102294922 305.894696044922 299.853289794922 295.899306233724 298.207590738932 300.515875244141 302.824159749349 303.811224365234 303.477069091797 303.142913818359 302.808758544922 302.677423095703 302.613694254557 302.549965413411 302.486236572266 302.656313069661 302.826389567057 302.996466064453 303.239021809896 303.699015299479 304.159008789063 304.619002278646 304.919706217448 305.061120605469 305.20253499349 305.34394938151
316.167100830078 316.401177978516 316.424208577474 316.447239176432 316.470269775391 315.508365478516 314.546461181641 313.584556884766 311.9491015625 308.292993164062 304.636884765625 300.980776367188 298.391200358073 296.868156738281 295.34511311849 293.822069498698 298.027313232422 304.141986083984 310.256658935547 316.371331787109 310.916188557943 305.461045328776 300.005902099609 296.418122965495 298.432436116536 300.446749267578 302.46106241862 303.324712320964 303.037698974609 302.750685628255 302.463672281901 302.268377685547 302.103656005859 301.938934326172 301.774212646484 301.914276123047 302.054339599609 302.194403076172 302.432189941406 302.963146972656 303.494104003906 304.025061035156 304.372978515625 304.537856445313 304.702734375 304.867612304687
314.933629964193 315.165020751953 315.177260335286 315.18949991862 315.201739501953 313.16969523112 311.137650960286 309.105606689453 307.24185953776 305.88300374349 304.524147949219 303.165292154948 301.606220703125 299.84693359375 298.087646484375 296.328359375 299.663861083984 304.697625732422 309.731390380859 314.765155029297 309.896274820964 305.02739461263 300.158514404297 296.936939697266 298.657281494141 300.377623291016 302.097965087891 302.838200276693 302.598328857422 302.358457438151 302.11858601888 301.859332275391 301.593617757161 301.327903238932 301.062188720703 301.172239176432 301.282289632161 301.392340087891 301.625358072917 302.227278645833 302.82919921875 303.431119791667 303.826250813802 304.014592285156 304.20293375651 304.391275227865
314.034106852214 314.261181640625 314.294555664062 314.3279296875 314.361303710938 312.334986979167 310.308670247396 308.282353515625 306.782858072917 306.863826497396 306.944794921875 307.025763346354 306.343230794271 304.897197265625 303.451163736979 302.005130208333 303.843089599609 306.775713297526 309.708336995443 312.640960693359 309.010111083984 305.379261474609 301.748411865234 299.247256266276 300.135182698568 301.023109130859 301.911035563151 302.278020426432 302.124063720703 301.970107014974 301.816150309245 301.517890625 301.171529947917 300.825169270833 300.47880859375 300.542708333333 300.606608072917 300.6705078125 300.87537882487 301.503163655599 302.130948486328 302.758733317057 303.205380452474 303.470889892578 303.736399332682 304.001908772786
313.468531494141 313.689660644531 313.776094563802 313.862528483073 313.948962402344 313.004240722656 312.059519042969 311.114797363281 310.572097167969 311.235461425781 311.898825683594 312.562189941406 312.60223063151 312.018947753906 311.435664876302 310.852381998698 310.564998779297 310.376248779297 310.187498779297 309.998748779297 308.257697347005 306.516645914714 304.775594482422 303.349072672526 302.866139729818 302.383206787109 301.900273844401 301.644172770182 301.614903564453 301.585634358724 301.556365152995 301.244052734375 300.837392578125 300.430732421875 300.024072265625 300.02568359375 300.027294921875 300.02890625 300.182252197266 300.790802001953 301.399351806641 302.007901611328 302.510367431641 302.906749267578 303.303131103516 303.699512939453
312.902956136068 313.118139648437 313.257633463542 313.397127278646 313.53662109375 313.673494466146 313.810367838542 313.947241210938 314.361336263021 315.607096354167 316.852856445313 318.098616536458 318.86123046875 319.140698242188 319.420166015625 319.699633789062 317.286907958984 313.976784261068 310.666660563151 307.356536865234 307.505283610026 307.654030354818 307.802777099609 307.450889078776 305.597096761068 303.743304443359 301.889512125651 301.010325113932 301.105743408203 301.201161702474 301.296579996745 300.97021484375 300.503255208333 300.036295572917 299.5693359375 299.508658854167 299.447981770833 299.3873046875 299.489125569661 300.078440348307 300.667755126953 301.257069905599 301.815354410807 302.342608642578 302.869862874349 303.39711710612
311.274245198568 311.562272949219 311.928954264323 312.295635579427 312.662316894531 313.158959147135 313.65560139974 314.152243652344 314.795395507813 315.878076171875 316.960756835938 318.0434375 318.679718424479 318.869599609375 319.059480794271 319.249361979167 315.945994873047 311.478211669922 307.010428466797 302.542645263672 303.687856852213 304.833068440755 305.978280029297 306.398638916016 304.644439697266 302.890240478516 301.136041259766 300.352436930339 300.539427490234 300.72641805013 300.913408610026 300.61798828125 300.161764322917 299.705540364583 299.24931640625 299.132958984375 299.0166015625 298.900244140625 298.92037882487 299.349989827474 299.779600830078 300.209211832682 301.443804931641 303.483380126953 305.522955322266 307.562530517578
309.645534261068 310.00640625 310.600275065104 311.194143880208 311.788012695312 312.644423828125 313.500834960938 314.35724609375 315.229454752604 316.149055989583 317.068657226563 317.988258463542 318.498206380208 318.598500976563 318.698795572917 318.799090169271 314.605081787109 308.979639078776 303.354196370443 297.728753662109 299.870430094401 302.012106526693 304.153782958984 305.346388753255 303.691782633464 302.037176513672 300.38257039388 299.694548746745 299.973111572266 300.251674397786 300.530237223307 300.26576171875 299.8202734375 299.37478515625 298.929296875 298.757259114583 298.585221354167 298.41318359375 298.351632080078 298.621539306641 298.891446533203 299.161353759766 301.072255452474 304.624151611328 308.176047770182 311.727943929036
308.835770263672 309.044965820312 309.4037890625 309.762612304688 310.121435546875 311.199147135417 312.276858723958 313.3545703125 314.401987711589 315.358522542318 316.315057373047 317.271592203776 317.379153238932 316.637740478516 315.896327718099 315.154914957682 311.269219970703 306.335430908203 301.401641845703 296.467852783203 298.491343994141 300.514835205078 302.538326416016 303.725301920573 302.40273030599 301.080158691406 299.757587076823 299.250477701823 299.558830566406 299.86718343099 300.175536295573 299.929001464844 299.49750406901 299.066006673177 298.634509277344 298.432032063802 298.22955485026 298.027077636719 297.915290527344 298.075573730469 298.235856933594 298.396140136719 300.511564941406 304.582131347656 308.652697753906 312.723264160156
308.84495320638 308.677951660156 308.33949625651 308.001040852865 307.662585449219 308.82312906901 309.983672688802 311.144216308594 312.312994384766 313.506475830078 314.699957275391 315.893438720703 315.322559000651 312.987318115234 310.652077229818 308.316836344401 305.938409423828 303.545587158203 301.152764892578 298.759942626953 299.550598551432 300.341254475911 301.131910400391 301.535378417969 300.777282714844 300.019187011719 299.261091308594 299.020223795573 299.296584472656 299.57294514974 299.849305826823 299.607707519531 299.193456217448 298.779204915365 298.364953613281 298.157277832031 297.949602050781 297.741926269531 297.611354166667 297.712093098958 297.81283203125 297.913570963542 299.761733398438 303.357319335938 306.952905273438 310.548491210937
308.854136149089 308.3109375 307.275203450521 306.239469401042 305.203735351562 306.447111002604 307.690486653646 308.933862304688 310.224001057943 311.654429117839 313.084857177734 314.51528523763 313.26596476237 309.336895751953 305.407826741536 301.47875773112 300.607598876953 300.755743408203 300.903887939453 301.052032470703 300.609853108724 300.167673746745 299.725494384766 299.345454915365 299.151835123698 298.958215332031 298.764595540365 298.789969889323 299.034338378906 299.27870686849 299.523075358073 299.286413574219 298.889408365885 298.492403157552 298.095397949219 297.88252360026 297.669649251302 297.456774902344 297.30741780599 297.348612467448 297.389807128906 297.431001790365 299.011901855469 302.132507324219 305.253112792969 308.373718261719
306.991759033203 306.900366210938 306.545458984375 306.190551757812 305.83564453125 306.888785807292 307.941927083333 308.995068359375 310.029252522786 311.006565348307 311.983878173828 312.961190999349 311.927861735026 308.883890380859 305.839919026693 302.795947672526 301.720999755859 301.302392985026 300.883786214193 300.465179443359 300.115920003255 299.766660563151 299.417401123047 299.112904459635 298.942696126302 298.772487792969 298.602279459635 298.615674641927 298.812673339844 299.00967203776 299.206670735677 298.986379394531 298.626991373698 298.267603352865 297.908215332031 297.647587076823 297.386958821615 297.126330566406 296.921834309896 296.885734049479 296.849633789063 296.813533528646 298.107822265625 300.7325 303.357177734375 305.98185546875
305.129381917318 305.489794921875 305.815714518229 306.141634114583 306.467553710938 307.330460611979 308.193367513021 309.056274414062 309.83450398763 310.358701578776 310.882899169922 311.407096761068 310.589758707682 308.430885009766 306.272011311849 304.113137613932 302.834400634766 301.849042561849 300.863684488932 299.878326416016 299.621986897786 299.365647379557 299.109307861328 298.880354003906 298.733557128906 298.586760253906 298.439963378906 298.441379394531 298.591008300781 298.740637207031 298.890266113281 298.686345214844 298.36457438151 298.042803548177 297.721032714844 297.412650553385 297.104268391927 296.795886230469 296.536250813802 296.42285563151 296.309460449219 296.196065266927 297.203742675781 299.332492675781 301.461242675781 303.589992675781
