Data/Climate_Data/Camp_Precip.asc
NCOLS 360 
NROWS 180 
XLLCORNER -180 
YLLCORNER -90 
CELLSIZE 1 
NODATA_value -9999 
[rows 144 to 161 of 180, columns 246 to 286 of 360]
3.92498940345831e-05 3.92222878872417e-05 3.92262087552808e-05 3.923012962332e-05 3.92340504913591e-05 3.92314961936791e-05 3.92095163988415e-05 3.9187536604004e-05 3.91655568091665e-05 3.9394382959775e-05 3.98740150558297e-05 4.03536471518843e-05 4.0833279247939e-05 4.13435793598183e-05 4.18641021436391e-05 4.23846249274599e-05 4.29051477112807e-05 4.30385301782129e-05 4.3171912645145e-05 4.33052951120771e-05 4.33784923613227e-05 4.32711339575083e-05 4.3163775553694e-05 4.30564171498797e-05 4.31632243271451e-05 4.34841970854904e-05 4.38051698438358e-05 4.41261426021811e-05 4.4396769371815e-05 4.46506141452119e-05 4.49044589186087e-05 4.51583036920056e-05 4.68215600509817e-05 4.84848164099579e-05 5.01480727689341e-05 5.11712316074409e-05 5.02740978845395e-05 4.93769641616382e-05 4.84798304387368e-05 4.73848887486383e-05 4.60921390913427e-05
3.86174029457228e-05 3.86209365387913e-05 3.83934739996524e-05 3.81660114605135e-05 3.79385489213746e-05 3.78256455102625e-05 3.80564194832308e-05 3.8287193456199e-05 3.85179674291673e-05 3.8898302494393e-05 3.94281986518763e-05 3.99580948093596e-05 4.04879909668428e-05 4.08911856357008e-05 4.12521464750171e-05 4.16131073143333e-05 4.19740681536496e-05 4.21419541817158e-05 4.23098402097821e-05 4.24777262378484e-05 4.25858356660077e-05 4.25146152944459e-05 4.24433949228842e-05 4.23721745513224e-05 4.24402053370917e-05 4.26474872801919e-05 4.2854769223292e-05 4.30620511663922e-05 4.34394412150141e-05 4.38735339654765e-05 4.43076267159389e-05 4.47417194664013e-05 4.61688562548564e-05 4.75959930433116e-05 4.90231298317667e-05 4.98470114932085e-05 4.88611277736103e-05 4.7875244054012e-05 4.68893603344137e-05 4.56197255213434e-05 4.40663396148011e-05
3.68870038558574e-05 3.69247158232611e-05 3.68925019574817e-05 3.68602880917024e-05 3.6828074225923e-05 3.69150497135706e-05 3.7359593261499e-05 3.78041368094273e-05 3.82486803573556e-05 3.87371155860213e-05 3.92694424954243e-05 3.98017694048273e-05 4.03340963142303e-05 4.06089652096853e-05 4.07980147671575e-05 4.09870643246298e-05 4.11761138821021e-05 4.12632573473578e-05 4.13504008126135e-05 4.14375442778692e-05 4.14979794004466e-05 4.14782894949894e-05 4.14585995895322e-05 4.1438909684075e-05 4.1397118329769e-05 4.13332255266141e-05 4.12693327234592e-05 4.12054399203043e-05 4.19145509658847e-05 4.28813299610435e-05 4.38481089562022e-05 4.4814887951361e-05 4.5654430820529e-05 4.64939736896971e-05 4.73335165588651e-05 4.77210192669493e-05 4.67524014917823e-05 4.57837837166153e-05 4.48151659414483e-05 4.36514591759381e-05 4.22926634200849e-05
3.5156604765992e-05 3.52284951077309e-05 3.53915299153111e-05 3.55545647228913e-05 3.57175995304715e-05 3.60044539168787e-05 3.66627670397672e-05 3.73210801626556e-05 3.7979393285544e-05 3.85759286776496e-05 3.91106863389723e-05 3.96454440002951e-05 4.01802016616178e-05 4.03267447836697e-05 4.0343883059298e-05 4.03610213349263e-05 4.03781596105546e-05 4.03845605129997e-05 4.03909614154448e-05 4.03973623178899e-05 4.04101231348856e-05 4.0441963695533e-05 4.04738042561803e-05 4.05056448168276e-05 4.03540313224463e-05 4.00189637730364e-05 3.96838962236264e-05 3.93488286742164e-05 4.03896607167553e-05 4.18891259566105e-05 4.33885911964656e-05 4.48880564363208e-05 4.51400053862017e-05 4.53919543360826e-05 4.56439032859635e-05 4.55950270406902e-05 4.46436752099544e-05 4.36923233792186e-05 4.27409715484828e-05 4.16831928305328e-05 4.05189872253686e-05
3.4256798341327e-05 3.44147549185436e-05 3.47409508443282e-05 3.50671467701128e-05 3.53933426958974e-05 3.57731805221799e-05 3.63139440499557e-05 3.68547075777315e-05 3.73954711055073e-05 3.79739749284151e-05 3.85902190464549e-05 3.92064631644947e-05 3.98227072825345e-05 4.02262294664979e-05 4.05588443391025e-05 4.08914592117071e-05 4.12240740843117e-05 4.10984949364016e-05 4.09729157884916e-05 4.08473366405815e-05 4.06070840836037e-05 4.00228112994228e-05 3.94385385152418e-05 3.88542657310609e-05 3.84789588376104e-05 3.83126178348903e-05 3.81462768321702e-05 3.79799358294501e-05 3.85029513563495e-05 3.92557523931221e-05 4.00085534298948e-05 4.07613544666674e-05 4.09895127813797e-05 4.12176710960921e-05 4.14458294108044e-05 4.13499189501939e-05 4.02818021636146e-05 3.92136853770353e-05 3.8145568590456e-05 3.74960149444329e-05 3.72650244389661e-05
3.33569919166621e-05 3.36010147293564e-05 3.40903717733454e-05 3.45797288173344e-05 3.50690858613234e-05 3.5541907127481e-05 3.59651210601442e-05 3.63883349928074e-05 3.68115489254706e-05 3.73720211791806e-05 3.80697517539375e-05 3.87674823286943e-05 3.94652129034512e-05 4.01257141493261e-05 4.0773805618907e-05 4.14218970884879e-05 4.20699885580689e-05 4.18124293598036e-05 4.15548701615383e-05 4.1297310963273e-05 4.08040450323218e-05 3.96036589033126e-05 3.84032727743033e-05 3.72028866452941e-05 3.66038863527744e-05 3.66062718967441e-05 3.66086574407139e-05 3.66110429846837e-05 3.66162419959437e-05 3.66223788296338e-05 3.66285156633239e-05 3.6634652497014e-05 3.68390201765578e-05 3.70433878561016e-05 3.72477555356454e-05 3.71048108596976e-05 3.59199291172748e-05 3.4735047374852e-05 3.35501656324292e-05 3.33088370583331e-05 3.40110616525635e-05
3.17603568934525e-05 3.19617538480088e-05 3.2534507336095e-05 3.31072608241811e-05 3.36800143122673e-05 3.42004754929803e-05 3.4564059751574e-05 3.49276440101676e-05 3.52912282687612e-05 3.57513966931341e-05 3.63081492832862e-05 3.68649018734383e-05 3.74216544635904e-05 3.80655718618073e-05 3.87385441960456e-05 3.9411516530284e-05 4.00844888645224e-05 4.00893183541484e-05 4.00941478437744e-05 4.00989773334004e-05 3.98284437445303e-05 3.87318209201718e-05 3.76351980958134e-05 3.6538575271455e-05 3.59549898227366e-05 3.58844417496584e-05 3.58138936765802e-05 3.5743345603502e-05 3.54068195156287e-05 3.49816340894904e-05 3.45564486633521e-05 3.41312632372137e-05 3.40083684325994e-05 3.38854736279851e-05 3.37625788233709e-05 3.33903504118401e-05 3.22701211795599e-05 3.11498919472797e-05 3.00296627149995e-05 2.99168566562002e-05 3.0811473770882e-05
2.94668932716983e-05 2.94969722745009e-05 3.0073357532577e-05 3.06497427906531e-05 3.12261280487292e-05 3.1748885618678e-05 3.2110760124245e-05 3.24726346298121e-05 3.28345091353791e-05 3.31121014702755e-05 3.33054116345011e-05 3.34987217987267e-05 3.36920319629523e-05 3.40458026039414e-05 3.44530600705184e-05 3.48603175370954e-05 3.52675750036724e-05 3.59291619194361e-05 3.65907488351998e-05 3.72523357509635e-05 3.76802802202292e-05 3.74072973500006e-05 3.7134314479772e-05 3.68613316095434e-05 3.65322692474971e-05 3.61471273936331e-05 3.57619855397691e-05 3.53768436859051e-05 3.48746839154046e-05 3.43335181726919e-05 3.37923524299792e-05 3.32511866872665e-05 3.24975575495046e-05 3.17439284117427e-05 3.09902992739808e-05 3.02065376066215e-05 2.93323783504699e-05 2.84582190943183e-05 2.75840598381668e-05 2.73200737380345e-05 2.76662607939215e-05
2.71734296499441e-05 2.70321907009929e-05 2.7612207729059e-05 2.8192224757125e-05 2.8772241785191e-05 2.92972957443756e-05 2.96574604969161e-05 3.00176252494566e-05 3.03777900019971e-05 3.04728062474169e-05 3.0302673985716e-05 3.0132541724015e-05 2.99624094623141e-05 3.00260333460756e-05 3.01675759449912e-05 3.03091185439068e-05 3.04506611428224e-05 3.17690054847238e-05 3.30873498266252e-05 3.44056941685267e-05 3.55321166959281e-05 3.60827737798293e-05 3.66334308637306e-05 3.71840879476319e-05 3.71095486722576e-05 3.64098130376078e-05 3.5710077402958e-05 3.50103417683082e-05 3.43425483151805e-05 3.36854022558934e-05 3.30282561966063e-05 3.23711101373192e-05 3.09867466664097e-05 2.96023831955002e-05 2.82180197245907e-05 2.70227248014028e-05 2.63946355213799e-05 2.5766546241357e-05 2.51384569613341e-05 2.47232908198688e-05 2.45210478169611e-05
3.16847776412033e-05 3.28070440446027e-05 3.35812802465322e-05 3.43555164484618e-05 3.51297526503913e-05 3.57129505331007e-05 3.57230334581497e-05 3.57331163831986e-05 3.57431993082476e-05 3.54308765963651e-05 3.47961482475512e-05 3.41614198987372e-05 3.35266915499233e-05 3.34764167200774e-05 3.36209597298875e-05 3.37655027396977e-05 3.39100457495078e-05 3.42041370458901e-05 3.44982283422723e-05 3.47923196386546e-05 3.58761103901391e-05 3.93289995069305e-05 4.27818886237219e-05 4.62347777405133e-05 4.59819435491227e-05 4.202338604955e-05 3.80648285499774e-05 3.41062710504048e-05 3.2253802055493e-05 3.11033625621349e-05 2.99529230687767e-05 2.88024835754186e-05 2.81468289904296e-05 2.74911744054407e-05 2.68355198204517e-05 2.61863205378177e-05 2.55564871622482e-05 2.49266537866788e-05 2.42968204111094e-05 2.37551952159265e-05 2.33017782011302e-05
3.61961256324624e-05 3.85818973882124e-05 3.95503527640055e-05 4.05188081397985e-05 4.14872635155916e-05 4.21286053218258e-05 4.17886064193832e-05 4.14486075169407e-05 4.11086086144981e-05 4.03889469453134e-05 3.92896225093864e-05 3.81902980734594e-05 3.70909736375324e-05 3.69268000940792e-05 3.70743435147839e-05 3.72218869354886e-05 3.73694303561933e-05 3.66392686070564e-05 3.59091068579194e-05 3.51789451087825e-05 3.62201040843502e-05 4.25752252340317e-05 4.89303463837132e-05 5.52854675333947e-05 5.48543384259877e-05 4.76369590614922e-05 4.04195796969968e-05 3.32022003325013e-05 3.01650557958055e-05 2.85213228683763e-05 2.68775899409472e-05 2.5233857013518e-05 2.53069113144496e-05 2.53799656153812e-05 2.54530199163128e-05 2.53499162742325e-05 2.47183388031165e-05 2.40867613320006e-05 2.34551838608847e-05 2.27870996119843e-05 2.20825085852994e-05
4.03788534458727e-05 4.37919166870415e-05 4.43513730230431e-05 4.49108293590446e-05 4.54702856950462e-05 4.57602861570194e-05 4.52419189969078e-05 4.47235518367961e-05 4.42051846766844e-05 4.30488903657533e-05 4.12546689040028e-05 3.94604474422522e-05 3.76662259805016e-05 3.7643311516149e-05 3.82108327175956e-05 3.87783539190423e-05 3.93458751204889e-05 3.84479295947434e-05 3.75499840689978e-05 3.66520385432523e-05 3.72270076331915e-05 4.22207205701852e-05 4.72144335071789e-05 5.22081464441726e-05 5.12771683133906e-05 4.44214991148328e-05 3.75658299162751e-05 3.07101607177174e-05 2.78548134519951e-05 2.63329068305514e-05 2.48110002091077e-05 2.3289093587664e-05 2.35989853536012e-05 2.39088771195384e-05 2.42187688854756e-05 2.43120942711054e-05 2.37557205158131e-05 2.31993467605207e-05 2.26429730052284e-05 2.20198151752508e-05 2.1329873270588e-05
4.4232961081434e-05 4.84371019410901e-05 4.79843410236451e-05 4.75315801062e-05 4.7078819188755e-05 4.66079930386816e-05 4.60829711907233e-05 4.55579493427649e-05 4.50329274948065e-05 4.3410706857685e-05 4.06912874314003e-05 3.79718680051155e-05 3.52524485788308e-05 3.56259509862866e-05 3.70304273383226e-05 3.84349036903586e-05 3.98393800423946e-05 3.96301200089511e-05 3.94208599755075e-05 3.92115999420639e-05 3.88968210366632e-05 3.82654855153911e-05 3.76341499941191e-05 3.7002814472847e-05 3.52504332113313e-05 3.23770062095718e-05 2.95035792078124e-05 2.6630152206053e-05 2.53230750240618e-05 2.45381144486601e-05 2.37531538732583e-05 2.29681932978565e-05 2.30230511078844e-05 2.30779089179123e-05 2.31327667279402e-05 2.30728545284364e-05 2.26686323003378e-05 2.22644100722391e-05 2.18601878441405e-05 2.14533419057261e-05 2.10438722569961e-05
4.80870687169954e-05 5.30822871951386e-05 5.1617309024247e-05 5.01523308533554e-05 4.86873526824638e-05 4.74556999203439e-05 4.69240233845388e-05 4.63923468487337e-05 4.58606703129287e-05 4.37725233496167e-05 4.01279059587978e-05 3.64832885679789e-05 3.283867117716e-05 3.36085904564243e-05 3.58500219590496e-05 3.8091453461675e-05 4.03328849643003e-05 4.08123104231587e-05 4.12917358820171e-05 4.17711613408756e-05 4.05666344401349e-05 3.43102504605971e-05 2.80538664810592e-05 2.17974825015214e-05 1.92236981092719e-05 2.03325133043108e-05 2.14413284993498e-05 2.25501436943887e-05 2.27913365961285e-05 2.27433220667687e-05 2.26953075374089e-05 2.2647293008049e-05 2.24471168621676e-05 2.22469407162862e-05 2.20467645704048e-05 2.18336147857675e-05 2.15815440848625e-05 2.13294733839575e-05 2.10774026830525e-05 2.08868686362014e-05 2.07578712434042e-05
3.75904809819379e-05 3.87253217922989e-05 3.79278007797742e-05 3.71302797672494e-05 3.63327587547246e-05 3.56681432458572e-05 3.54022442479618e-05 3.51363452500664e-05 3.4870446252171e-05 3.35344053261603e-05 3.11282224720344e-05 2.87220396179085e-05 2.63158567637826e-05 2.69739048962947e-05 2.86533633576861e-05 3.03328218190776e-05 3.2012280280469e-05 3.19983379934759e-05 3.19843957064829e-05 3.19704534194898e-05 3.11167767358711e-05 2.77438968623756e-05 2.437101698888e-05 2.09981371153845e-05 1.99187339118604e-05 2.11328073783079e-05 2.23468808447554e-05 2.35609543112029e-05 2.36666715500178e-05 2.34029367129551e-05 2.31392018758925e-05 2.28754670388298e-05 2.23184303952924e-05 2.1761393751755e-05 2.12043571082177e-05 2.07662234606687e-05 2.0684798801085e-05 2.06033741415013e-05 2.05219494819175e-05 2.03995302338929e-05 2.02361163974274e-05
2.70938932468804e-05 2.43683563894592e-05 2.42382925353013e-05 2.41082286811434e-05 2.39781648269854e-05 2.38805865713706e-05 2.38804651113848e-05 2.3880343651399e-05 2.38802221914132e-05 2.32962873027039e-05 2.2128538985271e-05 2.09607906678381e-05 1.97930423504052e-05 2.03392193361651e-05 2.14567047563226e-05 2.25741901764801e-05 2.36916755966377e-05 2.31843655637931e-05 2.26770555309486e-05 2.2169745498104e-05 2.16669190316073e-05 2.1177543264154e-05 2.06881674967008e-05 2.01987917292475e-05 2.06137697144489e-05 2.1933101452305e-05 2.3252433190161e-05 2.45717649280171e-05 2.4542006503907e-05 2.40625513591416e-05 2.35830962143761e-05 2.31036410696106e-05 2.21897439284173e-05 2.12758467872239e-05 2.03619496460306e-05 1.96988321355699e-05 1.97880535173075e-05 1.9877274899045e-05 1.99664962807825e-05 1.99121918315844e-05 1.97143615514506e-05
2.06497709829515e-05 1.67830723512452e-05 1.69526800649085e-05 1.71222877785719e-05 1.72918954922352e-05 1.74174468944936e-05 1.74108293625371e-05 1.74042118305806e-05 1.73975942986241e-05 1.76241627680914e-05 1.80839172389824e-05 1.85436717098734e-05 1.90034261807644e-05 1.88268877536757e-05 1.84382516939271e-05 1.80496156341784e-05 1.76609795744298e-05 1.79538023318552e-05 1.82466250892806e-05 1.8539447846706e-05 1.89490204502363e-05 1.97088425920811e-05 2.04686647339258e-05 2.12284868757706e-05 2.18538551416714e-05 2.23447695316281e-05 2.28356839215849e-05 2.33265983115416e-05 2.32825540297199e-05 2.30601901906387e-05 2.28378263515575e-05 2.26154625124764e-05 2.15250877954531e-05 2.04347130784299e-05 1.93443383614067e-05 1.85763779639577e-05 1.87756605252313e-05 1.89749430865049e-05 1.91742256477786e-05 1.92226721264888e-05 1.91202825226355e-05
1.82581141901513e-05 1.59694696776569e-05 1.60709633685959e-05 1.61724570595349e-05 1.62739507504739e-05 1.62787242152262e-05 1.59933370014187e-05 1.57079497876111e-05 1.54225625738036e-05 1.65180317223227e-05 1.89943572331686e-05 2.14706827440144e-05 2.39470082548602e-05 2.24369101488264e-05 1.95980041704994e-05 1.67590981921724e-05 1.39201922138454e-05 1.63066482976622e-05 1.8693104381479e-05 2.10795604652958e-05 2.2963080991758e-05 2.33377948461566e-05 2.37125087005552e-05 2.40872225549538e-05 2.36389901935278e-05 2.23678116162773e-05 2.10966330390268e-05 1.98254544617763e-05 1.98883141274564e-05 2.03958532074466e-05 2.09033922874369e-05 2.14109313674271e-05 2.03244619964001e-05 1.92379926253731e-05 1.81515232543461e-05 1.7398860945832e-05 1.76476198248565e-05 1.78963787038811e-05 1.81451375829056e-05 1.8330971118606e-05 1.84538793109823e-05
