Data/Climate_Data/Camp_Precip.asc
NCOLS 360 
NROWS 180 
XLLCORNER -180 
YLLCORNER -90 
CELLSIZE 1 
NODATA_value -9999 
[rows 72 to 89 of 180, columns 205 to 245 of 360]
2.88355095108273e-06 2.57202315575948e-06 2.55239759402078e-06 2.53277203228208e-06 2.51314647054339e-06 2.69199466250332e-06 3.0693166081619e-06 3.44663855382047e-06 3.82396049947905e-06 4.24324198320392e-06 4.67650997961755e-06 5.10977797603118e-06 5.54304597244482e-06 5.42856120470484e-06 5.31407643696487e-06 5.1995916692249e-06 5.35618607197345e-06 6.32601798618756e-06 7.29584990040166e-06 8.26568181461577e-06 8.40370848891325e-06 7.70992992329411e-06 7.01615135767497e-06 6.32237279205583e-06 5.95409364905208e-06 5.6943143135868e-06 5.43453497812152e-06 5.17475564265624e-06 4.97768317776111e-06 4.78061071286599e-06 4.58353824797086e-06 4.39272839685145e-06 4.22070638705918e-06 4.04868437726691e-06 3.87666236747464e-06 3.738544683074e-06 3.63433132406499e-06 3.53011796505598e-06 3.42590460604697e-06 3.31413193634944e-06 3.1998394964224e-06
2.00407748707221e-06 1.73481386582353e-06 1.71236096093708e-06 1.68990805605063e-06 1.66745515116418e-06 1.7673560713168e-06 1.9896108165085e-06 2.2118655617002e-06 2.4341203068919e-06 3.01922218568507e-06 3.72527310901205e-06 4.43132403233903e-06 5.13737495566602e-06 5.05226662426139e-06 4.96715829285677e-06 4.88204996145214e-06 5.00330598394309e-06 5.74365506812076e-06 6.48400415229844e-06 7.22435323647611e-06 7.42385268191962e-06 7.08250248862896e-06 6.7411522953383e-06 6.39980210204764e-06 6.06781479291385e-06 5.73894844516569e-06 5.41008209741752e-06 5.08121574966936e-06 4.89621666929452e-06 4.71121758891968e-06 4.52621850854484e-06 4.35168029980559e-06 4.2085247059731e-06 4.06536911214062e-06 3.92221351830813e-06 3.79768397579028e-06 3.69178048458707e-06 3.58587699338386e-06 3.47997350218066e-06 3.38505382387666e-06 3.29379541653907e-06
1.12460402306169e-06 8.97604575887575e-07 8.72324327853373e-07 8.4704407981917e-07 8.21763831784968e-07 8.4271748013028e-07 9.09905024855107e-07 9.77092569579933e-07 1.04428011430476e-06 1.79520238816622e-06 2.77403623840655e-06 3.75287008864689e-06 4.73170393888722e-06 4.67597204381794e-06 4.62024014874866e-06 4.56450825367938e-06 4.65042589591273e-06 5.16129215005397e-06 5.67215840419522e-06 6.18302465833646e-06 6.44399687492599e-06 6.45507505396381e-06 6.46615323300163e-06 6.47723141203945e-06 6.18153593677562e-06 5.78358257674457e-06 5.38562921671352e-06 4.98767585668247e-06 4.81475016082792e-06 4.64182446497337e-06 4.46889876911882e-06 4.31063220275973e-06 4.19634302488703e-06 4.08205384701432e-06 3.96776466914162e-06 3.85682326850656e-06 3.74922964510915e-06 3.64163602171175e-06 3.53404239831434e-06 3.45597571140388e-06 3.38775133665573e-06
7.66969064898149e-07 5.80408477617311e-07 5.42050247531734e-07 5.03692017446156e-07 4.65333787360578e-07 4.61745012216852e-07 4.92925692014978e-07 5.24106371813104e-07 5.55287051611231e-07 1.19603522534817e-06 2.03997256373138e-06 2.88390990211459e-06 3.72784724049779e-06 4.31863768502202e-06 4.90942812954624e-06 5.50021857407046e-06 5.93649892228617e-06 5.90924898157634e-06 5.8819990408665e-06 5.85474910015667e-06 5.97086108731067e-06 6.2303350023285e-06 6.48980891734633e-06 6.74928283236416e-06 6.42755965600372e-06 5.91210411585052e-06 5.39664857569733e-06 4.88119303554413e-06 4.72613908035176e-06 4.57108512515939e-06 4.41603116996703e-06 4.27795741416048e-06 4.19082425651141e-06 4.10369109886233e-06 4.01655794121325e-06 3.92107309986992e-06 3.81723657483235e-06 3.71340004979478e-06 3.6095635247572e-06 3.54062330188754e-06 3.48331517974051e-06
9.31172612581577e-07 7.83225571012736e-07 7.21538719972159e-07 6.59851868931582e-07 5.98165017891006e-07 6.24438667576517e-07 7.38672817988117e-07 8.52906968399717e-07 9.67141118811317e-07 1.22172069723092e-06 1.52308208498653e-06 1.82444347274213e-06 2.12580486049774e-06 3.98026354787362e-06 5.8347222352495e-06 7.68918092262538e-06 8.86152506306341e-06 7.98752556268786e-06 7.1135260623123e-06 6.23952656193675e-06 6.00444531907366e-06 6.40828233372304e-06 6.81211934837241e-06 7.21595636302178e-06 6.80588595059817e-06 6.12451306248355e-06 5.44314017436894e-06 4.76176728625433e-06 4.63038342786604e-06 4.49899956947775e-06 4.36761571108946e-06 4.25365593400784e-06 4.19196840084624e-06 4.13028086768463e-06 4.06859333452303e-06 3.99043346988037e-06 3.89580127375666e-06 3.80116907763295e-06 3.70653688150924e-06 3.63899659532763e-06 3.58048694579338e-06
1.095376160265e-06 9.8604266440816e-07 9.01027192412585e-07 8.16011720417009e-07 7.30996248421434e-07 7.87132322936183e-07 9.84419943961257e-07 1.18170756498633e-06 1.3789951860114e-06 1.24740616911367e-06 1.00619160624168e-06 7.64977043369678e-07 5.2376248049768e-07 3.64188941072522e-06 6.76001634095276e-06 9.87814327118031e-06 1.17865512038406e-05 1.00658021437994e-05 8.3450530837581e-06 6.62430402371683e-06 6.03802955083665e-06 6.58622966511757e-06 7.13442977939849e-06 7.6826298936794e-06 7.18421224519261e-06 6.33692200911658e-06 5.48963177304055e-06 4.64234153696452e-06 4.53462777538031e-06 4.4269140137961e-06 4.31920025221189e-06 4.22935445385519e-06 4.19311254518107e-06 4.15687063650694e-06 4.12062872783281e-06 4.05979383989082e-06 3.97436597268097e-06 3.88893810547112e-06 3.80351023826127e-06 3.73736988876772e-06 3.67765871184626e-06
3.38237486630533e-06 2.93777731561325e-06 3.36211323125705e-06 3.78644914690085e-06 4.21078506254465e-06 4.43014085097578e-06 4.44451651219424e-06 4.4588921734127e-06 4.47326783463116e-06 4.25764366127623e-06 3.96535287639684e-06 3.67306209151745e-06 3.38077130663805e-06 5.81496316272023e-06 8.24915501880241e-06 1.06833468748846e-05 1.23314879419922e-05 1.16214766421763e-05 1.09114653423603e-05 1.02014540425444e-05 9.61356940024416e-06 9.14781141545973e-06 8.6820534306753e-06 8.21629544589086e-06 7.49661559893866e-06 6.69229513126387e-06 5.88797466358907e-06 5.08365419591428e-06 4.9400963022587e-06 4.79653840860313e-06 4.65298051494756e-06 4.55076699533189e-06 4.57258659783596e-06 4.59440620034002e-06 4.61622580284408e-06 4.61919424803151e-06 4.60331153590232e-06 4.58742882377313e-06 4.57154611164394e-06 4.58598707155033e-06 4.61053592213527e-06
5.66937357234565e-06 4.88951196681834e-06 5.82319927010152e-06 6.75688657338469e-06 7.69057387666787e-06 8.07314937901537e-06 7.90461308042722e-06 7.73607678183907e-06 7.56754048325092e-06 7.26788115343879e-06 6.924514146552e-06 6.58114713966521e-06 6.23778013277843e-06 7.98803691471524e-06 9.73829369665206e-06 1.14885504785889e-05 1.28764246801438e-05 1.31771511405532e-05 1.34778776009625e-05 1.37786040613719e-05 1.31891092496517e-05 1.17093931658019e-05 1.02296770819521e-05 8.74996099810232e-06 7.80901895268471e-06 7.04766825341115e-06 6.28631755413759e-06 5.52496685486403e-06 5.3455648291371e-06 5.16616280341016e-06 4.98676077768323e-06 4.87217953680859e-06 4.95206065049085e-06 5.0319417641731e-06 5.11182287785535e-06 5.17859465617221e-06 5.23225709912367e-06 5.28591954207513e-06 5.3395819850266e-06 5.43460425433295e-06 5.54341313242427e-06
1.16034850361757e-05 1.17756659650089e-05 1.36673569310612e-05 1.55590478971135e-05 1.74507388631658e-05 1.82808008685242e-05 1.80492339131888e-05 1.78176669578534e-05 1.75861000025179e-05 1.61391226720298e-05 1.4287008549824e-05 1.24348944276183e-05 1.05827803054126e-05 1.19366948638344e-05 1.32906094222562e-05 1.46445239806781e-05 1.59890746969419e-05 1.73055338867319e-05 1.86219930765219e-05 1.99384522663119e-05 1.95983113371767e-05 1.76015702891164e-05 1.5604829241056e-05 1.36080881929956e-05 1.22552762331907e-05 1.11171073028042e-05 9.97893837241766e-06 8.84076944203116e-06 8.68412942509167e-06 8.52748940815218e-06 8.37084939121269e-06 8.35972879334198e-06 8.78516645267761e-06 9.21060411201324e-06 9.63604177134888e-06 9.9560468273315e-06 1.01706192799611e-05 1.03851917325907e-05 1.05997641852203e-05 1.08137287315913e-05 1.10274906425426e-05
2.11847092577955e-05 2.35962393101848e-05 2.6894586214136e-05 3.01929331180872e-05 3.34912800220385e-05 3.50530953195024e-05 3.4878379010479e-05 3.47036627014556e-05 3.45289463924322e-05 3.08713682170492e-05 2.6052836086213e-05 2.12343039553768e-05 1.64157718245406e-05 1.76609370100778e-05 1.89061021956149e-05 2.01512673811521e-05 2.16694379923865e-05 2.40066248807125e-05 2.63438117690384e-05 2.86809986573644e-05 2.88411756628193e-05 2.68243427854031e-05 2.4807509907987e-05 2.27906770305708e-05 2.08353874404565e-05 1.89006122794429e-05 1.69658371184293e-05 1.50310619574157e-05 1.49557900901224e-05 1.48805182228292e-05 1.48052463555359e-05 1.5013414764932e-05 1.60719040043962e-05 1.71303932438605e-05 1.81888824833247e-05 1.89515507615094e-05 1.94183980784146e-05 1.98852453953198e-05 2.03520927122251e-05 2.07233605033252e-05 2.10627684524904e-05
3.07659334794152e-05 3.54168126553608e-05 4.01218154972109e-05 4.4826818339061e-05 4.95318211809111e-05 5.18253897704805e-05 5.17075241077691e-05 5.15896584450578e-05 5.14717927823464e-05 4.56036137620686e-05 3.78186636226019e-05 3.00337134831352e-05 2.22487633436685e-05 2.33851791563211e-05 2.45215949689737e-05 2.56580107816262e-05 2.73498012878311e-05 3.07077158746931e-05 3.4065630461555e-05 3.74235450484169e-05 3.80840399884619e-05 3.60471152816899e-05 3.40101905749179e-05 3.1973265868146e-05 2.94154986477224e-05 2.66841172560817e-05 2.39527358644409e-05 2.12213544728002e-05 2.12274507551532e-05 2.12335470375062e-05 2.12396433198592e-05 2.16671007365221e-05 2.33586415561149e-05 2.50501823757077e-05 2.67417231953004e-05 2.79470546956873e-05 2.86661768768681e-05 2.9385299058049e-05 3.01044212392298e-05 3.06329922750592e-05 3.10980462624381e-05
4.13841746922117e-05 4.41166718762057e-05 4.76842372639415e-05 5.12518026516773e-05 5.48193680394131e-05 5.64132745300109e-05 5.60335221234709e-05 5.56537697169309e-05 5.52740173103909e-05 4.98991061613197e-05 4.28591420980714e-05 3.58191780348231e-05 2.87792139715748e-05 2.95889033926263e-05 3.03985928136778e-05 3.12082822347293e-05 3.26825386340109e-05 3.6150495967983e-05 3.9618453301955e-05 4.30864106359271e-05 4.5136042269102e-05 4.57673482014798e-05 4.63986541338575e-05 4.70299600662353e-05 4.55814024462597e-05 4.34395569754997e-05 4.12977115047397e-05 3.91558660339797e-05 3.91057484618311e-05 3.90556308896824e-05 3.90055133175338e-05 3.93671104150902e-05 4.09638515217618e-05 4.25605926284334e-05 4.4157333735105e-05 4.52949564351002e-05 4.5973460728419e-05 4.66519650217379e-05 4.73304693150567e-05 4.78260742966086e-05 4.82607128409048e-05
5.20024159050081e-05 5.28165310970508e-05 5.52466590306722e-05 5.76767869642936e-05 6.0106914897915e-05 6.10011592895413e-05 6.03595201391727e-05 5.9717880988804e-05 5.90762418384353e-05 5.41945985605707e-05 4.78996205735408e-05 4.16046425865109e-05 3.5309664599481e-05 3.57926276289315e-05 3.62755906583819e-05 3.67585536878323e-05 3.80152759801907e-05 4.15932760612729e-05 4.51712761423551e-05 4.87492762234372e-05 5.21880445497421e-05 5.54875811212696e-05 5.87871176927971e-05 6.20866542643247e-05 6.17473062447971e-05 6.01949966949178e-05 5.86426871450385e-05 5.70903775951592e-05 5.69840461685089e-05 5.68777147418587e-05 5.67713833152084e-05 5.70671200936582e-05 5.85690614874087e-05 6.00710028811591e-05 6.15729442749095e-05 6.26428581745131e-05 6.32807445799699e-05 6.39186309854267e-05 6.45565173908835e-05 6.50191563181579e-05 6.54233794193715e-05
5.79873754759319e-05 5.68131811936231e-05 5.76944034643626e-05 5.85756257351022e-05 5.94568480058418e-05 5.97877820352248e-05 5.95684278232511e-05 5.93490736112775e-05 5.91297193993038e-05 5.4845167323947e-05 4.9205549294129e-05 4.35659312643111e-05 3.79263132344931e-05 3.94403560009475e-05 4.09543987674018e-05 4.24684415338561e-05 4.45009796142889e-05 4.80890036366569e-05 5.1677027659025e-05 5.52650516813931e-05 5.90842570333431e-05 6.3134643714875e-05 6.71850303964069e-05 7.12354170779387e-05 7.19373262836598e-05 7.15230763307773e-05 7.11088263778947e-05 7.06945764250122e-05 7.06006284841957e-05 7.05066805433792e-05 7.04127326025628e-05 7.0706498324095e-05 7.21634050326732e-05 7.36203117412515e-05 7.50772184498298e-05 7.6149812375661e-05 7.68380935187452e-05 7.75263746618293e-05 7.82146558049135e-05 7.87085149204358e-05 7.91375666934376e-05
5.93390534049831e-05 5.61066221659227e-05 5.5027470565013e-05 5.39483189641032e-05 5.28691673631935e-05 5.27731427670612e-05 5.36602451757062e-05 5.45473475843513e-05 5.54344499929963e-05 5.18508124514483e-05 4.67769282598359e-05 4.17030440682235e-05 3.66291598766111e-05 4.05320885086743e-05 4.44350171407374e-05 4.83379457728006e-05 5.21396495363054e-05 5.56376786941352e-05 5.9135707851965e-05 6.26337370097948e-05 6.58246797199051e-05 6.87085359822959e-05 7.15923922446867e-05 7.44762485070775e-05 7.61514625628479e-05 7.74237958830781e-05 7.86961292033084e-05 7.99684625235386e-05 7.99554954088914e-05 7.99425282942442e-05 7.99295611795969e-05 8.02852451064003e-05 8.17468821575555e-05 8.32085192087106e-05 8.46701562598658e-05 8.58158190385438e-05 8.66455075447448e-05 8.74751960509457e-05 8.83048845571466e-05 8.88941501034424e-05 8.94032746631031e-05
6.06907313340344e-05 5.54000631382223e-05 5.23605376656633e-05 4.93210121931043e-05 4.62814867205452e-05 4.57585034988976e-05 4.77520625281613e-05 4.97456215574251e-05 5.17391805866888e-05 4.88564575789496e-05 4.43483072255428e-05 3.98401568721359e-05 3.5332006518729e-05 4.16238210164011e-05 4.79156355140731e-05 5.42074500117451e-05 5.9778319458322e-05 6.31863537516134e-05 6.65943880449049e-05 7.00024223381964e-05 7.2565102406467e-05 7.42824282497168e-05 7.59997540929665e-05 7.77170799362163e-05 8.0365598842036e-05 8.3324515435379e-05 8.6283432028722e-05 8.9242348622065e-05 8.93103623335871e-05 8.93783760451091e-05 8.94463897566311e-05 8.98639918887056e-05 9.13303592824377e-05 9.27967266761698e-05 9.42630940699018e-05 9.54818257014267e-05 9.64529215707444e-05 9.7424017440062e-05 9.83951133093797e-05 9.90797852864489e-05 9.96689826327686e-05
6.06057795812376e-05 5.74453371518757e-05 5.45697221241426e-05 5.16941070964094e-05 4.88184920686763e-05 4.71875898559423e-05 4.68014004582074e-05 4.64152110604725e-05 4.60290216627376e-05 4.32101839396637e-05 3.95804634414768e-05 3.595074294329e-05 3.23210224451032e-05 3.72426105604973e-05 4.21641986758914e-05 4.70857867912855e-05 5.21073466128049e-05 5.74288215527e-05 6.27502964925952e-05 6.80717714324904e-05 7.20856459035228e-05 7.47919199056923e-05 7.74981939078619e-05 8.02044679100315e-05 8.28511951840483e-05 8.54780735486808e-05 8.81049519133133e-05 9.07318302779459e-05 9.09542696899734e-05 9.1176709102001e-05 9.13991485140286e-05 9.1967750825764e-05 9.35748418366226e-05 9.51819328474812e-05 9.67890238583398e-05 9.81407665919202e-05 9.92371610482224e-05 0.000100333555504524 0.000101429949960827 0.00010221132193692 0.000102887686419611
6.05208278284408e-05 5.94906111655291e-05 5.67789065826219e-05 5.40672019997146e-05 5.13554974168073e-05 4.86166762129869e-05 4.58507383882534e-05 4.30848005635198e-05 4.03188627387863e-05 3.75639103003778e-05 3.48126196574109e-05 3.20613290144441e-05 2.93100383714773e-05 3.28614001045935e-05 3.64127618377097e-05 3.99641235708259e-05 4.44363737672878e-05 5.16712893537867e-05 5.89062049402855e-05 6.61411205267844e-05 7.16061894005785e-05 7.53014115616679e-05 7.89966337227573e-05 8.26918558838467e-05 8.53367915260605e-05 8.76316316619826e-05 8.99264717979046e-05 9.22213119338267e-05 9.25981770463598e-05 9.2975042158893e-05 9.33519072714262e-05 9.40715097628223e-05 9.58193243908075e-05 9.75671390187927e-05 9.93149536467778e-05 0.000100799707482414 0.0001020214005257 0.000103243093568987 0.000104464786612273 0.000105342858587392 0.000106106390206454
