Data/Climate_Data/Camp_Temp.asc
NCOLS 360 
NROWS 180 
XLLCORNER -180 
YLLCORNER -90 
CELLSIZE 1 
NODATA_value -9999 
[rows 80 to 99 of 180, columns 92 to 137 of 360]
305.53056233724 305.501053873698 305.459730224609 305.414468180339 305.369206136068 305.323944091797 305.263369547526 305.202795003255 305.142220458984 305.080826822917 305.016975911458 304.953125 304.889274088542 304.826008300781 304.763327636719 304.700646972656 304.637966308594 304.579990234375 304.523582356771 304.467174479167 304.410766601562 304.358201497396 304.305636393229 304.253071289062 304.201547444661 304.153147379557 304.104747314453 304.056347249349 304.012516682943 303.973255615234 303.933994547526 303.894733479818 303.854285888672 303.813442789714 303.772599690755 303.731756591797 303.674045003255 303.616333414714 303.558621826172 303.512433268229 303.500813802083 303.489194335938 303.477574869792 303.505028483073 303.571555175781 303.63808186849
305.447786458333 305.418961588542 305.379898681641 305.337423095703 305.294947509766 305.252471923828 305.197978108724 305.14348429362 305.088990478516 305.033182779948 304.97343343099 304.913684082031 304.853934733073 304.795419921875 304.738139648438 304.680859375 304.623579101562 304.569572753906 304.516657714844 304.463742675781 304.410827636719 304.361595865885 304.312364095052 304.263132324219 304.213203531901 304.16118367513 304.109163818359 304.057143961589 304.004892171224 303.952408447266 303.899924723307 303.847440999349 303.773355712891 303.692069905599 303.610784098307 303.529498291016 303.433039957682 303.336581624349 303.240123291016 303.190591634115 303.28184000651 303.373088378906 303.464336751302 303.549252929688 303.627836914063 303.706420898438
305.365010579427 305.336869303385 305.300067138672 305.260378011068 305.220688883464 305.180999755859 305.132586669922 305.084173583984 305.035760498047 304.985538736979 304.929890950521 304.874243164062 304.818595377604 304.764831542969 304.712951660156 304.661071777344 304.609191894531 304.559155273437 304.509733072917 304.460310872396 304.410888671875 304.364990234375 304.319091796875 304.273193359375 304.224859619141 304.169219970703 304.113580322266 304.057940673828 303.997267659505 303.931561279297 303.865854899089 303.80014851888 303.692425537109 303.570697021484 303.448968505859 303.327239990234 303.192034912109 303.056829833984 302.921624755859 302.86875 303.062866210938 303.256982421875 303.451098632813 303.593477376302 303.684118652344 303.774759928385
305.100280761719 305.078181152344 305.049368896484 305.018319091797 304.987269287109 304.956219482422 304.917197672526 304.87817586263 304.839154052734 304.798679199219 304.753845214844 304.709011230469 304.664177246094 304.619627278646 304.575361328125 304.531095377604 304.486829427083 304.441420898438 304.395631510417 304.349842122396 304.304052734375 304.263990885417 304.223929036458 304.1838671875 304.139403889974 304.081736246745 304.024068603516 303.966400960286 303.912947998047 303.863709716797 303.814471435547 303.765233154297 303.680057373047 303.58290242513 303.485747477214 303.388592529297 303.354295654297 303.319998779297 303.285701904297 303.381534016927 303.867753092448 304.353972167969 304.84019124349 304.851892903646 304.389077148438 303.926261393229
304.83555094401 304.819493001302 304.798670654297 304.776260172526 304.753849690755 304.731439208984 304.70180867513 304.672178141276 304.642547607422 304.611819661458 304.577799479167 304.543779296875 304.509759114583 304.474423014323 304.437770996094 304.401118977865 304.364466959635 304.323686523437 304.281529947917 304.239373372396 304.197216796875 304.162991536458 304.128766276042 304.094541015625 304.053948160807 303.994252522786 303.934556884766 303.874861246745 303.828628336589 303.795858154297 303.763087972005 303.730317789714 303.667689208984 303.595107828776 303.522526448568 303.449945068359 303.516556396484 303.583167724609 303.649779052734 303.894318033854 304.672639973958 305.450961914062 306.229283854167 306.11030843099 305.094035644531 304.077762858073
304.478312174479 304.472044270833 304.462124023437 304.450986328125 304.439848632813 304.4287109375 304.411293945312 304.393876953125 304.376459960937 304.358017171224 304.336496988932 304.314976806641 304.293456624349 304.269815673828 304.244053955078 304.218292236328 304.192530517578 304.160146484375 304.125555013021 304.090963541667 304.056372070312 304.028797200521 304.001222330729 303.973647460938 303.940049235026 303.888380940755 303.836712646484 303.785044352214 303.753882242839 303.743226318359 303.73257039388 303.721914469401 303.684105224609 303.637244873047 303.590384521484 303.543524169922 303.716156005859 303.888787841797 304.061419677734 304.34303507487 304.951601155599 305.560167236328 306.168733317057 305.875468343099 304.680372314453 303.485276285807
304.028564453125 304.035834960937 304.039729003906 304.042497558594 304.045266113281 304.048034667969 304.045653483073 304.043272298177 304.040891113281 304.037271728516 304.029937744141 304.022603759766 304.015269775391 304.005805257161 303.994210205078 303.982615152995 303.971020100911 303.95080078125 303.927706705729 303.904612630208 303.881518554687 303.861407877604 303.841297200521 303.821186523438 303.79770711263 303.764121500651 303.730535888672 303.696950276693 303.688709716797 303.705814208984 303.722918701172 303.740023193359 303.729305419922 303.709313557943 303.689321695964 303.669329833984 303.953094482422 304.236859130859 304.520623779297 304.727685139974 304.70463663737 304.681588134766 304.658539632161 304.147372639974 303.148087158203 302.148801676432
303.578816731771 303.599625651042 303.617333984375 303.634008789062 303.65068359375 303.667358398438 303.680013020833 303.692667643229 303.705322265625 303.716526285807 303.723378499349 303.730230712891 303.737082926432 303.741794840495 303.744366455078 303.746938069661 303.749509684245 303.741455078125 303.729858398438 303.71826171875 303.706665039062 303.694018554687 303.681372070313 303.668725585938 303.655364990234 303.639862060547 303.624359130859 303.608856201172 303.623537190755 303.668402099609 303.713267008464 303.758131917318 303.774505615234 303.781382242839 303.788258870443 303.795135498047 304.190032958984 304.584930419922 304.979827880859 305.112335205078 304.457672119141 303.803009033203 303.148345947266 302.419276936849 301.615802001953 300.812327067057
303.051774088542 303.076023763021 303.101186523437 303.126653645833 303.152120768229 303.177587890625 303.205333658854 303.233079427083 303.260825195312 303.288596598307 303.316444905599 303.344293212891 303.372141520182 303.400823160807 303.430338134766 303.459853108724 303.489368082682 303.508664550781 303.52455485026 303.54044514974 303.556335449219 303.579655761719 303.602976074219 303.626296386719 303.647186279297 303.660784912109 303.674383544922 303.687982177734 303.770137125651 303.920848388672 304.071559651693 304.222270914714 304.257540283203 304.254329020182 304.251117757161 304.247906494141 304.389255777995 304.530605061849 304.671954345703 304.571760660807 303.746938069661 302.922115478516 302.09729288737 301.284338785807 300.483253173828 299.682167561849
302.524731445312 302.552421875 302.5850390625 302.619298502604 302.653557942708 302.687817382813 302.730654296875 302.773491210937 302.816328125 302.860666910807 302.909511311849 302.958355712891 303.007200113932 303.05985148112 303.116309814453 303.172768147786 303.22922648112 303.275874023437 303.319251302083 303.362628580729 303.406005859375 303.46529296875 303.524580078125 303.5838671875 303.639007568359 303.681707763672 303.724407958984 303.767108154297 303.916737060547 304.173294677734 304.429852294922 304.686409912109 304.740574951172 304.727275797526 304.71397664388 304.700677490234 304.588478597005 304.476279703776 304.364080810547 304.031186116536 303.036204020182 302.041221923828 301.046239827474 300.149400634766 299.350704345703 298.552008056641
302.221756998698 302.250166829427 302.285263671875 302.322589518229 302.359915364583 302.397241210938 302.447194010417 302.497146809896 302.547099609375 302.599451090495 302.658998616536 302.718546142578 302.77809366862 302.845134684245 302.919669189453 302.994203694661 303.06873819987 303.135961914062 303.200748697917 303.265535481771 303.330322265625 303.422805989583 303.515289713542 303.6077734375 303.696809895833 303.775504557292 303.85419921875 303.932893880208 304.045985514323 304.193474121094 304.340962727865 304.488451334635 304.684952392578 304.897790934245 305.110629475911 305.323468017578 304.93764444987 304.551820882161 304.165997314453 303.644748942057 302.717226155599 301.789703369141 300.862180582682 300.092502034505 299.480667724609 298.868833414714
302.142850748698 302.169258626302 302.201860351562 302.236526692708 302.271193033854 302.305859375 302.354952799479 302.404046223958 302.453139648438 302.50494913737 302.564906819661 302.624864501953 302.684822184245 302.756672770182 302.840416259766 302.924159749349 303.007903238932 303.088928222656 303.16904703776 303.249165852865 303.329284667969 303.452194824219 303.575104980469 303.698015136719 303.820593261719 303.942175292969 304.063757324219 304.185339355469 304.157882486979 303.98138671875 303.804890950521 303.628395182292 304.090672607422 304.765874430339 305.441076253255 306.116278076172 305.436753336589 304.757228597005 304.077703857422 303.41244913737 302.790004475911 302.167559814453 301.545115152995 301.113642985026 300.873143310547 300.632643636068
302.063944498698 302.088350423177 302.11845703125 302.150463867187 302.182470703125 302.214477539062 302.262711588542 302.310945638021 302.3591796875 302.410447184245 302.470815022786 302.531182861328 302.59155069987 302.66821085612 302.761163330078 302.854115804036 302.947068277995 303.04189453125 303.137345377604 303.232796223958 303.328247070312 303.481583658854 303.634920247396 303.788256835937 303.944376627604 304.108846028646 304.273315429688 304.437784830729 304.269779459635 303.769299316406 303.268819173177 302.768339029948 303.496392822266 304.633957926432 305.771523030599 306.909088134766 305.935862223307 304.962636311849 303.989410400391 303.180149332682 302.862782796224 302.545416259766 302.228049723307 302.134783935547 302.265618896484 302.396453857422
302.009619140625 302.026772460937 302.051357421875 302.078419596354 302.105481770833 302.132543945312 302.177327473958 302.222111002604 302.26689453125 302.314229736328 302.369219970703 302.424210205078 302.479200439453 302.550572509766 302.638326416016 302.726080322266 302.813834228516 302.902990722656 302.992614746094 303.082238769531 303.171862792969 303.331341959635 303.490821126302 303.650300292969 303.812294108073 303.98183186849 304.151369628906 304.320907389323 304.2908984375 304.061342773437 303.831787109375 303.602231445312 304.186212158203 305.041371663411 305.89653116862 306.751690673828 306.23061319987 305.709535725911 305.188458251953 304.798553466797 304.802166748047 304.805780029297 304.809393310547 304.898611246745 305.073433837891 305.248256429036
301.955293782552 301.965194498698 301.9842578125 302.006375325521 302.028492838542 302.050610351563 302.091943359375 302.133276367188 302.174609375 302.218012288412 302.26762491862 302.317237548828 302.366850179036 302.432934163411 302.515489501953 302.598044840495 302.680600179036 302.764086914062 302.847884114583 302.931681315104 303.015478515625 303.181100260417 303.346722005208 303.51234375 303.680211588542 303.854817708333 304.029423828125 304.204029947917 304.312017415365 304.353386230469 304.394755045573 304.436123860677 304.876031494141 305.448785400391 306.021539306641 306.594293212891 306.525364176432 306.456435139974 306.387506103516 306.416957600911 306.74155069987 307.066143798828 307.390736897786 307.662438557943 307.881248779297 308.100059000651
301.833658854167 301.834939778646 301.845732421875 301.859695638021 301.873658854167 301.887622070313 301.920815429688 301.954008789063 301.987202148438 302.022835286458 302.065787760417 302.108740234375 302.151692708333 302.21111328125 302.287001953125 302.362890625 302.438779296875 302.517403564453 302.596939697266 302.676475830078 302.756011962891 302.921168212891 303.086324462891 303.251480712891 303.423080647786 303.61401163737 303.804942626953 303.995873616536 304.167260335286 304.319102783203 304.47094523112 304.622787679036 305.477662353516 306.566881103516 307.656099853516 308.745318603516 308.948332926432 309.151347249349 309.354361572266 309.525421549479 309.600618489583 309.675815429687 309.751012369792 309.842237955729 309.9494921875 310.056746419271
301.644714355469 301.636008300781 301.63578125 301.638380533854 301.640979817708 301.643579101563 301.663943684896 301.684308268229 301.704672851562 301.728698730469 301.763708496094 301.798718261719 301.833728027344 301.885109863281 301.952863769531 302.020617675781 302.088371582031 302.162940673828 302.239781494141 302.316622314453 302.393463134766 302.551545817057 302.709628499349 302.867711181641 303.040901285807 303.259413655599 303.477926025391 303.696438395182 303.856627197266 303.958492431641 304.060357666016 304.162222900391 305.991104736328 308.395658772786 310.800212809245 313.204766845703 313.49951944987 313.794272054036 314.089024658203 314.1239453125 313.379370117188 312.634794921875 311.890219726562 311.438009440104 311.2781640625 311.118318684896
301.455769856771 301.437076822917 301.425830078125 301.417065429688 301.40830078125 301.399536132812 301.407071940104 301.414607747396 301.422143554687 301.434562174479 301.461629231771 301.488696289062 301.515763346354 301.559106445313 301.618725585937 301.678344726562 301.737963867188 301.808477783203 301.882623291016 301.956768798828 302.030914306641 302.181923421224 302.332932535807 302.483941650391 302.658721923828 302.904815673828 303.150909423828 303.397003173828 303.545994059245 303.597882080078 303.649770100911 303.701658121745 306.504547119141 310.224436442057 313.944325764974 317.664215087891 318.050705973307 318.437196858724 318.823687744141 318.722469075521 317.158121744792 315.593774414063 314.029427083333 313.033780924479 312.6068359375 312.179890950521
301.062731933594 301.034094238281 301.011433105469 300.990764160156 300.970095214844 300.949426269531 300.942010904948 300.934595540365 300.927180175781 300.924401855469 300.935534667969 300.946667480469 300.957800292969 300.986123860677 301.031638183594 301.07715250651 301.122666829427 301.189031982422 301.262347412109 301.335662841797 301.408978271484 301.554245198568 301.699512125651 301.844779052734 302.013197835287 302.251072184245 302.488946533203 302.726820882161 302.850116780599 302.858834228516 302.867551676432 302.876269124349 305.805728759766 309.708769124349 313.611809488932 317.514849853516 317.916584879557 318.318319905599 318.720054931641 318.845904947917 318.144099934896 317.442294921875 316.740489908854 315.826975911458 314.701752929687 313.576529947917
300.669694010417 300.631111653646 300.597036132812 300.564462890625 300.531889648437 300.49931640625 300.476949869792 300.454583333333 300.432216796875 300.414241536458 300.409440104167 300.404638671875 300.399837239583 300.413141276042 300.44455078125 300.475960286458 300.507369791667 300.569586181641 300.642071533203 300.714556884766 300.787042236328 300.926566975911 301.066091715495 301.205616455078 301.367673746745 301.597328694661 301.826983642578 302.056638590495 302.154239501953 302.119786376953 302.085333251953 302.050880126953 305.106910400391 309.193101806641 313.279293212891 317.365484619141 317.782463785807 318.199442952474 318.616422119141 318.969340820312 319.130078125 319.290815429688 319.451552734375 318.620170898437 316.796669921875 314.973168945312
