Data/Climate_Data/Maas_Precip.asc
NCOLS 360 
NROWS 180 
XLLCORNER -180 
YLLCORNER -90 
CELLSIZE 1 
NODATA_value -9999 
[rows 54 to 71 of 180, columns 287 to 327 of 360]
1.38011662177936e-05 1.67782871600745e-05 1.54005849253736e-05 1.2571274965012e-05 9.74196500465041e-06 6.91265504428884e-06 7.46484851939992e-06 8.01704199451099e-06 8.56923546962207e-06 9.27143902420842e-06 1.04236728172206e-05 1.15759066102328e-05 1.2728140403245e-05 1.52748043668301e-05 1.92158985009883e-05 2.31569926351464e-05 2.70980867693045e-05 3.1883247429505e-05 3.69497635983862e-05 4.20162797672674e-05 4.70827959361486e-05 4.98949710163288e-05 5.27071460965089e-05 5.55193211766891e-05 5.77520075603388e-05 5.82462278543971e-05 5.87404481484555e-05 5.92346684425138e-05 5.90748044972618e-05 5.82608563126996e-05 5.74469081281374e-05 5.66329599435752e-05 5.55655617790762e-05 5.44136802879317e-05 5.32617987967872e-05 5.21099173056427e-05 5.09697208084011e-05 4.98295243111594e-05 4.86893278139178e-05 4.76786353586552e-05 4.70564550293299e-05
1.43539733471698e-05 1.68384770586272e-05 1.60780315491138e-05 1.42359362992768e-05 1.23938410494399e-05 1.05517457996029e-05 1.02008537214715e-05 9.84996164334007e-06 9.49906956520863e-06 9.65275272998648e-06 1.13201616234922e-05 1.29875705169979e-05 1.46549794105037e-05 1.76889244175982e-05 2.20894055382814e-05 2.64898866589647e-05 3.08903677796479e-05 3.49530242965557e-05 3.89030726122049e-05 4.28531209278541e-05 4.68031692435034e-05 5.08281905786134e-05 5.48532119137235e-05 5.88782332488336e-05 6.17586019992208e-05 6.12050129954393e-05 6.06514239916578e-05 6.00978349878763e-05 5.90513129524576e-05 5.75118578854017e-05 5.59724028183458e-05 5.44329477512899e-05 5.29486662708223e-05 5.14827759858842e-05 5.0016885700946e-05 4.85509954160079e-05 4.73806151421741e-05 4.62102348683402e-05 4.50398545945063e-05 4.40627144901858e-05 4.36652948944053e-05
1.1757900028897e-05 1.12290119068348e-05 1.27177595641115e-05 1.48790524811678e-05 1.70403453982241e-05 1.92016383152804e-05 1.70202663017941e-05 1.48388942883078e-05 1.26575222748215e-05 1.16053239859563e-05 1.39406468709543e-05 1.62759697559522e-05 1.86112926409502e-05 2.23466432604861e-05 2.74820216145599e-05 3.26173999686337e-05 3.77527783227076e-05 4.12531360052526e-05 4.42084867972881e-05 4.71638375893235e-05 5.0119188381359e-05 5.37311340061327e-05 5.73430796309064e-05 6.09550252556801e-05 6.33871077055422e-05 6.22796006306695e-05 6.11720935557969e-05 6.00645864809242e-05 5.83979196380824e-05 5.61720930272713e-05 5.39462664164603e-05 5.17204398056492e-05 4.99321863753721e-05 4.82897906719396e-05 4.66473949685072e-05 4.50049992650747e-05 4.39902938281496e-05 4.29755883912245e-05 4.19608829542994e-05 4.11881553494216e-05 4.11413612406856e-05
9.16182671062415e-06 5.61954675504239e-06 9.35748757910915e-06 1.55221686630587e-05 2.16868497470083e-05 2.78515308309579e-05 2.38396788821168e-05 1.98278269332756e-05 1.58159749844344e-05 1.35578952419261e-05 1.65611321184163e-05 1.95643689949065e-05 2.25676058713968e-05 2.70043621033741e-05 3.28746376908384e-05 3.87449132783028e-05 4.46151888657672e-05 4.75532477139495e-05 4.95139009823712e-05 5.14745542507929e-05 5.34352075192146e-05 5.66340774336519e-05 5.98329473480893e-05 6.30318172625266e-05 6.50156134118636e-05 6.33541882658998e-05 6.1692763119936e-05 6.00313379739722e-05 5.77445263237072e-05 5.4832328169141e-05 5.19201300145748e-05 4.90079318600086e-05 4.69157064799219e-05 4.50968053579951e-05 4.32779042360683e-05 4.14590031141415e-05 4.05999725141252e-05 3.97409419141089e-05 3.88819113140926e-05 3.83135962086574e-05 3.86174275869659e-05
9.46213410012812e-06 7.01954291192427e-06 9.32638875383418e-06 1.32163802724487e-05 1.71063717910632e-05 2.09963633096777e-05 1.99316429401127e-05 1.88669225705477e-05 1.78022022009827e-05 1.79808033863083e-05 2.18893692363054e-05 2.57979350863025e-05 2.97065009362996e-05 3.51247475676549e-05 4.20526749803685e-05 4.8980602393082e-05 5.59085298057956e-05 5.86175653734244e-05 5.99203036593584e-05 6.12230419452923e-05 6.25257802312262e-05 6.28212966451732e-05 6.31168130591201e-05 6.34123294730671e-05 6.30735767966447e-05 6.08320168491142e-05 5.85904569015838e-05 5.63488969540534e-05 5.39291675280159e-05 5.13312686234713e-05 4.87333697189266e-05 4.6135470814382e-05 4.45020160987042e-05 4.31900427793153e-05 4.18780694599263e-05 4.05660961405374e-05 4.02828374838767e-05 3.9999578827216e-05 3.97163201705553e-05 3.9576662578232e-05 3.98678081789209e-05
9.76244148963209e-06 8.41953906880614e-06 9.29528992855921e-06 1.09105918818386e-05 1.2525893835118e-05 1.41411957883975e-05 1.60236069981086e-05 1.79060182078198e-05 1.9788429417531e-05 2.24037115306904e-05 2.72176063541944e-05 3.20315011776984e-05 3.68453960012024e-05 4.32451330319357e-05 5.12307122698985e-05 5.92162915078613e-05 6.7201870745824e-05 6.96818830328994e-05 7.03267063363455e-05 7.09715296397917e-05 7.16163529432379e-05 6.90085158566944e-05 6.6400678770151e-05 6.37928416836076e-05 6.11315401814257e-05 5.83098454323287e-05 5.54881506832316e-05 5.26664559341346e-05 5.01138087323246e-05 4.78302090778015e-05 4.55466094232785e-05 4.32630097687555e-05 4.20883257174864e-05 4.12832802006354e-05 4.04782346837843e-05 3.96731891669333e-05 3.99657024536282e-05 4.02582157403231e-05 4.05507290270179e-05 4.08397289478065e-05 4.11181887708759e-05
1.10795467965848e-05 1.08462198356089e-05 1.07035641849507e-05 1.05911323043983e-05 1.0478700423846e-05 1.03662685432937e-05 1.47898449116231e-05 1.92134212799526e-05 2.3636997648282e-05 2.85423564491794e-05 3.48930625477806e-05 4.12437686463818e-05 4.7594474744983e-05 5.37571532186121e-05 5.9731804067269e-05 6.57064549159259e-05 7.16811057645828e-05 7.31814294704236e-05 7.31903107953258e-05 7.3199192120228e-05 7.32080734451301e-05 6.93606345642669e-05 6.55131956834036e-05 6.16657568025403e-05 5.802760036507e-05 5.50172912577788e-05 5.20069821504876e-05 4.89966730431964e-05 4.66344902330699e-05 4.49204337201081e-05 4.32063772071463e-05 4.14923206941845e-05 4.07617262681015e-05 4.03589525376446e-05 3.99561788071878e-05 3.9553405076731e-05 4.01145816431381e-05 4.06757582095452e-05 4.12369347759523e-05 4.16974668041803e-05 4.18560652178712e-05
1.34134500209863e-05 1.42995852123325e-05 1.35512115230085e-05 1.22580015401278e-05 1.09647915572471e-05 9.67158157436643e-06 1.62303566806562e-05 2.27891317869459e-05 2.93479068932356e-05 3.63967381417751e-05 4.49157378170639e-05 5.34347374923527e-05 6.19537371676415e-05 6.66608081276839e-05 6.75559503724799e-05 6.84510926172758e-05 6.93462348620718e-05 6.91162046859972e-05 6.85111170362992e-05 6.79060293866011e-05 6.7300941736903e-05 6.38776527678904e-05 6.04543637988778e-05 5.70310748298652e-05 5.37617573475776e-05 5.09543543254646e-05 4.81469513033517e-05 4.53395482812387e-05 4.34912120302518e-05 4.2601942550391e-05 4.17126730705301e-05 4.08234035906692e-05 4.05222177505493e-05 4.0417059790343e-05 4.03119018301368e-05 4.02067438699305e-05 4.07294750524064e-05 4.12522062348823e-05 4.17749374173582e-05 4.21498761473534e-05 4.20814375199067e-05
1.57473532453878e-05 1.77529505890561e-05 1.63988588610664e-05 1.39248707758573e-05 1.14508826906482e-05 8.97689460543915e-06 1.76708684496892e-05 2.63648422939392e-05 3.50588161381893e-05 4.42511198343709e-05 5.49384130863473e-05 6.56257063383237e-05 7.63129995903e-05 7.95644630367557e-05 7.53800966776907e-05 7.11957303186258e-05 6.70113639595608e-05 6.50509799015708e-05 6.38319232772725e-05 6.26128666529742e-05 6.13938100286759e-05 5.8394670971514e-05 5.53955319143521e-05 5.23963928571902e-05 4.94959143300851e-05 4.68914173931504e-05 4.42869204562157e-05 4.16824235192811e-05 4.03479338274337e-05 4.02834513806738e-05 4.02189689339139e-05 4.01544864871539e-05 4.02827092329972e-05 4.04751670430414e-05 4.06676248530857e-05 4.086008266313e-05 4.13443684616747e-05 4.18286542602194e-05 4.23129400587641e-05 4.26022854905265e-05 4.23068098219422e-05
1.38639108627103e-05 1.5284059336409e-05 1.57898508768994e-05 1.59908567729872e-05 1.61918626690749e-05 1.63928685651626e-05 2.23159033824534e-05 2.82389381997442e-05 3.41619730170351e-05 4.10176233466094e-05 5.06711202130343e-05 6.03246170794591e-05 6.9978113945884e-05 7.29386861591289e-05 6.92063337191939e-05 6.54739812792589e-05 6.17416288393239e-05 6.04006231878884e-05 5.98567331326194e-05 5.93128430773504e-05 5.87689530220814e-05 5.6020920649947e-05 5.32728882778126e-05 5.05248559056781e-05 4.8012357923047e-05 4.62064631089258e-05 4.44005682948045e-05 4.25946734806833e-05 4.17620822554454e-05 4.19027946190909e-05 4.20435069827363e-05 4.21842193463817e-05 4.23838396091014e-05 4.26030958381792e-05 4.2822352067257e-05 4.30416082963347e-05 4.3266147452717e-05 4.34906866090993e-05 4.37152257654816e-05 4.38343926604527e-05 4.36374427711902e-05
1.19804684800329e-05 1.28151680837618e-05 1.51808428927325e-05 1.8056842770117e-05 2.09328426475016e-05 2.38088425248861e-05 2.69609383152177e-05 3.01130341055493e-05 3.32651298958808e-05 3.77841268588478e-05 4.64038273397212e-05 5.50235278205946e-05 6.3643228301468e-05 6.63129092815022e-05 6.30325707606971e-05 5.97522322398921e-05 5.6471893719087e-05 5.5750266474206e-05 5.58815429879663e-05 5.60128195017266e-05 5.61440960154869e-05 5.36471703283799e-05 5.1150244641273e-05 4.8653318954166e-05 4.65288015160089e-05 4.55215088247011e-05 4.45142161333933e-05 4.35069234420856e-05 4.31762306834571e-05 4.35221378575079e-05 4.38680450315587e-05 4.42139522056095e-05 4.44849699852057e-05 4.47310246333169e-05 4.49770792814282e-05 4.52231339295395e-05 4.51879264437593e-05 4.51527189579792e-05 4.51175114721991e-05 4.50664998303788e-05 4.49680757204381e-05
1.12115017448862e-05 1.11614859876378e-05 1.45111339952564e-05 1.89940032578306e-05 2.34768725204049e-05 2.79597417829791e-05 2.97706588510967e-05 3.15815759192143e-05 3.33924929873319e-05 3.66812993888743e-05 4.4403773790691e-05 5.21262481925078e-05 5.98487225943245e-05 6.25595123468277e-05 6.02586174500175e-05 5.79577225532072e-05 5.5656827656397e-05 5.51817938685417e-05 5.53153804503381e-05 5.54489670321345e-05 5.55825536139309e-05 5.32818168479328e-05 5.09810800819347e-05 4.86803433159366e-05 4.68003495673959e-05 4.61825848712275e-05 4.55648201750591e-05 4.49470554788907e-05 4.4878526047493e-05 4.5359231880866e-05 4.5839937714239e-05 4.63206435476119e-05 4.66302163840737e-05 4.68827448882318e-05 4.71352733923898e-05 4.73878018965479e-05 4.72650528051114e-05 4.7142303713675e-05 4.70195546222385e-05 4.68967313160344e-05 4.67736853655272e-05
1.15570106572704e-05 1.0323013048037e-05 1.37807241844712e-05 1.8802338236128e-05 2.38239522877848e-05 2.88455663394416e-05 3.07450649900905e-05 3.26445636407395e-05 3.45440622913884e-05 3.77091409366888e-05 4.46709595659437e-05 5.16327781951986e-05 5.85945968244535e-05 6.16784953551056e-05 6.0884473787155e-05 6.00904522192044e-05 5.92964306512537e-05 5.86952053708956e-05 5.81582455197349e-05 5.76212856685743e-05 5.70843258174136e-05 5.49248602086057e-05 5.27653945997978e-05 5.06059289909899e-05 4.88270020772082e-05 4.81896912485051e-05 4.75523804198019e-05 4.69150695910988e-05 4.68689683475532e-05 4.74140766891651e-05 4.7959185030777e-05 4.85042933723889e-05 4.88195788057055e-05 4.90582566029237e-05 4.92969344001419e-05 4.953561219736e-05 4.94975265367733e-05 4.94594408761865e-05 4.94213552155998e-05 4.93250871174193e-05 4.90542717064576e-05
1.19025195696546e-05 9.4845401084361e-06 1.3050314373686e-05 1.86106732144253e-05 2.41710320551647e-05 2.9731390895904e-05 3.17194711290843e-05 3.37075513622646e-05 3.56956315954449e-05 3.87369824845033e-05 4.49381453411964e-05 5.11393081978895e-05 5.73404710545825e-05 6.07974783633836e-05 6.15103301242925e-05 6.22231818852015e-05 6.29360336461105e-05 6.22086168732494e-05 6.10011105891317e-05 5.9793604305014e-05 5.85860980208963e-05 5.65679035692786e-05 5.45497091176609e-05 5.25315146660432e-05 5.08536545870205e-05 5.01967976257826e-05 4.95399406645447e-05 4.88830837033068e-05 4.88594106476133e-05 4.94689214974642e-05 5.00784323473151e-05 5.06879431971659e-05 5.10089412273373e-05 5.12337683176156e-05 5.14585954078939e-05 5.16834224981721e-05 5.17300002684351e-05 5.17765780386981e-05 5.1823155808961e-05 5.17534429188042e-05 5.13348580473879e-05
1.62663417237733e-05 1.65401208262968e-05 1.89932256034808e-05 2.21727722722183e-05 2.53523189409558e-05 2.85318656096933e-05 3.28552408852071e-05 3.71786161607209e-05 4.15019914362347e-05 4.59410776966251e-05 5.07272969116457e-05 5.55135161266662e-05 6.02997353416868e-05 6.32914212959198e-05 6.44885739893652e-05 6.56857266828107e-05 6.68828793762562e-05 6.61656510783359e-05 6.48102957832937e-05 6.34549404882515e-05 6.20995851932094e-05 5.99373663620402e-05 5.77751475308711e-05 5.5612928699702e-05 5.38234330209283e-05 5.31521067993405e-05 5.24807805777527e-05 5.1809454356165e-05 5.17059279566941e-05 5.21702013793401e-05 5.26344748019862e-05 5.30987482246322e-05 5.34570757008623e-05 5.37800878616205e-05 5.41031000223787e-05 5.44261121831369e-05 5.4510271147592e-05 5.45944301120471e-05 5.46785890765022e-05 5.46258462418336e-05 5.41623980097938e-05
2.0630163877892e-05 2.35957015441575e-05 2.49361368332757e-05 2.57348713300113e-05 2.6533605826747e-05 2.73323403234826e-05 3.39910106413299e-05 4.06496809591772e-05 4.73083512770245e-05 5.3145172908747e-05 5.6516448482095e-05 5.9887724055443e-05 6.3258999628791e-05 6.5785364228456e-05 6.7466817854438e-05 6.914827148042e-05 7.0829725106402e-05 7.01226852834225e-05 6.86194809774558e-05 6.71162766714891e-05 6.56130723655224e-05 6.33068291548019e-05 6.10005859440813e-05 5.86943427333608e-05 5.6793211454836e-05 5.61074159728984e-05 5.54216204909608e-05 5.47358250090232e-05 5.45524452657749e-05 5.48714812612161e-05 5.51905172566573e-05 5.55095532520985e-05 5.59052101743873e-05 5.63264074056254e-05 5.67476046368635e-05 5.71688018681016e-05 5.72905420267489e-05 5.74122821853962e-05 5.75340223440435e-05 5.74982495648631e-05 5.69899379721998e-05
2.22913701994306e-05 2.63698107907355e-05 2.75397123186849e-05 2.77401008255159e-05 2.79404893323469e-05 2.81408778391778e-05 3.62528243567795e-05 4.43647708743811e-05 5.24767173919827e-05 5.91807443803797e-05 6.16610127811631e-05 6.41412811819464e-05 6.66215495827297e-05 6.87995275560146e-05 7.06752151018009e-05 7.25509026475872e-05 7.44265901933735e-05 7.36722335568629e-05 7.20411955262534e-05 7.04101574956439e-05 6.87791194650344e-05 6.64361241312387e-05 6.4093128797443e-05 6.17501334636472e-05 5.98105308017694e-05 5.90811061556451e-05 5.83516815095209e-05 5.76222568633966e-05 5.74278219331366e-05 5.77683767187409e-05 5.81089315043452e-05 5.84494862899495e-05 5.8920435840264e-05 5.94348503121485e-05 5.99492647840331e-05 6.04636792559177e-05 6.06524249694e-05 6.08411706828823e-05 6.10299163963646e-05 6.10289235676949e-05 6.04587151125694e-05
2.12499606883891e-05 2.48624485660306e-05 2.68039520597085e-05 2.8188460758732e-05 2.95729694577555e-05 3.0957478156779e-05 3.96406820315557e-05 4.83238859063325e-05 5.70070897811092e-05 6.40477921115234e-05 6.616098980885e-05 6.82741875061765e-05 7.03873852035031e-05 7.23339112785955e-05 7.41137657314539e-05 7.58936201843123e-05 7.76734746371706e-05 7.68142958986573e-05 7.50754394296867e-05 7.33365829607161e-05 7.15977264917456e-05 6.93252512913508e-05 6.7052776090956e-05 6.47803008905612e-05 6.28753910617282e-05 6.20731773475806e-05 6.1270963633433e-05 6.04687499192854e-05 6.03320579587792e-05 6.08608877519146e-05 6.13897175450499e-05 6.19185473381852e-05 6.25027526984923e-05 6.31054165811899e-05 6.37080804638875e-05 6.43107443465851e-05 6.45959199755453e-05 6.48810956045054e-05 6.51662712334655e-05 6.52178682503291e-05 6.45687294309028e-05
