Data/Climate_Data/Maas_Temp.asc
NCOLS 360 
NROWS 180 
XLLCORNER -180 
YLLCORNER -90 
CELLSIZE 1 
NODATA_value -9999 
[rows 80 to 99 of 180, columns 0 to 45 of 360]
-9999 -9999 306.322998046875 306.277553710938 306.232109375 306.186665039063 306.141220703125 306.095776367188 306.0404296875 305.985083007812 305.929736328125 305.871425374349 305.804221598307 305.737017822266 305.669814046224 305.600651448568 305.529530029297 305.458408610026 305.387287190755 305.314392089844 305.240905761719 305.167419433594 305.093933105469 305.023799641927 304.953666178385 304.883532714844 304.814503173828 304.748785400391 304.683067626953 304.617349853516 304.555119222005 304.496375732422 304.437632242839 304.378888753255 304.326077880859 304.275244547526 304.224411214193 304.173577880859 304.134241943359 304.094906005859 304.055570068359 304.019143473307 303.991444905599 303.963746337891 303.936047770182 303.916739501953
-9999 -9999 306.504455566406 306.458649902344 306.412844238281 306.367038574219 306.321232910156 306.275427246094 306.219543457031 306.163659667969 306.107775878906 306.050132242839 305.987209065755 305.924285888672 305.861362711589 305.796892496745 305.730875244141 305.664857991536 305.598840738932 305.533813476562 305.469116210938 305.404418945312 305.339721679688 305.276912434896 305.214103190104 305.151293945312 305.089623616536 305.031370035807 304.973116455078 304.914862874349 304.858745524089 304.804764404297 304.750783284505 304.696802164714 304.649327392578 304.604021402995 304.558715413411 304.513409423828 304.477611897786 304.441814371745 304.406016845703 304.373149007161 304.34907023112 304.324991455078 304.300912679037 304.283531494141
-9999 -9999 306.685913085938 306.63974609375 306.593579101563 306.547412109375 306.501245117188 306.455078125 306.398657226562 306.342236328125 306.285815429687 306.228839111328 306.170196533203 306.111553955078 306.052911376953 305.993133544922 305.932220458984 305.871307373047 305.810394287109 305.753234863281 305.697326660156 305.641418457031 305.585510253906 305.530025227865 305.474540201823 305.419055175781 305.364744059245 305.313954671224 305.263165283203 305.212375895182 305.162371826172 305.113153076172 305.063934326172 305.014715576172 304.972576904297 304.932798258464 304.89301961263 304.853240966797 304.820981852214 304.78872273763 304.756463623047 304.727154541016 304.706695556641 304.686236572266 304.665777587891 304.650323486328
-9999 -9999 306.676997884115 306.62531656901 306.573635253906 306.521953938802 306.470272623698 306.418591308594 306.360653483073 306.302715657552 306.244777832031 306.186462809245 306.127016194661 306.067569580078 306.008122965495 305.948447672526 305.888543701172 305.828639729818 305.768735758464 305.711467285156 305.655077311198 305.59868733724 305.542297363281 305.488306477865 305.434315592448 305.380324707031 305.327245686849 305.27690226237 305.226558837891 305.176215413411 305.127217203776 305.079564208984 305.031911214193 304.984258219401 304.941976318359 304.901484781901 304.860993245443 304.820501708984 304.787279052734 304.754056396484 304.720833740234 304.690152587891 304.667095947266 304.644039306641 304.620982666016 304.603520100911
-9999 -9999 306.668082682292 306.610887044271 306.55369140625 306.496495768229 306.439300130208 306.382104492188 306.322649739583 306.263194986979 306.203740234375 306.144086507161 306.08383585612 306.023585205078 305.963334554036 305.90376180013 305.844866943359 305.785972086589 305.727077229818 305.669699707031 305.61282796224 305.555956217448 305.499084472656 305.446587727865 305.394090983073 305.341594238281 305.289747314453 305.239849853516 305.189952392578 305.140054931641 305.09206258138 305.045975341797 304.999888102214 304.95380086263 304.911375732422 304.870171305338 304.828966878255 304.787762451172 304.753576253255 304.719390055339 304.685203857422 304.653150634766 304.627496337891 304.601842041016 304.576187744141 304.556716715495
-9999 -9999 306.549530029297 306.485711669922 306.421893310547 306.358074951172 306.294256591797 306.230438232422 306.167033284505 306.103628336589 306.040223388672 305.97701171875 305.914379882813 305.851748046875 305.789116210937 305.727633463542 305.667299804688 305.606966145833 305.546632486979 305.488060302734 305.430075276693 305.372090250651 305.314105224609 305.260954182943 305.207803141276 305.154652099609 305.102086181641 305.051275634766 305.000465087891 304.949654541016 304.900948486328 304.854346923828 304.807745361328 304.761143798828 304.717592773438 304.67505859375 304.632524414062 304.589990234375 304.554108072917 304.518225911458 304.48234375 304.448497721354 304.420760091146 304.393022460937 304.365284830729 304.343679199219
-9999 -9999 306.32133992513 306.249790445964 306.178240966797 306.10669148763 306.035142008464 305.963592529297 305.893804117838 305.82401570638 305.754227294922 305.68523844401 305.61864827474 305.552058105469 305.485467936198 305.42006266276 305.355842285156 305.291621907552 305.227401529948 305.166549072266 305.106819254557 305.047089436849 304.987359619141 304.931405843099 304.875452067057 304.819498291016 304.764262288411 304.71117960612 304.658096923828 304.605014241536 304.55387491862 304.504678955078 304.455482991536 304.406287027995 304.360627441406 304.316146647135 304.271665852865 304.227185058594 304.188874511719 304.150563964844 304.112253417969 304.076193847656 304.046887207031 304.017580566406 303.988273925781 303.964407552083
-9999 -9999 306.093149820964 306.013869222005 305.934588623047 305.855308024089 305.77602742513 305.696746826172 305.620574951172 305.544403076172 305.468231201172 305.393465169271 305.322916666667 305.252368164062 305.181819661458 305.112491861979 305.044384765625 304.976277669271 304.908170572917 304.845037841797 304.783563232422 304.722088623047 304.660614013672 304.601857503255 304.543100992839 304.484344482422 304.426438395182 304.371083577474 304.315728759766 304.260373942057 304.206801350911 304.155010986328 304.103220621745 304.051430257161 304.003662109375 303.957234700521 303.910807291667 303.864379882812 303.823640950521 303.782902018229 303.742163085937 303.703889973958 303.673014322917 303.642138671875 303.611263020833 303.585135904948
-9999 -9999 305.941290283203 305.858214111328 305.775137939453 305.692061767578 305.608985595703 305.525909423828 305.447364501953 305.368819580078 305.290274658203 305.213055826823 305.139815266927 305.066574707031 304.993334147135 304.92252360026 304.854143066406 304.785762532552 304.717381998698 304.652503662109 304.588792724609 304.525081787109 304.461370849609 304.402093505859 304.342816162109 304.283538818359 304.224768473307 304.167519124349 304.110269775391 304.053020426432 303.998394775391 303.946392822266 303.894390869141 303.842388916016 303.793293457031 303.745166829427 303.697040201823 303.648913574219 303.606791178385 303.564668782552 303.522546386719 303.482093098958 303.446647135417 303.411201171875 303.375755208333 303.345700683594
-9999 -9999 305.789430745443 305.702559000651 305.615687255859 305.528815511068 305.441943766276 305.355072021484 305.274154052734 305.193236083984 305.112318115234 305.032646484375 304.956713867188 304.88078125 304.804848632812 304.732555338542 304.663901367187 304.595247395833 304.526593424479 304.459969482422 304.394022216797 304.328074951172 304.262127685547 304.202329508464 304.14253133138 304.082733154297 304.023098551432 303.963954671224 303.904810791016 303.845666910807 303.78998819987 303.737774658203 303.685561116536 303.63334757487 303.582924804687 303.533098958333 303.483273111979 303.433447265625 303.38994140625 303.346435546875 303.3029296875 303.260296223958 303.220279947917 303.180263671875 303.140247395833 303.10626546224
-9999 -9999 305.843544514974 305.75942179362 305.675299072266 305.591176350911 305.507053629557 305.422930908203 305.344905192057 305.266879475911 305.188853759766 305.112101236979 305.039168294271 304.966235351563 304.893302408854 304.823837890625 304.757841796875 304.691845703125 304.625849609375 304.561584472656 304.497896321615 304.434208170573 304.370520019531 304.31210530599 304.253690592448 304.195275878906 304.136846110026 304.07837117513 304.019896240234 303.961421305339 303.905699462891 303.852730712891 303.799761962891 303.746793212891 303.694913330078 303.643396402995 303.591879475911 303.540362548828 303.493409423828 303.446456298828 303.399503173828 303.353048502604 303.308089192708 303.263129882813 303.218170572917 303.178694661458
-9999 -9999 306.103631591797 306.028802490234 305.953973388672 305.879144287109 305.804315185547 305.729486083984 305.659617919922 305.589749755859 305.519881591797 305.451420084635 305.387178548177 305.322937011719 305.25869547526 305.19637125651 305.135964355469 305.075557454427 305.015150553385 304.957348632813 304.900415039063 304.843481445313 304.786547851563 304.731420898437 304.676293945312 304.621166992187 304.566011149089 304.510768636068 304.455526123047 304.400283610026 304.345528564453 304.291260986328 304.236993408203 304.182725830078 304.129259033203 304.076059163411 304.02285929362 303.969659423828 303.91719523112 303.864731038411 303.812266845703 303.760349934896 303.710074869792 303.659799804688 303.609524739583 303.56298828125
-9999 -9999 306.36371866862 306.298183186849 306.232647705078 306.167112223307 306.101576741537 306.036041259766 305.974330647786 305.912620035807 305.850909423828 305.790738932292 305.735188802083 305.679638671875 305.624088541667 305.568904622396 305.514086914062 305.459269205729 305.404451497396 305.353112792969 305.30293375651 305.252754720052 305.202575683594 305.150736490885 305.098897298177 305.047058105469 304.995176188151 304.943166097005 304.891156005859 304.839145914714 304.785357666016 304.729791259766 304.674224853516 304.618658447266 304.563604736328 304.508721923828 304.453839111328 304.398956298828 304.340981038411 304.283005777995 304.225030517578 304.167651367187 304.112060546875 304.056469726562 304.00087890625 303.947281901042
-9999 -9999 306.701007080078 306.643970947266 306.586934814453 306.529898681641 306.472862548828 306.415826416016 306.362009684245 306.308192952474 306.254376220703 306.201311848958 306.150504557292 306.099697265625 306.048889973958 305.998631184896 305.948920898438 305.899210611979 305.849500325521 305.801567382812 305.754226888021 305.706886393229 305.659545898438 305.610476888021 305.561407877604 305.512338867188 305.462821044922 305.411956787109 305.361092529297 305.310228271484 305.257864176432 305.204000244141 305.150136311849 305.096272379557 305.042193603516 304.988043212891 304.933892822266 304.879742431641 304.823661702474 304.767580973307 304.711500244141 304.655498046875 304.599731445312 304.54396484375 304.488198242187 304.433863932292
-9999 -9999 307.038295491536 306.989758707682 306.941221923828 306.892685139974 306.84414835612 306.795611572266 306.749688720703 306.703765869141 306.657843017578 306.611884765625 306.5658203125 306.519755859375 306.47369140625 306.428357747396 306.383754882812 306.339152018229 306.294549153646 306.250021972656 306.205520019531 306.161018066406 306.116516113281 306.070217285156 306.023918457031 305.977619628906 305.930465901693 305.880747477214 305.831029052734 305.781310628255 305.730370686849 305.678209228516 305.626047770182 305.573886311849 305.520782470703 305.467364501953 305.413946533203 305.360528564453 305.306342366536 305.25215616862 305.197969970703 305.143344726563 305.08740234375 305.031459960938 304.975517578125 304.920445963542
-9999 -9999 307.294372558594 307.254035644531 307.213698730469 307.173361816406 307.133024902344 307.092687988281 307.053594563802 307.014501139323 306.975407714844 306.93578125 306.894555664062 306.853330078125 306.812104492187 306.770868326823 306.729621582031 306.68837483724 306.647128092448 306.604793701172 306.562096761068 306.519399820964 306.476702880859 306.431401774089 306.386100667318 306.340799560547 306.294540608724 306.245408121745 306.196275634766 306.147143147786 306.096792399089 306.045223388672 305.993654378255 305.942085367839 305.888895263672 305.835164794922 305.781434326172 305.727703857422 305.672658284505 305.617612711589 305.562567138672 305.506807861328 305.448907470703 305.391007080078 305.333106689453 305.274938557943
-9999 -9999 307.46923828125 307.436801757812 307.404365234375 307.371928710938 307.3394921875 307.307055664062 307.273727213542 307.240398763021 307.2070703125 307.173001302083 307.136710611979 307.100419921875 307.064129231771 307.026162923177 306.986520996094 306.94687906901 306.907237141927 306.865882568359 306.82395711263 306.782031656901 306.740106201172 306.694030354818 306.647954508463 306.601878662109 306.555045166016 306.505938720703 306.456832275391 306.407725830078 306.357129313151 306.305042724609 306.252956136068 306.200869547526 306.146531982422 306.091444091797 306.036356201172 305.981268310547 305.92260945638 305.863950602214 305.805291748047 305.745887451172 305.684246826172 305.622606201172 305.560965576172 305.497341715495
-9999 -9999 307.644104003906 307.619567871094 307.595031738281 307.570495605469 307.545959472656 307.521423339844 307.493859863281 307.466296386719 307.438732910156 307.410221354167 307.378865559896 307.347509765625 307.316153971354 307.281457519531 307.243420410156 307.205383300781 307.167346191406 307.126971435547 307.085817464193 307.044663492839 307.003509521484 306.956658935547 306.909808349609 306.862957763672 306.815549723307 306.766469319661 306.717388916016 306.66830851237 306.617466227214 306.564862060547 306.51225789388 306.459653727213 306.404168701172 306.347723388672 306.291278076172 306.234832763672 306.172560628255 306.110288492839 306.048016357422 305.984967041016 305.919586181641 305.854205322266 305.788824462891 305.719744873047
-9999 -9999 307.658662923177 307.640614420573 307.622565917969 307.604517415365 307.58646891276 307.568420410156 307.547692871094 307.526965332031 307.506237792969 307.48413655599 307.45791422526 307.431691894531 307.405469563802 307.376092122396 307.343559570313 307.311027018229 307.278494466146 307.241163330078 307.202232666016 307.163302001953 307.124371337891 307.07934366862 307.034315999349 306.989288330078 306.943177490234 306.893817138672 306.844456787109 306.795096435547 306.743297119141 306.689058837891 306.634820556641 306.580582275391 306.522030029297 306.462039794922 306.402049560547 306.342059326172 306.276619873047 306.211180419922 306.145740966797 306.078958740234 306.008148193359 305.937337646484 305.866527099609 305.792857666016
-9999 -9999 307.673221842448 307.661660970052 307.650100097656 307.63853922526 307.626978352865 307.615417480469 307.601525878906 307.587634277344 307.573742675781 307.558051757813 307.536962890625 307.515874023438 307.49478515625 307.47072672526 307.443698730469 307.416670735677 307.389642740885 307.355355224609 307.318647867839 307.281940511068 307.245233154297 307.202028401693 307.158823649089 307.115618896484 307.070805257162 307.021164957682 306.971524658203 306.921884358724 306.869128011068 306.813255615234 306.757383219401 306.701510823568 306.639891357422 306.576356201172 306.512821044922 306.449285888672 306.380679117838 306.312072347005 306.243465576172 306.172950439453 306.096710205078 306.020469970703 305.944229736328 305.865970458984
