Data/Climate_Data/Maas_Temp.asc
NCOLS 360 
NROWS 180 
XLLCORNER -180 
YLLCORNER -90 
CELLSIZE 1 
NODATA_value -9999 
[rows 100 to 119 of 180, columns 92 to 137 of 360]
301.988785807292 301.940139973958 301.913695068359 301.894650472005 301.875605875651 301.856561279297 301.869720458984 301.882879638672 301.896038818359 301.923552246094 301.994128417969 302.064704589844 302.135280761719 302.245923665365 302.396633300781 302.547342936198 302.698052571615 302.998471679687 303.348793945313 303.699116210938 304.049438476562 304.529033203125 305.008627929688 305.48822265625 305.884664713542 306.031648763021 306.1786328125 306.325616861979 306.415792643229 306.44916015625 306.482527669271 306.515895182292 307.347944335937 308.446220703125 309.544497070312 310.6427734375 311.203204752604 311.763636067708 312.324067382812 312.45701578776 311.30751546224 310.158015136719 309.008514811198 307.695196940104 306.218061523437 304.740926106771
301.760831705729 301.697039388021 301.654610595703 301.619302978516 301.583995361328 301.548687744141 301.544236246745 301.539784749349 301.535333251953 301.544615071615 301.595096842448 301.645578613281 301.696060384115 301.786436360677 301.916706542969 302.04697672526 302.177246907552 302.442802734375 302.753453776042 303.064104817708 303.374755859375 303.902423502604 304.430091145833 304.957758789062 305.434243164062 305.757177734375 306.080112304688 306.403046875 306.584674479167 306.624995117187 306.665315755208 306.705636393229 307.37212890625 308.247345377604 309.122561848958 309.997778320312 310.461819661458 310.925861002604 311.38990234375 311.247854003906 309.287536621094 307.327219238281 305.366901855469 303.751126302083 302.479892578125 301.208658854167
301.532877604167 301.453938802083 301.395526123047 301.343955485026 301.292384847005 301.240814208984 301.218752034505 301.196689860026 301.174627685547 301.165677897135 301.196065266927 301.226452636719 301.25684000651 301.32694905599 301.436779785156 301.546610514323 301.65644124349 301.887133789062 302.158113606771 302.429093424479 302.700073242188 303.275813802083 303.851554361979 304.427294921875 304.983821614583 305.482706705729 305.981591796875 306.480476888021 306.753556315104 306.800830078125 306.848103841146 306.895377604167 307.396313476562 308.048470052083 308.700626627604 309.352783203125 309.720434570312 310.0880859375 310.455737304687 310.038692220052 307.267557779948 304.496423339844 301.72528889974 299.807055664062 298.741723632813 297.676391601562
301.470373535156 301.380061035156 301.305140380859 301.235350341797 301.165560302734 301.095770263672 301.053903401693 301.012036539714 300.970169677734 300.938561197917 300.937727864583 300.93689453125 300.936061197917 300.967102864583 301.03001953125 301.092936197917 301.155852864583 301.319711914062 301.517218424479 301.714724934896 301.912231445312 302.341119791667 302.770008138021 303.198896484375 303.702170410156 304.428601074219 305.155031738281 305.881462402344 306.310223795573 306.441315917969 306.572408040365 306.70350016276 306.867927246094 307.043465983073 307.219004720052 307.394543457031 309.030456542969 310.666369628906 312.302282714844 312.856053059896 310.163395182292 307.470737304688 304.778079427083 303.842920735677 304.665261230469 305.48760172526
301.407869466146 301.306183268229 301.214754638672 301.126745198568 301.038735758464 300.950726318359 300.88905476888 300.827383219401 300.765711669922 300.711444498698 300.67939046224 300.647336425781 300.615282389323 300.607256673177 300.623259277344 300.63926188151 300.655264485677 300.752290039062 300.876323242187 301.000356445312 301.124389648438 301.40642578125 301.688461914062 301.970498046875 302.420519205729 303.374495442708 304.328471679687 305.282447916667 305.866891276042 306.081801757813 306.296712239583 306.511622721354 306.339541015625 306.038461914062 305.7373828125 305.436303710937 308.340478515625 311.244653320312 314.148828125 315.67341389974 313.059232584635 310.445051269531 307.830869954427 307.878785807292 310.588798828125 313.298811848958
301.383843994141 301.272935791016 301.168828125 301.066987304687 300.965146484375 300.863305664062 300.783103841146 300.702902018229 300.622700195313 300.547721761068 300.488413492839 300.429105224609 300.36979695638 300.327885335287 300.303370361328 300.27885538737 300.254340413411 300.289014892578 300.343419189453 300.397823486328 300.452227783203 300.608383382161 300.76453898112 300.920694580078 301.233156738281 302.014538574219 302.795920410156 303.577302246094 304.220557454427 304.725686035156 305.230814615885 305.735943196615 305.478919677734 304.967845458984 304.456771240234 303.945697021484 307.39249226888 310.839287516276 314.286082763672 316.218470458984 313.607635498047 310.996800537109 308.385965576172 308.992252197266 312.815660400391 316.639068603516
301.398297119141 301.280318603516 301.167360839844 301.056076660156 300.944792480469 300.833508300781 300.73605061849 300.638592936198 300.541135253906 300.447392985026 300.36479695638 300.282200927734 300.199604899089 300.128988850911 300.070352783203 300.011716715495 299.953080647786 299.929886474609 299.918506266276 299.907126057943 299.895745849609 299.946992594401 299.998239339193 300.049486083984 300.140083007812 300.34873046875 300.557377929687 300.766025390625 301.371222330729 302.37296875 303.374715169271 304.376461588542 304.286063232422 303.831616617839 303.377170003255 302.922723388672 306.186497802734 309.450272216797 312.714046630859 314.49122273763 311.808603922526 309.125985107422 306.443366292318 307.183319905599 311.345845947266 315.508371988932
301.412750244141 301.287701416016 301.165893554687 301.045166015625 300.924438476562 300.8037109375 300.688997395833 300.574283854167 300.4595703125 300.347064208984 300.241180419922 300.135296630859 300.029412841797 299.930092366536 299.837335205078 299.74457804362 299.651820882161 299.570758056641 299.493593343099 299.416428629557 299.339263916016 299.285601806641 299.231939697266 299.178277587891 299.047009277344 298.682922363281 298.318835449219 297.954748535156 298.521887207031 300.020251464844 301.518615722656 303.016979980469 303.093206787109 302.695387776693 302.297568766276 301.899749755859 304.980503336589 308.061256917318 311.142010498047 312.763975016276 310.009572347005 307.255169677734 304.500767008464 305.374387613932 309.876031494141 314.377675374349
301.447853597005 301.321167399089 301.196430664063 301.07234375 300.948256835938 300.824169921875 300.703694661458 300.583219401042 300.462744140625 300.34413289388 300.231113688151 300.118094482422 300.005075276693 299.897569580078 299.795577392578 299.693585205078 299.591593017578 299.507388916016 299.429114176432 299.350839436849 299.272564697266 299.234986572266 299.197408447266 299.159830322266 299.07662109375 298.856518554688 298.636416015625 298.416313476562 298.589591471354 299.15625 299.722908528646 300.289567057292 300.490047607422 300.56846883138 300.646890055339 300.725311279297 302.636885172526 304.548459065755 306.460032958984 307.881447347005 307.832383219401 307.783319091797 307.734254964193 308.481244710286 310.024288330078 311.56733194987
301.48295694987 301.354633382161 301.226967773437 301.099521484375 300.972075195313 300.84462890625 300.718391927083 300.592154947917 300.46591796875 300.341201578776 300.22104695638 300.100892333984 299.980737711589 299.86504679362 299.753819580078 299.642592366536 299.531365152995 299.444019775391 299.364635009766 299.285250244141 299.205865478516 299.184371337891 299.162877197266 299.141383056641 299.106232910156 299.030114746094 298.953996582031 298.877878417969 298.657295735677 298.292248535156 297.927201334635 297.562154134115 297.886888427734 298.441549886068 298.996211344401 299.550872802734 300.293267008464 301.035661214193 301.778055419922 302.998919677734 305.655194091797 308.311468505859 310.967742919922 311.588101806641 310.172545166016 308.756988525391
301.488291422526 301.35954305013 301.231112060547 301.102786865234 300.974461669922 300.846136474609 300.717738037109 300.589339599609 300.460941162109 300.333929036458 300.211075846354 300.08822265625 299.965369466146 299.845048014323 299.727258300781 299.60946858724 299.491678873698 299.394372558594 299.303894042969 299.213415527344 299.122937011719 299.086454264323 299.049971516927 299.013488769531 298.984578450521 298.978385416667 298.972192382813 298.965999348958 298.605840657552 297.891716308594 297.177591959635 296.463467610677 296.859940185547 297.626611735026 298.393283284505 299.159954833984 299.321990966797 299.484027099609 299.646063232422 300.761022135417 304.734749348958 308.7084765625 312.682203776042 313.436453450521 310.971225585938 308.505997721354
301.463857014974 301.335896402995 301.208863525391 301.082139892578 300.955416259766 300.828692626953 300.701732991536 300.57477335612 300.447813720703 300.322315266927 300.201200358073 300.080085449219 299.958970540365 299.837573242187 299.715893554688 299.594213867187 299.472534179688 299.358447265625 299.246891276042 299.135335286458 299.023779296875 298.941235351563 298.85869140625 298.776147460938 298.711657714844 298.701330566406 298.691003417969 298.680676269531 298.435226236979 297.954653320313 297.474080403646 296.993507486979 297.409202880859 298.123654378255 298.838105875651 299.552557373047 299.723057047526 299.893556722005 300.064056396484 301.167754720052 305.071048990885 308.974343261719 312.877637532552 314.026299641927 312.420329589844 310.81435953776
301.439422607422 301.312249755859 301.186614990234 301.061492919922 300.936370849609 300.811248779297 300.685727945964 300.56020711263 300.434686279297 300.310701497396 300.191324869792 300.071948242187 299.952571614583 299.830098470052 299.704528808594 299.578959147135 299.453389485677 299.322521972656 299.189888509115 299.057255045573 298.924621582031 298.796016438802 298.667411295573 298.538806152344 298.438736979167 298.424275716146 298.409814453125 298.395353190104 298.264611816406 298.017590332031 297.770568847656 297.523547363281 297.958465576172 298.620697021484 299.282928466797 299.945159912109 300.124123128255 300.303086344401 300.482049560547 301.574487304687 305.407348632812 309.240209960938 313.073071289063 314.616145833333 313.86943359375 313.122721354167
301.303330485026 301.18126180013 301.057576904297 300.933353271484 300.809129638672 300.684906005859 300.560687255859 300.436468505859 300.312249755859 300.189571126302 300.071512858073 299.953454589844 299.835396321615 299.717078450521 299.598500976562 299.479923502604 299.361346028646 299.237683105469 299.112325032552 298.986966959635 298.861608886719 298.712443847656 298.563278808594 298.414113769531 298.26831624349 298.13262125651 297.996926269531 297.861231282552 297.627530924479 297.295825195312 296.964119466146 296.632413736979 297.242667236328 298.166907145182 299.091147054036 300.015386962891 300.23762491862 300.459862874349 300.682100830078 301.785380045573 305.531783040365 309.278186035156 313.024589029948 314.608412272135 314.029655761719 313.450899251302
301.16723836263 301.050273844401 300.928538818359 300.805213623047 300.681888427734 300.558563232422 300.435646565755 300.312729899089 300.189813232422 300.068440755208 299.951700846354 299.8349609375 299.718221028646 299.60405843099 299.492473144531 299.380887858073 299.269302571615 299.152844238281 299.03476155599 298.916678873698 298.798596191406 298.62887125651 298.459146321615 298.289421386719 298.097895507812 297.840966796875 297.584038085937 297.327109375 296.990450032552 296.574060058594 296.157670084635 295.741280110677 296.526868896484 297.71311726888 298.899365641276 300.085614013672 300.351126708984 300.616639404297 300.882152099609 301.996272786458 305.656217447917 309.316162109375 312.976106770833 314.600678710937 314.189877929687 313.779077148437
300.977943929036 300.866819254557 300.749134521484 300.629263102214 300.509391682943 300.389520263672 300.26895711263 300.148393961589 300.027830810547 299.908404134115 299.79238688151 299.676369628906 299.560352376302 299.44720703125 299.33693359375 299.22666015625 299.11638671875 299.004907226563 298.893025716146 298.781144205729 298.669262695313 298.495708007812 298.322153320313 298.148598632812 297.940395507812 297.628247070313 297.316098632812 297.003950195313 296.565371907552 296.000363769531 295.43535563151 294.87034749349 296.1466015625 298.036609700521 299.926617838542 301.816625976563 301.592420247396 301.368214518229 301.144008789062 301.778293863932 304.988051350912 308.197808837891 311.40756632487 313.109375406901 313.303236083984 313.497096761068
300.735447184245 300.630898030599 300.519364013672 300.405501708984 300.291639404297 300.177777099609 300.060618896484 299.943460693359 299.826302490234 299.709461263021 299.593570963542 299.477680664063 299.361790364583 299.246524251302 299.131882324219 299.017240397135 298.902598470052 298.793872070313 298.687117513021 298.580362955729 298.473608398437 298.312954101563 298.152299804687 297.991645507813 297.79581624349 297.494462076823 297.193107910156 296.89175374349 296.352296549479 295.574736328125 294.797176106771 294.019615885417 296.101865234375 299.137384440104 302.172903645833 305.208422851563 303.961505533854 302.714588216146 301.467670898438 301.131443277995 303.527284749349 305.923126220703 308.318967692057 310.134502360026 311.369730224609 312.604958089193
300.492950439453 300.394976806641 300.289593505859 300.181740315755 300.073887125651 299.966033935547 299.852280680339 299.73852742513 299.624774169922 299.510518391927 299.394755045573 299.278991699219 299.163228352865 299.045841471354 298.926831054688 298.807820638021 298.688810221354 298.582836914063 298.481209309896 298.379581705729 298.277954101562 298.130200195313 297.982446289062 297.834692382813 297.651236979167 297.360677083333 297.0701171875 296.779557291667 296.139221191406 295.149108886719 294.158996582031 293.168884277344 296.05712890625 300.238159179688 304.419189453125 308.600219726562 306.330590820313 304.060961914062 301.791333007812 300.484592692057 302.066518147786 303.648443603516 305.230369059245 307.159629313151 309.436224365234 311.712819417318
300.136334228516 300.046827392578 299.949793701172 299.850251057943 299.750708414714 299.651165771484 299.544749755859 299.438333740234 299.331917724609 299.22435953776 299.11337483724 299.002390136719 298.891405436198 298.777306315104 298.660092773437 298.542879231771 298.425665690104 298.315751953125 298.208271484375 298.100791015625 297.993310546875 297.836455078125 297.679599609375 297.522744140625 297.341669921875 297.087939453125 296.834208984375 296.580478515625 296.10037516276 295.393898925781 294.687422688802 293.980946451823 296.180478515625 299.348680013021 302.516881510417 305.685083007813 304.904181315104 304.123279622396 303.342377929687 303.022573649088 304.086061604818 305.149549560547 306.213037516276 307.750154215495 309.760899658203 311.771645100911
299.779718017578 299.698677978516 299.609993896484 299.51876180013 299.427529703776 299.336297607422 299.23721883138 299.138140055339 299.039061279297 298.938200683594 298.831994628906 298.725788574219 298.619582519531 298.508771158854 298.393354492188 298.277937825521 298.162521158854 298.048666992188 297.935333658854 297.822000325521 297.708666992187 297.542709960937 297.376752929687 297.210795898437 297.032102864583 296.815201822917 296.59830078125 296.381399739583 296.061529134115 295.638688964844 295.215848795573 294.793008626302 296.303828125 298.459200846354 300.614573567708 302.769946289062 303.477771809896 304.185597330729 304.893422851562 305.56055460612 306.105605061849 306.650655517578 307.195705973307 308.340679117839 310.085574951172 311.830470784505
