Data/Climate_Data/Maas_Temp.asc
NCOLS 360 
NROWS 180 
XLLCORNER -180 
YLLCORNER -90 
CELLSIZE 1 
NODATA_value -9999 
[rows 100 to 119 of 180, columns 230 to 275 of 360]
306.608650716146 306.598063151042 306.587475585938 306.584366861979 306.581258138021 306.578149414062 306.616778564453 306.780621337891 306.944464111328 307.108306884766 306.965167236328 306.515045166016 306.064923095703 305.614801025391 305.323076171875 305.084150390625 304.845224609375 304.606298828125 304.585628255208 304.564957682292 304.544287109375 304.539391682943 304.581821695964 304.624251708984 304.666681722005 304.675496826172 304.650697021484 304.625897216797 304.601097412109 304.599189453125 304.604912109375 304.610634765625 304.616357421875 304.663180338542 304.710003255208 304.756826171875 304.79524210612 304.808437093099 304.821632080078 304.834827067057 304.851824951172 304.872625732422 304.893426513672 304.914227294922 304.926716308594 304.936434733073
306.744864908854 306.711409505208 306.677954101563 306.668774414063 306.659594726563 306.650415039063 306.611737060547 306.484564208984 306.357391357422 306.230218505859 306.206211344401 306.285369873047 306.364528401693 306.443686930339 306.096291503906 305.606711425781 305.117131347656 304.627551269531 304.539302571615 304.451053873698 304.362805175781 304.310993245443 304.368491617839 304.425989990234 304.48348836263 304.500583089193 304.477274169922 304.453965250651 304.43065633138 304.422177734375 304.418642578125 304.415107421875 304.411572265625 304.44349609375 304.475419921875 304.50734375 304.53426554362 304.546181233724 304.558096923828 304.570012613932 304.583603922526 304.598870849609 304.614137776693 304.629404703776 304.641062011719 304.651516113281
306.881079101562 306.824755859375 306.768432617188 306.753181966146 306.737931315104 306.722680664063 306.606695556641 306.188507080078 305.770318603516 305.352130126953 305.447255452474 306.055694580078 306.664133707682 307.272572835286 306.869506835938 306.129272460938 305.389038085938 304.648803710938 304.492976888021 304.337150065104 304.181323242187 304.082594807943 304.155161539714 304.227728271484 304.300295003255 304.325669352214 304.303851318359 304.282033284505 304.260215250651 304.245166015625 304.232373046875 304.219580078125 304.206787109375 304.223811848958 304.240836588542 304.257861328125 304.27328898112 304.283925374349 304.294561767578 304.305198160807 304.31538289388 304.325115966797 304.334849039714 304.34458211263 304.355407714844 304.36659749349
306.571582845052 306.322528483073 306.073474121094 306.477569173177 306.88166422526 307.285759277344 307.415897216797 306.724163818359 306.032430419922 305.340697021484 305.214147542318 305.652781982422 306.091416422526 306.53005086263 306.345363769531 305.952902832031 305.560441894531 305.167980957031 304.871717936198 304.575454915365 304.279191894531 304.059586995443 304.069956461589 304.080325927734 304.09069539388 304.089443766276 304.076571044922 304.063698323568 304.050825602214 304.038845214844 304.027162272135 304.015479329427 304.003796386719 304.008353678385 304.012910970052 304.017468261719 304.020629475912 304.019602457682 304.018575439453 304.017548421224 304.019173583984 304.023450927734 304.027728271484 304.032005615234 304.03740234375 304.043172200521
306.262086588542 305.820301106771 305.378515625 306.201956380208 307.025397135417 307.848837890625 308.225098876953 307.259820556641 306.294542236328 305.329263916016 304.981039632162 305.249869384766 305.51869913737 305.787528889974 305.821220703125 305.776533203125 305.731845703125 305.687158203125 305.250458984375 304.813759765625 304.377060546875 304.036579182943 303.984751383464 303.932923583984 303.881095784505 303.853218180339 303.849290771484 303.84536336263 303.841435953776 303.832524414063 303.821951497396 303.811378580729 303.800805664062 303.792895507812 303.784985351562 303.777075195312 303.767969970703 303.755279541016 303.742589111328 303.729898681641 303.722964274089 303.721785888672 303.720607503255 303.719429117839 303.719396972656 303.719746907552
306.202573649089 305.781862386068 305.361151123047 306.147913818359 306.934676513672 307.721439208984 308.060354003906 307.055725097656 306.051096191406 305.046467285156 304.477265625 304.343491210937 304.209716796875 304.075942382813 304.303591308594 304.65171468099 304.999838053385 305.347961425781 304.996838378906 304.645715332031 304.294592285156 304.012571207682 303.937856038411 303.863140869141 303.78842569987 303.742544352214 303.725496826172 303.70844930013 303.691401774089 303.666481933594 303.638937988281 303.611394042969 303.583850097656 303.567606608073 303.55136311849 303.535119628906 303.516829833984 303.492401123047 303.467972412109 303.443543701172 303.426954345703 303.418204345703 303.409454345703 303.400704345703 303.393513183594 303.386841634115
306.393044026693 306.207212320964 306.021380615234 306.31544148763 306.609502360026 306.903563232422 306.921662597656 306.111877441406 305.302092285156 304.492307128906 303.702825520833 302.933647460937 302.164469401042 301.395291341146 301.792475585937 302.578447265625 303.364418945313 304.150390625 304.110856119792 304.071321614583 304.031787109375 303.987563069661 303.929270426432 303.870977783203 303.812685139974 303.757422281901 303.705189208984 303.652956136068 303.600723063151 303.540717773438 303.478121744792 303.415525716146 303.3529296875 303.332486979167 303.312044270833 303.2916015625 303.267209065755 303.230967203776 303.194725341797 303.158483479818 303.131143798828 303.112706298828 303.094268798828 303.075831298828 303.059750976563 303.044456380208
306.583514404297 306.632562255859 306.681610107422 306.482969156901 306.28432820638 306.085687255859 305.782971191406 305.168029785156 304.553088378906 303.938146972656 302.928385416667 301.523803710938 300.119222005208 298.714640299479 299.281359863281 300.50517985026 301.72899983724 302.952819824219 303.224873860677 303.496927897135 303.768981933594 303.962554931641 303.920684814453 303.878814697266 303.836944580078 303.772300211589 303.684881591797 303.597462972005 303.510044352214 303.414953613281 303.317305501302 303.219657389323 303.122009277344 303.09736735026 303.072725423177 303.048083496094 303.017588297526 302.969533284505 302.921478271484 302.873423258464 302.835333251953 302.807208251953 302.779083251953 302.750958251953 302.725988769531 302.702071126302
306.36485555013 306.471572672526 306.578289794922 306.498903401693 306.419517008464 306.340130615234 305.812277018229 303.939021809896 302.065766601562 300.192511393229 298.712297363281 297.625124511719 296.537951660156 295.450778808594 296.189985351563 297.537985026042 298.885984700521 300.233984375 300.74400390625 301.2540234375 301.76404296875 302.233279215495 302.580165608724 302.927052001953 303.273938395182 303.470537516276 303.516849365234 303.563161214193 303.609473063151 303.490068359375 303.315424804687 303.14078125 302.966137695313 302.911609700521 302.857081705729 302.802553710937 302.748372802734 302.695233154297 302.642093505859 302.588953857422 302.54813273112 302.519630126953 302.491127522786 302.46262491862 302.429064941406 302.393819173177
306.146196695964 306.310583089193 306.474969482422 306.514837646484 306.554705810547 306.594573974609 305.841582845052 302.710013834635 299.578444824219 296.446875813802 294.496209309896 293.7264453125 292.956681315104 292.186917317708 293.098610839844 294.570790201823 296.042969563802 297.515148925781 298.263133951823 299.011118977865 299.759104003906 300.504003499349 301.239646402995 301.975289306641 302.710932210286 303.168774820964 303.348817138672 303.52885945638 303.708901774089 303.565183105469 303.313544108073 303.061905110677 302.810266113281 302.725852050781 302.641437988281 302.557023925781 302.479157307943 302.420933024089 302.362708740234 302.30448445638 302.260932210286 302.232052001953 302.20317179362 302.174291585286 302.132141113281 302.085567220052
305.912509358724 306.131477457682 306.350445556641 306.447746988932 306.545048421224 306.642349853516 305.777276204427 302.025077311198 298.272878417969 294.52067952474 292.4918359375 292.18634765625 291.880859375 291.57537109375 292.550356445313 293.952166341146 295.353976236979 296.755786132812 297.608740234375 298.461694335938 299.3146484375 300.148408203125 300.924584960938 301.70076171875 302.476938476563 302.937684733073 303.083000488281 303.22831624349 303.373631998698 303.236405029297 303.004997151693 302.773589274089 302.542181396484 302.467637125651 302.393092854818 302.318548583984 302.24392985026 302.169087727865 302.094245605469 302.019403483073 301.968078613281 301.940270996094 301.912463378906 301.884655761719 301.839359130859 301.788232828776
305.663793538411 305.934255777995 306.204718017578 306.297631429036 306.390544840495 306.483458251953 305.619357096354 301.884212239583 298.149067382813 294.413922526042 292.699177246094 293.004831542969 293.310485839844 293.616140136719 294.545222167969 295.68211344401 296.819004720052 297.955895996094 298.780822753906 299.605749511719 300.430676269531 301.166493326823 301.634981282552 302.103469238281 302.57195719401 302.777267252604 302.719399414063 302.661531575521 302.603663736979 302.503734130859 302.389783935547 302.275833740234 302.161883544922 302.13696492513 302.112046305339 302.087127685547 302.042690429688 301.939697265625 301.836704101562 301.7337109375 301.669571940104 301.644287109375 301.619002278646 301.593717447917 301.550718994141 301.501815999349
305.415077718099 305.737034098307 306.058990478516 306.147515869141 306.236041259766 306.324566650391 305.461437988281 301.743347167969 298.025256347656 294.307165527344 292.906518554688 293.823315429687 294.740112304688 295.656909179687 296.540087890625 297.412060546875 298.284033203125 299.156005859375 299.952905273438 300.7498046875 301.546704101563 302.184578450521 302.345377604167 302.506176757813 302.666975911458 302.616849772135 302.355798339844 302.094746907552 301.83369547526 301.771063232422 301.774570719401 301.77807820638 301.781585693359 301.806292724609 301.830999755859 301.855706787109 301.841451009115 301.710306803385 301.579162597656 301.448018391927 301.371065266927 301.348303222656 301.325541178385 301.302779134115 301.262078857422 301.215399169922
305.116317952474 305.432844645182 305.749371337891 305.329514567057 304.909657796224 304.489801025391 303.541852213542 301.009627278646 298.47740234375 295.945177408854 295.203127441406 296.251252441406 297.299377441406 298.347502441406 299.082487792969 299.713093261719 300.343698730469 300.974304199219 301.27782796224 301.58135172526 301.884875488281 302.126428222656 302.182067871094 302.237707519531 302.293347167969 302.23224609375 302.054404296875 301.8765625 301.698720703125 301.644954833984 301.632547607422 301.620140380859 301.607733154297 301.619181722005 301.630630289714 301.642078857422 301.617483723958 301.484757486979 301.35203125 301.219305013021 301.133041992188 301.0932421875 301.053442382812 301.013642578125 300.968282470703 300.921068929036
304.817558186849 305.128655192057 305.439752197266 304.511513264974 303.583274332682 302.655035400391 301.622266438802 300.275907389323 298.929548339844 297.583189290365 297.499736328125 298.679189453125 299.858642578125 301.038095703125 301.624887695313 302.014125976563 302.403364257813 302.792602539062 302.602750651042 302.412898763021 302.223046875 302.068277994792 302.018758138021 301.96923828125 301.919718424479 301.847642415365 301.753010253906 301.658378092448 301.56374593099 301.518846435547 301.490524495443 301.462202555339 301.433880615234 301.432070719401 301.430260823568 301.428450927734 301.393516438802 301.259208170573 301.124899902344 300.990591634115 300.895018717448 300.838181152344 300.78134358724 300.724506022135 300.674486083984 300.626738688151
304.522255452474 304.827048746745 305.131842041016 303.84121866862 302.550595296224 301.259971923828 300.13352742513 299.499619547526 298.865711669922 298.231803792318 298.533586832682 299.771060791016 301.008534749349 302.246008707682 302.712961425781 302.923073730469 303.133186035156 303.343298339844 302.969929199219 302.596560058594 302.223190917969 301.921090494792 301.832796223958 301.744501953125 301.656207682292 301.585526529948 301.532458496094 301.47939046224 301.426322428385 301.381895751953 301.340349527995 301.298803304036 301.257257080078 301.237068277995 301.216879475911 301.196690673828 301.149140625 301.019506835937 300.889873046875 300.760239257812 300.660100911458 300.589458007812 300.518815104167 300.448172200521 300.390880126953 300.338038330078
304.230409749349 304.528025309245 304.825640869141 303.318630777995 301.811620686849 300.304610595703 299.075635172526 298.680763753255 298.285892333984 297.891020914714 298.304678955078 299.526866455078 300.749053955078 301.971241455078 302.346708984375 302.439936523437 302.5331640625 302.626391601562 302.379363606771 302.132335611979 301.885307617187 301.684865722656 301.624182128906 301.563498535156 301.502814941406 301.4458984375 301.392749023437 301.339599609375 301.286450195312 301.234102783203 301.182022705078 301.129942626953 301.077862548828 301.034174397786 300.990486246745 300.946798095703 300.884356282552 300.765653483073 300.646950683594 300.528247884115 300.428288574219 300.347072753906 300.265856933594 300.184641113281 300.117464599609 300.054967854818
303.938564046224 304.229001871745 304.519439697266 302.79604288737 301.072646077474 299.349249267578 298.017742919922 297.861907958984 297.706072998047 297.550238037109 298.075771077474 299.282672119141 300.489573160807 301.696474202474 301.980456542969 301.956799316406 301.933142089844 301.909484863281 301.788798014323 301.668111165365 301.547424316406 301.448640950521 301.415568033854 301.382495117188 301.349422200521 301.306270345052 301.253039550781 301.19980875651 301.14657796224 301.086309814453 301.023695882161 300.96108194987 300.898468017578 300.831280517578 300.764093017578 300.696905517578 300.619571940104 300.511800130208 300.404028320312 300.296256510417 300.196476236979 300.1046875 300.012898763021 299.921110026042 299.844049072266 299.771897379557
303.49565633138 303.736435953776 303.977215576172 302.338600667318 300.699985758464 299.061370849609 297.904822998047 298.194476318359 298.484129638672 298.773782958984 299.309464111328 300.091173095703 300.872882080078 301.654591064453 301.816457519531 301.771709798177 301.726962076823 301.682214355469 301.552442220052 301.422670084635 301.292897949219 301.18853922526 301.160420735677 301.132302246094 301.10418375651 301.057329101563 300.99173828125 300.926147460938 300.860556640625 300.791446533203 300.721163330078 300.650880126953 300.580596923828 300.506622314453 300.432647705078 300.358673095703 300.278008626302 300.177274576823 300.076540527344 299.975806477865 299.882017415365 299.795173339844 299.708329264323 299.621485188802 299.544417724609 299.470609130859
303.052748616536 303.243870035807 303.434991455078 301.881158447266 300.327325439453 298.773492431641 297.791903076172 298.527044677734 299.262186279297 299.997327880859 300.543157145182 300.899674072266 301.256190999349 301.612707926432 301.652458496094 301.586620279948 301.520782063802 301.454943847656 301.316086425781 301.177229003906 301.038371582031 300.9284375 300.9052734375 300.882109375 300.8589453125 300.808387858073 300.730437011719 300.652486165365 300.57453531901 300.496583251953 300.418630777995 300.340678304036 300.262725830078 300.181964111328 300.101202392578 300.020440673828 299.9364453125 299.842749023437 299.749052734375 299.655356445313 299.56755859375 299.485659179687 299.403759765625 299.321860351563 299.244786376953 299.169320882161
