Data/Climate_Data/Maas_Precip.asc
NCOLS 360 
NROWS 180 
XLLCORNER -180 
YLLCORNER -90 
CELLSIZE 1 
NODATA_value -9999 
[rows 0 to 17 of 180, columns 0 to 40 of 360]
-9999.000000000000000 -9999 1.08658514363924e-06 1.08738033304689e-06 1.08817552245455e-06 1.0889707118622e-06 1.08976590126986e-06 1.09056109067751e-06 1.09361556193714e-06 1.09667003319676e-06 1.09972450445639e-06 1.1004454245267e-06 1.09416569102905e-06 1.0878859575314e-06 1.08160622403375e-06 1.07370453406475e-06 1.06418088762439e-06 1.05465724118403e-06 1.04513359474367e-06 1.03564858363825e-06 1.0261764509778e-06 1.01670431831735e-06 1.0072321856569e-06 1.0057101038304e-06 1.0041880220039e-06 1.00266594017739e-06 1.0018916085149e-06 1.00336052734444e-06 1.00482944617397e-06 1.00629836500351e-06 1.00802384622511e-06 1.01000588983879e-06 1.01198793345247e-06 1.01396997706615e-06 1.01337000160129e-06 1.01190935311024e-06 1.01044870461919e-06 1.00898805612815e-06 1.01052786703804e-06 1.01206767794793e-06 1.01360748885782e-06
-9999 -9999 3.25975543091772e-06 3.26214099914068e-06 3.26452656736365e-06 3.26691213558661e-06 3.26929770380957e-06 3.27168327203253e-06 3.28084668581141e-06 3.29001009959029e-06 3.29917351336917e-06 3.30133627358009e-06 3.28249707308714e-06 3.26365787259419e-06 3.24481867210125e-06 3.22111360219424e-06 3.19254266287317e-06 3.16397172355209e-06 3.13540078423102e-06 3.10694575091475e-06 3.0785293529334e-06 3.05011295495206e-06 3.02169655697071e-06 3.0171303114912e-06 3.01256406601169e-06 3.00799782053218e-06 3.0056748255447e-06 3.01008158203331e-06 3.01448833852191e-06 3.01889509501052e-06 3.02407153867534e-06 3.03001766951638e-06 3.03596380035742e-06 3.04190993119846e-06 3.04011000480386e-06 3.03572805933072e-06 3.03134611385758e-06 3.02696416838444e-06 3.03158360111411e-06 3.03620303384378e-06 3.04082246657345e-06
-9999 -9999 5.4329257181962e-06 5.43690166523447e-06 5.44087761227274e-06 5.44485355931101e-06 5.44882950634928e-06 5.45280545338755e-06 5.46807780968569e-06 5.48335016598382e-06 5.49862252228195e-06 5.50222712263349e-06 5.47082845514524e-06 5.43942978765699e-06 5.40803112016874e-06 5.36852267032373e-06 5.32090443812194e-06 5.27328620592016e-06 5.22566797371837e-06 5.17824291819124e-06 5.130882254889e-06 5.08352159158676e-06 5.03616092828452e-06 5.028550519152e-06 5.02094011001949e-06 5.01332970088697e-06 5.0094580425745e-06 5.01680263672218e-06 5.02414723086986e-06 5.03149182501754e-06 5.04011923112557e-06 5.05002944919397e-06 5.05993966726237e-06 5.06984988533077e-06 5.06685000800644e-06 5.0595467655512e-06 5.05224352309597e-06 5.04494028064073e-06 5.05263933519018e-06 5.06033838973963e-06 5.06803744428907e-06
-9999 -9999 5.17569036067774e-06 5.13880574241436e-06 5.10192112415098e-06 5.0650365058876e-06 5.02815188762421e-06 4.99126726936083e-06 4.96674455159033e-06 4.94222183381983e-06 4.91769911604933e-06 4.89679227636467e-06 4.88673307093753e-06 4.87667386551038e-06 4.86661466008324e-06 4.89169491023252e-06 4.95191461595823e-06 5.01213432168394e-06 5.07235402740965e-06 5.07189704876509e-06 5.05121450866378e-06 5.03053196856248e-06 5.00984942846117e-06 5.00690838938074e-06 5.00396735030032e-06 5.0010263112199e-06 5.00157229907927e-06 5.01257936775801e-06 5.02358643643674e-06 5.03459350511548e-06 5.05113969969292e-06 5.07322502016905e-06 5.09531034064518e-06 5.11739566112131e-06 5.13260712978081e-06 5.14552731450143e-06 5.15844749922205e-06 5.17136768394266e-06 5.18786371079235e-06 5.20435973764203e-06 5.22085576449172e-06
-9999 -9999 4.91845500315928e-06 4.84070981959424e-06 4.76296463602921e-06 4.68521945246418e-06 4.60747426889914e-06 4.52972908533411e-06 4.46541129349498e-06 4.40109350165585e-06 4.33677570981672e-06 4.29135743009586e-06 4.30263768672982e-06 4.31391794336378e-06 4.32519819999773e-06 4.41486715014131e-06 4.58292479379452e-06 4.75098243744772e-06 4.91904008110093e-06 4.96555117933894e-06 4.97154676243857e-06 4.97754234553819e-06 4.98353792863782e-06 4.98526625960949e-06 4.98699459058116e-06 4.98872292155284e-06 4.99368655558404e-06 5.00835609879384e-06 5.02302564200363e-06 5.03769518521343e-06 5.06216016826026e-06 5.09642059114412e-06 5.13068101402799e-06 5.16494143691186e-06 5.19836425155518e-06 5.23150786345165e-06 5.26465147534812e-06 5.2977950872446e-06 5.32308808639452e-06 5.34838108554444e-06 5.37367408469436e-06
-9999 -9999 5.58734339695851e-06 5.35941235890884e-06 5.13148132085917e-06 4.9035502828095e-06 4.67561924475982e-06 4.44768820671015e-06 4.39486029184385e-06 4.34203237697754e-06 4.28920446211123e-06 4.27538818864074e-06 4.37860683935772e-06 4.4818254900747e-06 4.58504414079168e-06 4.70821943357199e-06 4.85135136841564e-06 4.99448330325928e-06 5.13761523810293e-06 5.25253832165617e-06 5.35805845477929e-06 5.4635785879024e-06 5.56909872102551e-06 5.59470160321022e-06 5.62030448539493e-06 5.64590736757964e-06 5.69025095804439e-06 5.79081667334928e-06 5.89138238865416e-06 5.99194810395905e-06 6.06589533466225e-06 6.11322408076376e-06 6.16055282686527e-06 6.20788157296677e-06 6.24215495918179e-06 6.27207655876797e-06 6.30199815835416e-06 6.33191975794034e-06 6.3372376098414e-06 6.34255546174245e-06 6.3478733136435e-06
-9999 -9999 7.18235554207543e-06 6.69491336035814e-06 6.20747117864084e-06 5.72002899692355e-06 5.23258681520626e-06 4.74514463348896e-06 4.75509154663693e-06 4.76503845978489e-06 4.77498537293286e-06 4.84888455199931e-06 5.11464052882123e-06 5.38039650564315e-06 5.64615248246506e-06 5.77175176052454e-06 5.75719433982158e-06 5.74263691911862e-06 5.72807949841566e-06 5.93285847571678e-06 6.21074958568594e-06 6.4886406956551e-06 6.76653180562425e-06 6.83521442018294e-06 6.90389703474163e-06 6.97257964930031e-06 7.09126550646033e-06 7.35996109142434e-06 7.62865667638835e-06 7.89735226135235e-06 8.06234519889889e-06 8.12363548902795e-06 8.18492577915701e-06 8.24621606928607e-06 8.26397925266065e-06 8.2672334004504e-06 8.27048754824015e-06 8.2737416960299e-06 8.23031228113299e-06 8.18688286623607e-06 8.14345345133916e-06
-9999 -9999 8.77736768719236e-06 8.03041436180744e-06 7.28346103642252e-06 6.53650771103761e-06 5.78955438565269e-06 5.04260106026777e-06 5.11532280143001e-06 5.18804454259225e-06 5.26076628375449e-06 5.42238091535789e-06 5.85067421828474e-06 6.2789675212116e-06 6.70726082413845e-06 6.8352840874771e-06 6.66303731122753e-06 6.49079053497796e-06 6.31854375872839e-06 6.61317862977739e-06 7.0634407165926e-06 7.5137028034078e-06 7.963964890223e-06 8.07572723715566e-06 8.18748958408833e-06 8.29925193102099e-06 8.49228005487627e-06 8.9291055094994e-06 9.36593096412253e-06 9.80275641874566e-06 1.00587950631355e-05 1.01340468972921e-05 1.02092987314488e-05 1.02845505656054e-05 1.02858035461395e-05 1.02623902421328e-05 1.02389769381261e-05 1.02155636341195e-05 1.01233869524246e-05 1.00312102707297e-05 9.93903358903481e-06
-9999 -9999 8.16967576611205e-06 8.07228176199715e-06 7.97488775788224e-06 7.87749375376734e-06 7.78009974965244e-06 7.68270574553753e-06 7.72933153712074e-06 7.77595732870395e-06 7.82258312028716e-06 7.83142586442409e-06 7.72691946622217e-06 7.62241306802025e-06 7.51790666981833e-06 7.61121900723083e-06 7.90235008025775e-06 8.19348115328466e-06 8.48461222631158e-06 8.6914308485575e-06 8.87014532054309e-06 9.04885979252867e-06 9.22757426451426e-06 9.3072044304184e-06 9.38683459632254e-06 9.46646476222668e-06 9.65347351060094e-06 1.01626180063856e-05 1.06717625021702e-05 1.11809069979548e-05 1.12492945724322e-05 1.08769252256025e-05 1.05045558787727e-05 1.0132186531943e-05 1.01005124815856e-05 1.01824035300524e-05 1.02642945785192e-05 1.0346185626986e-05 1.01116722968679e-05 9.87715896674975e-06 9.64264563663164e-06
-9999 -9999 7.56198384503174e-06 8.11414916218685e-06 8.66631447934196e-06 9.21847979649707e-06 9.77064511365218e-06 1.03228104308073e-05 1.03433402728115e-05 1.03638701148157e-05 1.03843999568198e-05 1.02404708134903e-05 9.6031647141596e-06 8.9658586148289e-06 8.32855251549821e-06 8.38715392698456e-06 9.14166284928797e-06 9.89617177159137e-06 1.06506806938948e-05 1.07696830673376e-05 1.06768499244936e-05 1.05840167816496e-05 1.04911836388055e-05 1.05386816236811e-05 1.05861796085568e-05 1.06336775934324e-05 1.08146669663256e-05 1.13961305032717e-05 1.19775940402178e-05 1.25590575771639e-05 1.24397940817289e-05 1.16198035539128e-05 1.07998130260967e-05 9.97982249828055e-06 9.91522141703172e-06 1.0102416817972e-05 1.02896122189122e-05 1.04768076198525e-05 1.00999576413111e-05 9.72310766276981e-06 9.34625768422848e-06
-9999 -9999 9.81876091827871e-06 1.02388533196063e-05 1.06589457209338e-05 1.10790381222614e-05 1.1499130523589e-05 1.19192229249165e-05 1.18278790978366e-05 1.17365352707566e-05 1.16451914436766e-05 1.14251083747755e-05 1.08188075804113e-05 1.0212506786047e-05 9.60620599168275e-06 9.54720738567024e-06 1.00355109680095e-05 1.05238145503487e-05 1.1012118132688e-05 1.10696051342529e-05 1.09834866088931e-05 1.08973680835334e-05 1.08112495581736e-05 1.08259878349296e-05 1.08407261116857e-05 1.08554643884418e-05 1.1092500766002e-05 1.19964314459745e-05 1.29003621259471e-05 1.38042928059197e-05 1.37879690737464e-05 1.2851390929427e-05 1.19148127851076e-05 1.09782346407883e-05 1.11747291521169e-05 1.17489145486616e-05 1.23230999452062e-05 1.28972853417508e-05 1.22289271287931e-05 1.15605689158353e-05 1.08922107028775e-05
-9999 -9999 1.4940006985853e-05 1.44463942342554e-05 1.39527814826579e-05 1.34591687310603e-05 1.29655559794628e-05 1.24719432278653e-05 1.2182948012196e-05 1.18939527965267e-05 1.16049575808574e-05 1.13853385482798e-05 1.13738480649772e-05 1.13623575816746e-05 1.1350867098372e-05 1.10913793832879e-05 1.05838944364223e-05 1.00764094895567e-05 9.56892454269109e-06 9.59119704930345e-06 9.79005537374178e-06 9.98891369818011e-06 1.01877720226184e-05 1.01691230641639e-05 1.01504741057094e-05 1.01318251472549e-05 1.048697490963e-05 1.19635208344941e-05 1.34400667593582e-05 1.49166126842222e-05 1.52938195484846e-05 1.45716873521451e-05 1.38495551558056e-05 1.31274229594662e-05 1.38790356868412e-05 1.51218967221212e-05 1.63647577574011e-05 1.7607618792681e-05 1.64985807593136e-05 1.53895427259461e-05 1.42805046925787e-05
-9999 -9999 2.00612530534272e-05 1.86539351489046e-05 1.72466172443819e-05 1.58392993398593e-05 1.44319814353366e-05 1.3024663530814e-05 1.25380169265554e-05 1.20513703222969e-05 1.15647237180383e-05 1.13455687217841e-05 1.19288885495431e-05 1.25122083773022e-05 1.30955282050612e-05 1.26355513809055e-05 1.11322779048351e-05 9.62900442876465e-06 8.12573095269424e-06 8.11278896435397e-06 8.59662413859041e-06 9.08045931282686e-06 9.56429448706331e-06 9.51225829339819e-06 9.46022209973307e-06 9.40818590606796e-06 9.88144905325801e-06 1.19306102230136e-05 1.39797713927692e-05 1.60289325625248e-05 1.67996700232228e-05 1.62919837748632e-05 1.57842975265036e-05 1.5276611278144e-05 1.65833422215655e-05 1.84948788955808e-05 2.0406415569596e-05 2.23179522436112e-05 2.07682343898341e-05 1.9218516536057e-05 1.76687986822799e-05
-9999 -9999 2.19685533011216e-05 2.14011751450016e-05 2.08337969888817e-05 2.02664188327617e-05 1.96990406766417e-05 1.91316625205218e-05 1.75432863397873e-05 1.59549101590528e-05 1.43665339783183e-05 1.33004624634244e-05 1.38013049460521e-05 1.43021474286797e-05 1.48029899113074e-05 1.47970442897834e-05 1.42843105641077e-05 1.3771576838432e-05 1.32588431127563e-05 1.4276129186328e-05 1.58034218596489e-05 1.73307145329697e-05 1.88580072062905e-05 1.89350952011106e-05 1.90121831959307e-05 1.90892711907509e-05 1.91336373245576e-05 1.90798378753243e-05 1.9026038426091e-05 1.89722389768576e-05 1.90106934557358e-05 1.91414018627256e-05 1.92721102697154e-05 1.94028186767052e-05 2.02518334845081e-05 2.13402837592488e-05 2.24287340339894e-05 2.35171843087301e-05 2.2200564853847e-05 2.0883945398964e-05 1.95673259440809e-05
-9999 -9999 2.38758535488159e-05 2.41484151410987e-05 2.44209767333814e-05 2.46935383256641e-05 2.49660999179469e-05 2.52386615102296e-05 2.25485557530192e-05 1.98584499958088e-05 1.71683442385984e-05 1.52553562050646e-05 1.5673721342561e-05 1.60920864800573e-05 1.65104516175537e-05 1.69585371986614e-05 1.74363432233804e-05 1.79141492480994e-05 1.83919552728184e-05 2.04394694083021e-05 2.30102195807073e-05 2.55809697531125e-05 2.81517199255177e-05 2.83579321088231e-05 2.85641442921284e-05 2.87703564754338e-05 2.83858255958573e-05 2.6229065527635e-05 2.40723054594127e-05 2.19155453911905e-05 2.12217168882489e-05 2.1990819950588e-05 2.27599230129272e-05 2.35290260752663e-05 2.39203247474507e-05 2.41856886229167e-05 2.44510524983828e-05 2.47164163738489e-05 2.36328953178599e-05 2.2549374261871e-05 2.1465853205882e-05
-9999 -9999 2.65651355827382e-05 2.69722828428106e-05 2.73794301028829e-05 2.77865773629552e-05 2.81937246230276e-05 2.86008718830999e-05 2.59989189119854e-05 2.3396965940871e-05 2.07950129697565e-05 1.88980089781883e-05 1.91158519252591e-05 1.93336948723299e-05 1.95515378194007e-05 2.01149287507481e-05 2.10238676663721e-05 2.19328065819961e-05 2.284174549762e-05 2.50137859256938e-05 2.76068601912508e-05 3.01999344568079e-05 3.27930087223649e-05 3.2812224914475e-05 3.28314411065852e-05 3.28506572986953e-05 3.21426858621029e-05 2.92531515394027e-05 2.63636172167026e-05 2.34740828940024e-05 2.28285368939396e-05 2.44269792165142e-05 2.60254215390887e-05 2.76238638616633e-05 2.82019976293668e-05 2.84400285454467e-05 2.86780594615266e-05 2.89160903776065e-05 2.86843489933138e-05 2.84526076090212e-05 2.82208662247285e-05
-9999 -9999 3.00363994028885e-05 2.98727782501373e-05 2.97091570973862e-05 2.9545535944635e-05 2.93819147918839e-05 2.92182936391328e-05 2.78943758166861e-05 2.65704579942394e-05 2.52465401717927e-05 2.42284207827955e-05 2.41276966941465e-05 2.40269726054976e-05 2.39262485168486e-05 2.42662189460437e-05 2.50468838930829e-05 2.5827548840122e-05 2.66082137871611e-05 2.79990787385032e-05 2.95933436912795e-05 3.11876086440558e-05 3.27818735968322e-05 3.22979736180666e-05 3.1814073639301e-05 3.13301736605354e-05 3.04042181232944e-05 2.81520959106274e-05 2.58999736979604e-05 2.36478514852934e-05 2.38311534728079e-05 2.64498796605039e-05 2.90686058482e-05 3.16873320358961e-05 3.30968521302566e-05 3.41033035268386e-05 3.51097549234206e-05 3.61162063200027e-05 3.73549258802086e-05 3.85936454404145e-05 3.98323650006205e-05
-9999 -9999 3.35076632230387e-05 3.27732736574641e-05 3.20388840918895e-05 3.13044945263149e-05 3.05701049607402e-05 2.98357153951656e-05 2.97898327213867e-05 2.97439500476078e-05 2.9698067373829e-05 2.95588325874026e-05 2.91395414630339e-05 2.87202503386652e-05 2.83009592142965e-05 2.84175091413393e-05 2.90699001197936e-05 2.97222910982479e-05 3.03746820767022e-05 3.09843715513125e-05 3.15798271913081e-05 3.21752828313038e-05 3.27707384712994e-05 3.17837223216581e-05 3.07967061720168e-05 2.98096900223754e-05 2.8665750384486e-05 2.70510402818521e-05 2.54363301792182e-05 2.38216200765843e-05 2.48337700516762e-05 2.84727801044937e-05 3.21117901573113e-05 3.57508002101289e-05 3.79917066311464e-05 3.97665785082305e-05 4.15414503853147e-05 4.33163222623989e-05 4.60255027671034e-05 4.87346832718079e-05 5.14438637765124e-05
