Data/Climate_Data/Maas_Precip.asc
NCOLS 360 
NROWS 180 
XLLCORNER -180 
YLLCORNER -90 
CELLSIZE 1 
NODATA_value -9999 
[rows 54 to 71 of 180, columns 0 to 40 of 360]
-9999 -9999 4.05272478625799e-05 4.14054563346629e-05 4.2283664806746e-05 4.3161873278829e-05 4.4040081750912e-05 4.4918290222995e-05 4.60188376018777e-05 4.71193849807605e-05 4.82199323596433e-05 4.92742827433782e-05 5.01900421416697e-05 5.11058015399612e-05 5.20215609382528e-05 5.31734802643768e-05 5.45615595183335e-05 5.59496387722902e-05 5.73377180262469e-05 5.88310266903136e-05 6.0359411824417e-05 6.18877969585204e-05 6.34161820926238e-05 6.45700199432516e-05 6.57238577938794e-05 6.68776956445072e-05 6.76933448994532e-05 6.7494428367354e-05 6.72955118352547e-05 6.70965953031555e-05 6.64659519679844e-05 6.54035818297416e-05 6.43412116914988e-05 6.32788415532559e-05 6.18284208758268e-05 6.0248650018669e-05 5.86688791615112e-05 5.70891083043534e-05 5.54890800170445e-05 5.38890517297356e-05 5.22890234424267e-05
-9999 -9999 3.97233639281088e-05 4.06576029005616e-05 4.15918418730143e-05 4.25260808454671e-05 4.34603198179199e-05 4.43945587903727e-05 4.56440849908783e-05 4.68936111913839e-05 4.81431373918895e-05 4.93415889892882e-05 5.03868167773665e-05 5.14320445654448e-05 5.24772723535231e-05 5.38152848700217e-05 5.54460821149405e-05 5.70768793598594e-05 5.87076766047782e-05 6.02829214767553e-05 6.18396488910851e-05 6.3396376305415e-05 6.49531037197448e-05 6.60685316931146e-05 6.71839596664843e-05 6.82993876398541e-05 6.90348125256908e-05 6.86302281489285e-05 6.82256437721662e-05 6.78210593954039e-05 6.70006119374496e-05 6.57643013983034e-05 6.45279908591571e-05 6.32916803200108e-05 6.17459886416327e-05 6.0097169916844e-05 5.84483511920553e-05 5.67995324672665e-05 5.50410105400564e-05 5.32824886128462e-05 5.1523966685636e-05
-9999 -9999 3.95488534801795e-05 4.04943540828147e-05 4.143985468545e-05 4.23853552880852e-05 4.33308558907205e-05 4.42763564933557e-05 4.56425246375147e-05 4.70086927816737e-05 4.83748609258328e-05 4.96946211690859e-05 5.08751577096215e-05 5.20556942501571e-05 5.32362307906927e-05 5.47120524667359e-05 5.64831592782866e-05 5.82542660898374e-05 6.00253729013881e-05 6.15056089009158e-05 6.28888879631025e-05 6.42721670252892e-05 6.56554460874759e-05 6.67330903039935e-05 6.78107345205111e-05 6.88883787370287e-05 6.95773154924003e-05 6.91001298643338e-05 6.86229442362674e-05 6.81457586082009e-05 6.71820974093862e-05 6.57319606398232e-05 6.42818238702603e-05 6.28316871006973e-05 6.11793088319246e-05 5.94595167300819e-05 5.77397246282392e-05 5.60199325263966e-05 5.41042856154187e-05 5.21886387044409e-05 5.0272991793463e-05
-9999 -9999 3.93743430322502e-05 4.03311052650679e-05 4.12878674978856e-05 4.22446297307033e-05 4.3201391963521e-05 4.41581541963387e-05 4.56409642841512e-05 4.71237743719636e-05 4.86065844597761e-05 5.00476533488836e-05 5.13634986418765e-05 5.26793439348694e-05 5.39951892278623e-05 5.56088200634501e-05 5.75202364416327e-05 5.94316528198154e-05 6.13430691979981e-05 6.27282963250764e-05 6.39381270351199e-05 6.51479577451634e-05 6.63577884552069e-05 6.73976489148723e-05 6.84375093745378e-05 6.94773698342033e-05 7.01198184591097e-05 6.95700315797391e-05 6.90202447003685e-05 6.84704578209979e-05 6.73635828813227e-05 6.56996198813431e-05 6.40356568813634e-05 6.23716938813838e-05 6.06126290222164e-05 5.88218635433198e-05 5.70310980644232e-05 5.52403325855266e-05 5.31675606907811e-05 5.10947887960356e-05 4.902201690129e-05
-9999 -9999 3.92213068456234e-05 4.02538632139719e-05 4.12864195823204e-05 4.23189759506689e-05 4.33515323190174e-05 4.43840886873659e-05 4.59567574337901e-05 4.75294261802143e-05 4.91020949266385e-05 5.06726426829118e-05 5.22368274687324e-05 5.38010122545529e-05 5.53651970403735e-05 5.70996543683577e-05 5.90043842385057e-05 6.09091141086537e-05 6.28138439788017e-05 6.42328642425127e-05 6.54899813040781e-05 6.67470983656434e-05 6.80042154272087e-05 6.86681343358941e-05 6.93320532445796e-05 6.9995972153265e-05 7.02937489647108e-05 6.94930994844375e-05 6.86924500041641e-05 6.78918005238908e-05 6.65802422251242e-05 6.47577751078643e-05 6.29353079906044e-05 6.11128408733445e-05 5.92944271920715e-05 5.74773646561274e-05 5.56603021201833e-05 5.38432395842392e-05 5.15873479404642e-05 4.93314562966892e-05 4.70755646529142e-05
-9999 -9999 3.90682706589966e-05 4.01766211628759e-05 4.12849716667552e-05 4.23933221706344e-05 4.35016726745137e-05 4.4610023178393e-05 4.6272550583429e-05 4.7935077988465e-05 4.9597605393501e-05 5.129763201694e-05 5.31101562955882e-05 5.49226805742364e-05 5.67352048528846e-05 5.85904886732654e-05 6.04885320353787e-05 6.23865753974921e-05 6.42846187596054e-05 6.57374321599491e-05 6.70418355730362e-05 6.83462389861234e-05 6.96506423992105e-05 6.99386197569159e-05 7.02265971146214e-05 7.05145744723268e-05 7.04676794703118e-05 6.94161673891358e-05 6.83646553079598e-05 6.73131432267837e-05 6.57969015689256e-05 6.38159303343855e-05 6.18349590998453e-05 5.98539878653052e-05 5.79762253619265e-05 5.61328657689349e-05 5.42895061759433e-05 5.24461465829518e-05 5.00071351901473e-05 4.75681237973428e-05 4.51291124045383e-05
-9999 -9999 3.95622220821679e-05 4.07254137098789e-05 4.188860533759e-05 4.3051796965301e-05 4.42149885930121e-05 4.53781802207232e-05 4.71920490963384e-05 4.90059179719538e-05 5.08197868475691e-05 5.26576843306733e-05 5.45676676362443e-05 5.64776509418152e-05 5.83876342473862e-05 6.02863701836516e-05 6.21738587506115e-05 6.40613473175714e-05 6.59488358845314e-05 6.7277915077284e-05 6.84208578119675e-05 6.95638005466511e-05 7.07067432813346e-05 7.0639232872054e-05 7.05717224627733e-05 7.05042120534927e-05 7.01253913575783e-05 6.8812639801763e-05 6.74998882459477e-05 6.61871366901323e-05 6.44786117481999e-05 6.23743134201504e-05 6.02700150921009e-05 5.81657167640515e-05 5.61384786851704e-05 5.41369273560122e-05 5.21353760268539e-05 5.01338246976957e-05 4.76045755203813e-05 4.5075326343067e-05 4.25460771657527e-05
-9999 -9999 4.07031611151372e-05 4.1900240854981e-05 4.30973205948249e-05 4.42944003346687e-05 4.54914800745125e-05 4.66885598143563e-05 4.87152529725184e-05 5.07419461306805e-05 5.27686392888427e-05 5.47527996241115e-05 5.66093614907004e-05 5.84659233572893e-05 6.03224852238782e-05 6.21872988995165e-05 6.40603643842041e-05 6.59334298688918e-05 6.78064953535795e-05 6.88543129945174e-05 6.9627048020872e-05 7.03997830472266e-05 7.11725180735811e-05 7.07699736813083e-05 7.03674292890355e-05 6.99648848967627e-05 6.92668846265103e-05 6.7682516722319e-05 6.60981488181278e-05 6.45137809139366e-05 6.2625372762947e-05 6.04329243651591e-05 5.82404759673712e-05 5.60480275695833e-05 5.37811871618032e-05 5.14895494173591e-05 4.9197911672915e-05 4.69062739284709e-05 4.43796689311663e-05 4.18530639338618e-05 3.93264589365572e-05
-9999 -9999 4.18441001481066e-05 4.30750680000832e-05 4.43060358520597e-05 4.55370037040363e-05 4.67679715560128e-05 4.79989394079894e-05 5.02384568486984e-05 5.24779742894073e-05 5.47174917301163e-05 5.68479149175497e-05 5.86510553451565e-05 6.04541957727633e-05 6.22573362003701e-05 6.40882276153813e-05 6.59468700177968e-05 6.78055124202122e-05 6.96641548226277e-05 7.04307109117508e-05 7.08332382297764e-05 7.1235765547802e-05 7.16382928658277e-05 7.09007144905627e-05 7.01631361152977e-05 6.94255577400327e-05 6.84083778954422e-05 6.65523936428751e-05 6.4696409390308e-05 6.28404251377409e-05 6.07721337776942e-05 5.84915353101678e-05 5.62109368426415e-05 5.39303383751152e-05 5.14238956384361e-05 4.88421714787061e-05 4.62604473189761e-05 4.36787231592461e-05 4.11547623419513e-05 3.86308015246565e-05 3.61068407073617e-05
-9999 -9999 4.33924763152997e-05 4.46402359132965e-05 4.58879955112934e-05 4.71357551092903e-05 4.83835147072871e-05 4.9631274305284e-05 5.17071125796065e-05 5.37829508539289e-05 5.58587891282514e-05 5.78670612109515e-05 5.96726347187844e-05 6.14782082266174e-05 6.32837817344504e-05 6.48658431600779e-05 6.62243925035e-05 6.7582941846922e-05 6.89414911903441e-05 6.93960150238126e-05 6.954919702063e-05 6.97023790174474e-05 6.98555610142648e-05 6.88890363865842e-05 6.79225117589037e-05 6.69559871312231e-05 6.56865867010007e-05 6.35085588631531e-05 6.13305310253054e-05 5.91525031874577e-05 5.6846897447637e-05 5.44137138058432e-05 5.19805301640493e-05 4.95473465222555e-05 4.71355707850307e-05 4.47309310159956e-05 4.23262912469606e-05 3.99216514779255e-05 3.75434306139747e-05 3.5165209750024e-05 3.27869888860732e-05
-9999 -9999 4.49408524824927e-05 4.62054038265099e-05 4.74699551705271e-05 4.87345065145443e-05 4.99990578585615e-05 5.12636092025787e-05 5.31757683105146e-05 5.50879274184505e-05 5.70000865263864e-05 5.88862075043532e-05 6.06942140924123e-05 6.25022206804715e-05 6.43102272685307e-05 6.56434587047746e-05 6.65019149892032e-05 6.73603712736319e-05 6.82188275580605e-05 6.83613191358745e-05 6.82651558114837e-05 6.81689924870928e-05 6.8072829162702e-05 6.68773582826058e-05 6.56818874025096e-05 6.44864165224135e-05 6.29647955065593e-05 6.04647240834311e-05 5.79646526603028e-05 5.54645812371746e-05 5.29216611175798e-05 5.03358923015185e-05 4.77501234854572e-05 4.51643546693958e-05 4.28472459316254e-05 4.06196905532852e-05 3.8392135174945e-05 3.61645797966048e-05 3.39320988859981e-05 3.16996179753914e-05 2.94671370647848e-05
-9999 -9999 4.62058686631887e-05 4.74314389187687e-05 4.86570091743488e-05 4.98825794299288e-05 5.11081496855089e-05 5.23337199410889e-05 5.40570900678479e-05 5.5780460194607e-05 5.7503830321366e-05 5.91794761324612e-05 6.0711948996565e-05 6.22444218606688e-05 6.37768947247726e-05 6.48293902243798e-05 6.54019083594903e-05 6.59744264946009e-05 6.65469446297114e-05 6.64393966144417e-05 6.61051598823784e-05 6.57709231503153e-05 6.54366864182521e-05 6.39214073210799e-05 6.24061282239078e-05 6.08908491267357e-05 5.90722243456791e-05 5.6343562512969e-05 5.36149006802589e-05 5.08862388475488e-05 4.82514801357562e-05 4.57106245448813e-05 4.31697689540063e-05 4.06289133631314e-05 3.84562475665007e-05 3.64063117012847e-05 3.43563758360688e-05 3.23064399708528e-05 3.02695710464225e-05 2.82327021219923e-05 2.6195833197562e-05
-9999 -9999 4.71875248573876e-05 4.8318341190073e-05 4.94491575227585e-05 5.05799738554439e-05 5.17107901881294e-05 5.28416065208148e-05 5.43510778516065e-05 5.58605491823982e-05 5.737002051319e-05 5.87468670952755e-05 5.97258394312424e-05 6.07048117672093e-05 6.16837841031762e-05 6.24236377188936e-05 6.29243726143613e-05 6.34251075098291e-05 6.39258424052969e-05 6.36302474595141e-05 6.30692092333144e-05 6.25081710071148e-05 6.19471327809151e-05 6.00211835020067e-05 5.80952342230982e-05 5.61692849441897e-05 5.400887321836e-05 5.11450741517668e-05 4.82812750851735e-05 4.54174760185803e-05 4.28363545021663e-05 4.05379105359316e-05 3.82394665696969e-05 3.59410226034621e-05 3.39625756896567e-05 3.20907944599943e-05 3.02190132303319e-05 2.83472320006695e-05 2.6555847095248e-05 2.47644621898265e-05 2.2973077284405e-05
-9999 -9999 4.81691810515864e-05 4.92052434613773e-05 5.02413058711682e-05 5.1277368280959e-05 5.23134306907499e-05 5.33494931005407e-05 5.46450656353651e-05 5.59406381701895e-05 5.72362107050139e-05 5.83142580580898e-05 5.87397298659198e-05 5.91652016737498e-05 5.95906734815799e-05 6.00178852134074e-05 6.04468368692324e-05 6.08757885250573e-05 6.13047401808823e-05 6.08210983045865e-05 6.00332585842504e-05 5.92454188639143e-05 5.84575791435782e-05 5.61209596829334e-05 5.37843402222885e-05 5.14477207616437e-05 4.8945522091041e-05 4.59465857905646e-05 4.29476494900882e-05 3.99487131896118e-05 3.74212288685764e-05 3.53651965269819e-05 3.33091641853874e-05 3.12531318437929e-05 2.94689038128126e-05 2.77752772187038e-05 2.6081650624595e-05 2.43880240304861e-05 2.28421231440734e-05 2.12962222576607e-05 1.9750321371248e-05
-9999 -9999 4.93957309420997e-05 5.00815954971282e-05 5.07674600521568e-05 5.14533246071854e-05 5.2139189162214e-05 5.28250537172426e-05 5.36113196964531e-05 5.43975856756636e-05 5.51838516548742e-05 5.58302694116719e-05 5.60571425012313e-05 5.62840155907907e-05 5.651088868035e-05 5.66367936941485e-05 5.66617306321859e-05 5.66866675702234e-05 5.67116045082609e-05 5.59092090406921e-05 5.48310361045878e-05 5.37528631684836e-05 5.26746902323794e-05 5.024011193503e-05 4.78055336376807e-05 4.53709553403314e-05 4.28766683520128e-05 4.02032552907864e-05 3.752984222956e-05 3.48564291683336e-05 3.25760870085408e-05 3.06888157501817e-05 2.88015444918225e-05 2.69142732334634e-05 2.52809237281326e-05 2.37322148071447e-05 2.21835058861567e-05 2.06347969651688e-05 1.92979579151142e-05 1.79611188650597e-05 1.66242798150051e-05
-9999 -9999 5.06222808326129e-05 5.09579475328792e-05 5.12936142331455e-05 5.16292809334118e-05 5.19649476336781e-05 5.23006143339444e-05 5.25775737575411e-05 5.28545331811377e-05 5.31314926047344e-05 5.33462807652541e-05 5.33745551365428e-05 5.34028295078315e-05 5.34311038791202e-05 5.32557021748895e-05 5.28766243951395e-05 5.24975466153895e-05 5.21184688356395e-05 5.09973197767977e-05 4.96288136249253e-05 4.82603074730529e-05 4.68918013211805e-05 4.43592641871267e-05 4.18267270530729e-05 3.92941899190191e-05 3.68078146129847e-05 3.44599247910082e-05 3.21120349690318e-05 2.97641451470554e-05 2.77309451485053e-05 2.60124349733815e-05 2.42939247982576e-05 2.25754146231338e-05 2.10929436434526e-05 1.96891523955856e-05 1.82853611477185e-05 1.68815698998515e-05 1.57537926861551e-05 1.46260154724587e-05 1.34982382587623e-05
-9999 -9999 5.19087763677817e-05 5.18611101142596e-05 5.18134438607376e-05 5.17657776072156e-05 5.17181113536935e-05 5.16704451001715e-05 5.16365682415199e-05 5.16026913828682e-05 5.15688145242166e-05 5.14897826845602e-05 5.12752859018898e-05 5.10607891192194e-05 5.0846292336549e-05 5.03797212635012e-05 4.9661075900076e-05 4.89424305366507e-05 4.82237851732255e-05 4.68047529284377e-05 4.51522583898623e-05 4.34997638512868e-05 4.18472693127114e-05 3.93315833935048e-05 3.68158974742983e-05 3.43002115550917e-05 3.18933867189723e-05 2.98131451321145e-05 2.77329035452567e-05 2.56526619583989e-05 2.38434800363999e-05 2.23053577792598e-05 2.07672355221196e-05 1.92291132649795e-05 1.79094323175377e-05 1.66625651399954e-05 1.54156979624531e-05 1.41688307849108e-05 1.32200851051797e-05 1.22713394254485e-05 1.13225937457173e-05
-9999 -9999 5.32552175476061e-05 5.27910832412696e-05 5.23269489349332e-05 5.18628146285967e-05 5.13986803222603e-05 5.09345460159238e-05 5.07883031483895e-05 5.06420602808551e-05 5.04958174133208e-05 5.02607751695905e-05 4.97593347972725e-05 4.92578944249544e-05 4.87564540526364e-05 4.80088509599833e-05 4.70150851469953e-05 4.60213193340072e-05 4.50275535210191e-05 4.33315084956121e-05 4.14013703993987e-05 3.94712323031854e-05 3.7541094206972e-05 3.51570695541644e-05 3.27730449013567e-05 3.03890202485491e-05 2.81333846699757e-05 2.62629163141052e-05 2.43924479582347e-05 2.25219796023642e-05 2.09136916722249e-05 1.95675841678167e-05 1.82214766634085e-05 1.68753691590003e-05 1.5730389750388e-05 1.46524530403743e-05 1.35745163303606e-05 1.24965796203469e-05 1.1696835172188e-05 1.08970907240291e-05 1.00973462758702e-05
