Data/Climate_Data/Maas_Temp.asc
NCOLS 360 
NROWS 180 
XLLCORNER -180 
YLLCORNER -90 
CELLSIZE 1 
NODATA_value -9999 
[rows 140 to 159 of 180, columns 184 to 229 of 360]
287.039967041016 287.135321858724 287.230676676432 287.326031494141 287.419174397786 287.512317301432 287.605460205078 287.698815511068 287.792808024089 287.886800537109 287.98079305013 288.069452718099 288.152779541016 288.236106363932 288.319433186849 288.3734765625 288.417758789063 288.462041015625 288.506323242187 288.520405273438 288.534487304688 288.548569335937 288.557061360677 288.548783365885 288.540505371094 288.532227376302 288.508392740885 288.469001464844 288.429610188802 288.39021891276 288.348444824219 288.305876464844 288.263308105469 288.220739746094 288.167447102865 288.114154459635 288.060861816406 288.007069091797 287.951776123047 287.896483154297 287.841190185547 287.788330485026 287.737904052734 287.687477620443 287.637051188151 287.596635742187
286.488297119141 286.580172119141 286.672047119141 286.763922119141 286.853165283203 286.942408447266 287.031651611328 287.120803629557 287.209682210286 287.298560791016 287.387439371745 287.471248779297 287.549989013672 287.628729248047 287.707469482422 287.761457519531 287.807194824219 287.852932128906 287.898669433594 287.917591959635 287.936514485677 287.955437011719 287.967794596354 287.960457356771 287.953120117187 287.945782877604 287.923798828125 287.88716796875 287.850537109375 287.81390625 287.76763671875 287.718154296875 287.668671875 287.619189453125 287.556853841146 287.494518229167 287.432182617187 287.37003133138 287.308433024089 287.246834716797 287.185236409505 287.128594156901 287.076907958984 287.025221761068 286.973535563151 286.935134277344
285.936627197266 286.025022379557 286.113417561849 286.201812744141 286.28715616862 286.372499593099 286.457843017578 286.542791748047 286.626556396484 286.710321044922 286.794085693359 286.873044840495 286.947198486328 287.021352132161 287.095505777995 287.149438476563 287.196630859375 287.243823242187 287.291015625 287.314778645833 287.338541666667 287.3623046875 287.378527832031 287.372131347656 287.365734863281 287.359338378906 287.339204915365 287.305334472656 287.271464029948 287.23759358724 287.186828613281 287.130432128906 287.074035644531 287.017639160156 286.946260579427 286.874881998698 286.803503417969 286.732993570964 286.66508992513 286.597186279297 286.529282633464 286.468857828776 286.415911865234 286.362965901693 286.310019938151 286.2736328125
285.461597900391 285.551223551432 285.640849202474 285.730474853516 285.815697835286 285.900920817057 285.986143798828 286.070870361328 286.154107666016 286.237344970703 286.320582275391 286.396831461589 286.466092529297 286.535353597005 286.604614664714 286.654614257812 286.698193359375 286.741772460937 286.7853515625 286.803961588542 286.822571614583 286.841181640625 286.852902018229 286.843953450521 286.835004882813 286.826056315104 286.799267578125 286.754638671875 286.710009765625 286.665380859375 286.598747558594 286.524779459635 286.450811360677 286.376843261719 286.293358561198 286.209873860677 286.126389160156 286.046148681641 285.975640869141 285.905133056641 285.834625244141 285.77442179362 285.724522705078 285.674623616536 285.624724527995 285.607014160156
284.986568603516 285.077424723307 285.168280843099 285.259136962891 285.344239501953 285.429342041016 285.514444580078 285.598948974609 285.681658935547 285.764368896484 285.847078857422 285.920618082682 285.984986572266 286.049355061849 286.113723551432 286.159790039062 286.199755859375 286.239721679687 286.2796875 286.29314453125 286.3066015625 286.32005859375 286.327276204427 286.315775553385 286.304274902344 286.292774251302 286.259330240885 286.203942871094 286.148555501302 286.09316813151 286.010666503906 285.919126790365 285.827587076823 285.736047363281 285.640456542969 285.544865722656 285.449274902344 285.359303792318 285.286191813151 285.213079833984 285.139967854818 285.079985758464 285.033133544922 284.98628133138 284.939429117839 284.940395507812
284.582281494141 284.674688720703 284.767095947266 284.859503173828 284.94610148112 285.032699788411 285.119298095703 285.204664306641 285.286334228516 285.368004150391 285.449674072266 285.520002848307 285.578990478516 285.637978108724 285.696965738932 285.736851806641 285.770370686849 285.803889567057 285.837408447266 285.841757405599 285.846106363932 285.850455322266 285.84721110026 285.82118733724 285.795163574219 285.769139811198 285.716909179687 285.638471679687 285.560034179687 285.481596679688 285.379743652344 285.270085449219 285.160427246094 285.050769042969 284.949792480469 284.848815917969 284.747839355469 284.655586751302 284.589506022135 284.523425292969 284.457344563802 284.409221191406 284.379055175781 284.348889160156 284.318723144531 284.330041503906
284.248736572266 284.34301554362 284.437294514974 284.531573486328 284.621283772786 284.710994059245 284.800704345703 284.888016357422 284.968133544922 285.048250732422 285.128367919922 285.194985758464 285.248104248047 285.30122273763 285.354341227214 285.385799560547 285.410037841797 285.434276123047 285.458514404297 285.449800211589 285.44108601888 285.432371826172 285.412706705729 285.360188802083 285.307670898438 285.255152994792 285.172004394531 285.058225097656 284.944445800781 284.830666503906 284.705979003906 284.577655436198 284.44933186849 284.321008300781 284.221366373698 284.121724446615 284.022082519531 283.934997558594 283.885583496094 283.836169433594 283.786755371094 283.762128092448 283.762287597656 283.762447102865 283.762606608073 283.775952148438
283.915191650391 284.011342366536 284.107493082682 284.203643798828 284.296466064453 284.389288330078 284.482110595703 284.571368408203 284.649932861328 284.728497314453 284.807061767578 284.86996866862 284.917218017578 284.964467366536 285.011716715495 285.034747314453 285.049704996745 285.064662679036 285.079620361328 285.057843017578 285.036065673828 285.014288330078 284.978202311198 284.899190266927 284.820178222656 284.741166178385 284.627099609375 284.477978515625 284.328857421875 284.179736328125 284.032214355469 283.885225423177 283.738236490885 283.591247558594 283.492940266927 283.39463297526 283.296325683594 283.214408365885 283.181660970052 283.148913574219 283.116166178385 283.11503499349 283.145520019531 283.176005045573 283.206490071615 283.221862792969
283.791993408203 283.893248291016 283.994503173828 284.095758056641 284.189778238932 284.283798421224 284.377818603516 284.465370686849 284.533518473307 284.601666259766 284.669814046224 284.712245686849 284.728961181641 284.745676676432 284.762392171224 284.747877197266 284.722952067057 284.698026936849 284.673101806641 284.603886311849 284.534670817057 284.465455322266 284.384558105469 284.268615722656 284.152673339844 284.036730957031 283.897682291667 283.73552734375 283.573372395833 283.411217447917 283.294787597656 283.193599446615 283.092411295573 282.991223144531 282.92909749349 282.866971842448 282.804846191406 282.759899902344 282.766491699219 282.773083496094 282.779675292969 282.803741048177 282.845280761719 282.88682047526 282.928360188802 282.957377929688
283.668795166016 283.775154215495 283.881513264974 283.987872314453 284.083090413411 284.17830851237 284.273526611328 284.359372965495 284.417104085286 284.474835205078 284.53256632487 284.554522705078 284.540704345703 284.526885986328 284.513067626953 284.461007080078 284.39619913737 284.331391194661 284.266583251953 284.14992960612 284.033275960286 283.916622314453 283.79091389974 283.638041178385 283.485168457031 283.332295735677 283.168264973958 282.993076171875 282.817887369792 282.642698567708 282.557360839844 282.501973470052 282.44658610026 282.391198730469 282.365254720052 282.339310709635 282.313366699219 282.305391438802 282.351322428385 282.397253417969 282.443184407552 282.492447102865 282.545041503906 282.597635904948 282.65023030599 282.692893066406
283.452012939453 283.552279866536 283.65254679362 283.752813720703 283.837886962891 283.922960205078 284.008033447266 284.081322021484 284.119256591797 284.157191162109 284.195125732422 284.194116617839 284.154163818359 284.11421101888 284.074258219401 283.999143066406 283.912307128906 283.825471191406 283.738635253906 283.598474121094 283.458312988281 283.318151855469 283.167338460286 282.984568277995 282.801798095703 282.619027913411 282.444378662109 282.277850341797 282.111322021484 281.944793701172 281.902995605469 281.902774251302 281.902552897135 281.902331542969 281.902500813802 281.902670084635 281.902839355469 281.92330485026 282.004659016927 282.086013183594 282.16736735026 282.236588541667 282.293676757812 282.350764973958 282.407853190104 282.465034179688
283.141646728516 283.224625244141 283.307603759766 283.390582275391 283.45416788737 283.517753499349 283.581339111328 283.631217854818 283.639975992839 283.648734130859 283.65749226888 283.63102742513 283.569339599609 283.507651774089 283.445963948568 283.36228515625 283.271276041667 283.180266927083 283.0892578125 282.949519856771 282.809781901042 282.670043945312 282.513831787109 282.308197021484 282.102562255859 281.896927490234 281.72602335612 281.589849853516 281.453676350911 281.317502848307 281.331691894531 281.396001790365 281.460311686198 281.524621582031 281.54083577474 281.557049967448 281.573264160156 281.613640136719 281.726501464844 281.839362792969 281.952224121094 282.036165364583 282.091186523438 282.146207682292 282.201228841146 282.273801269531
282.831280517578 282.896970621745 282.962660725911 283.028350830078 283.070448811849 283.11254679362 283.154644775391 283.181113688151 283.16069539388 283.140277099609 283.119858805339 283.067938232422 282.984515380859 282.901092529297 282.817669677734 282.725427246094 282.630244954427 282.53506266276 282.439880371094 282.300565592448 282.161250813802 282.021936035156 281.860325113932 281.631825764974 281.403326416016 281.174827067057 281.00766805013 280.901849365234 280.796030680339 280.690211995443 280.760388183594 280.889229329427 281.01807047526 281.146911621094 281.179170735677 281.21142985026 281.243688964844 281.303975423177 281.44834391276 281.592712402344 281.737080891927 281.8357421875 281.888696289063 281.941650390625 281.994604492187 282.082568359375
281.849464111328 281.891352132161 281.933240152995 281.975128173828 281.997561442057 282.019994710286 282.042427978516 282.051938069661 282.022678629557 281.993419189453 281.964159749349 281.897444254557 281.793272705078 281.689101155599 281.58492960612 281.487807617188 281.393035481771 281.298263346354 281.203491210938 281.0625 280.921508789062 280.780517578125 280.629430745443 280.448057047526 280.266683349609 280.085309651693 279.985969645182 279.968663330078 279.951357014974 279.93405069987 280.019389648437 280.138943684896 280.258497721354 280.378051757812 280.412781575521 280.447511393229 280.482241210938 280.54302327474 280.681962076823 280.820900878906 280.95983968099 281.032815755208 281.039829101562 281.046842447917 281.053855794271 281.093471679687
280.867647705078 280.885733642578 280.903819580078 280.921905517578 280.924674072266 280.927442626953 280.930211181641 280.922762451172 280.884661865234 280.846561279297 280.808460693359 280.726950276693 280.602030029297 280.477109781901 280.352189534505 280.250187988281 280.155826009115 280.061464029948 279.967102050781 279.824434407552 279.681766764323 279.539099121094 279.398536376953 279.264288330078 279.130040283203 278.995792236328 278.964271240234 279.035477294922 279.106683349609 279.177889404297 279.278391113281 279.388658040365 279.498924967448 279.609191894531 279.646392415365 279.683592936198 279.720793457031 279.782071126302 279.915580240885 280.049089355469 280.182598470052 280.229889322917 280.190961914063 280.152034505208 280.113107096354 280.104375
279.733695068359 279.728499755859 279.723304443359 279.718109130859 279.711670328776 279.705231526693 279.698792724609 279.689892171224 279.673606363932 279.657320556641 279.641034749349 279.557831624349 279.407711181641 279.257590738932 279.107470296224 278.989836425781 278.88303141276 278.77622639974 278.669421386719 278.523744303385 278.378067220052 278.232390136719 278.091857503255 277.966758219401 277.841658935547 277.716559651693 277.703729248047 277.803167724609 277.902606201172 278.002044677734 278.016088867187 278.001668294271 277.987247721354 277.972827148438 278.043274739583 278.113722330729 278.184169921875 278.155411783854 277.829036458333 277.502661132812 277.176285807292 277.053780924479 277.135146484375 277.216512044271 277.297877604167 277.665581054687
278.447606201172 278.419650472005 278.391694742839 278.363739013672 278.358550211589 278.353361409505 278.348172607422 278.353327229818 278.389512125651 278.425697021484 278.461881917318 278.390088297526 278.210316162109 278.030544026693 277.850771891276 277.706752929688 277.574651692708 277.442550455729 277.31044921875 277.1604296875 277.01041015625 276.860390625 276.709394124349 276.555466715495 276.401539306641 276.247611897786 276.20434366862 276.271734619141 276.339125569661 276.406516520182 276.232482910156 275.977974446615 275.723465983073 275.468957519531 275.603428548177 275.737899576823 275.872370605469 275.663045247396 274.422330729167 273.181616210937 271.940901692708 271.504490559896 271.8723828125 272.240275065104 272.608167317708 273.77708984375
277.161517333984 277.110801188151 277.060085042318 277.009368896484 277.005430094401 277.001491292318 276.997552490234 277.016762288411 277.10541788737 277.194073486328 277.282729085286 277.222344970703 277.012921142578 276.803497314453 276.594073486328 276.423669433594 276.266271972656 276.108874511719 275.951477050781 275.797115071615 275.642753092448 275.488391113281 275.326930745443 275.144175211589 274.961419677734 274.77866414388 274.704958089193 274.740301513672 274.775644938151 274.81098836263 274.448876953125 273.954280598958 273.459684244792 272.965087890625 273.163582356771 273.362076822917 273.560571289063 273.170678710937 271.015625 268.860571289062 266.705517578125 265.955200195312 266.609619140625 267.264038085938 267.91845703125 269.888598632812
275.153638916016 275.112079671224 275.070520426432 275.028961181641 275.048749593099 275.068538004557 275.088326416016 275.130791422526 275.241286214193 275.351781005859 275.462275797526 275.370765380859 275.077249755859 274.783734130859 274.490218505859 274.176105957031 273.855127766927 273.534149576823 273.213171386719 273.108679199219 273.004187011719 272.899694824219 272.83383992513 272.883896891276 272.933953857422 272.984010823568 273.030788167318 273.074285888672 273.117783610026 273.16128133138 272.939484863281 272.629256998698 272.319029134115 272.008801269531 272.170118001302 272.331434733073 272.492751464844 272.322639973958 271.158243815104 269.99384765625 268.829451497396 268.359864908854 268.585087890625 268.810310872396 269.035533854167 269.846198730469
273.145760498047 273.113358154297 273.080955810547 273.048553466797 273.092069091797 273.135584716797 273.179100341797 273.244820556641 273.377154541016 273.509488525391 273.641822509766 273.519185791016 273.141578369141 272.763970947266 272.386363525391 271.928542480469 271.443983561198 270.959424641927 270.474865722656 270.420243326823 270.36562093099 270.310998535156 270.340749104818 270.623618570964 270.906488037109 271.189357503255 271.356618245443 271.408270263672 271.459922281901 271.51157430013 271.430092773438 271.304233398437 271.178374023437 271.052514648438 271.176653645833 271.300792643229 271.424931640625 271.474601236979 271.300862630208 271.127124023437 270.953385416667 270.764529622396 270.560556640625 270.356583658854 270.152610677083 269.803798828125
