Data/Climate_Data/Maas_Precip.asc
NCOLS 360 
NROWS 180 
XLLCORNER -180 
YLLCORNER -90 
CELLSIZE 1 
NODATA_value -9999 
[rows 18 to 35 of 180, columns 0 to 40 of 360]
-9999 -9999 3.34194980193085e-05 3.2511480433944e-05 3.16034628485795e-05 3.0695445263215e-05 2.97874276778505e-05 2.88794100924861e-05 2.84915729328835e-05 2.81037357732809e-05 2.77158986136783e-05 2.73304391157581e-05 2.69521126028849e-05 2.65737860900117e-05 2.61954595771385e-05 2.6206687107333e-05 2.66074686805951e-05 2.70082502538571e-05 2.74090318271192e-05 2.78843985870481e-05 2.83846270758659e-05 2.88848555646837e-05 2.93850840535015e-05 2.912099424672e-05 2.88569044399386e-05 2.85928146331571e-05 2.82485341692033e-05 2.76636817337324e-05 2.70788292982616e-05 2.64939768627907e-05 2.78538380613706e-05 3.11584128940012e-05 3.44629877266319e-05 3.77675625592625e-05 4.00843849638477e-05 4.20719565590844e-05 4.4059528154321e-05 4.60470997495577e-05 4.76463432035719e-05 4.92455866575862e-05 5.08448301116005e-05
-9999 -9999 3.33313328155782e-05 3.22496872104239e-05 3.11680416052695e-05 3.00863960001152e-05 2.90047503949609e-05 2.79231047898065e-05 2.71933131443802e-05 2.64635214989539e-05 2.57337298535276e-05 2.51020456441135e-05 2.47646837427358e-05 2.44273218413582e-05 2.40899599399806e-05 2.39958650733267e-05 2.41450372413965e-05 2.42942094094663e-05 2.44433815775362e-05 2.47844256227836e-05 2.51894269604236e-05 2.55944282980636e-05 2.59994296357036e-05 2.6458266171782e-05 2.69171027078604e-05 2.73759392439388e-05 2.78313179539206e-05 2.82763231856128e-05 2.87213284173049e-05 2.9166333648997e-05 3.0873906071065e-05 3.38440456835087e-05 3.68141852959525e-05 3.97843249083962e-05 4.2177063296549e-05 4.43773346099382e-05 4.65776059233273e-05 4.87778772367165e-05 4.92671836400405e-05 4.97564900433645e-05 5.02457964466885e-05
-9999 -9999 3.27851050921405e-05 3.17669079716628e-05 3.0748710851185e-05 2.97305137307073e-05 2.87123166102295e-05 2.76941194897518e-05 2.70072574494407e-05 2.63203954091296e-05 2.56335333688185e-05 2.50583006224285e-05 2.48179557578017e-05 2.4577610893175e-05 2.43372660285483e-05 2.41935366163185e-05 2.41464226564858e-05 2.40993086966531e-05 2.40521947368203e-05 2.41788251150865e-05 2.4363370272719e-05 2.45479154303515e-05 2.4732460587984e-05 2.54010025431247e-05 2.60695444982654e-05 2.67380864534061e-05 2.74509009614121e-05 2.82965331280138e-05 2.91421652946156e-05 2.99877974612173e-05 3.15249010357851e-05 3.37534760183189e-05 3.59820510008528e-05 3.82106259833866e-05 4.01315062481444e-05 4.19498216069769e-05 4.37681369658094e-05 4.55864523246419e-05 4.55500231570719e-05 4.5513593989502e-05 4.54771648219321e-05
-9999 -9999 3.17808148489955e-05 3.10631427176607e-05 3.0345470586326e-05 2.96277984549912e-05 2.89101263236565e-05 2.81924541923218e-05 2.79334058480648e-05 2.76743575038078e-05 2.74153091595508e-05 2.7199204050703e-05 2.71119286480825e-05 2.70246532454621e-05 2.69373778428417e-05 2.67997017363086e-05 2.6611624925863e-05 2.64235481154174e-05 2.62354713049717e-05 2.60675970639568e-05 2.59064570127521e-05 2.57453169615474e-05 2.55841769103427e-05 2.59492033607482e-05 2.63142298111537e-05 2.66792562615592e-05 2.71072831916778e-05 2.77243115609356e-05 2.83413399301935e-05 2.89583682994513e-05 2.98068229555308e-05 3.08867038984317e-05 3.19665848413327e-05 3.30464657842337e-05 3.39477138186339e-05 3.47894175502006e-05 3.56311212817673e-05 3.64728250133339e-05 3.64948617546664e-05 3.65168984959989e-05 3.65389352373313e-05
-9999 -9999 3.07765246058504e-05 3.03593774636587e-05 2.99422303214669e-05 2.95250831792752e-05 2.91079360370835e-05 2.86907888948917e-05 2.88595542466889e-05 2.9028319598486e-05 2.91970849502832e-05 2.93401074789775e-05 2.94059015383633e-05 2.94716955977492e-05 2.95374896571351e-05 2.94058668562987e-05 2.90768271952402e-05 2.87477875341816e-05 2.84187478731231e-05 2.79563690128271e-05 2.74495437527851e-05 2.69427184927432e-05 2.64358932327013e-05 2.64974041783717e-05 2.6558915124042e-05 2.66204260697123e-05 2.67636654219435e-05 2.71520899938575e-05 2.75405145657714e-05 2.79289391376854e-05 2.80887448752765e-05 2.80199317785446e-05 2.79511186818127e-05 2.78823055850808e-05 2.77639213891234e-05 2.76290134934243e-05 2.74941055977251e-05 2.7359197702026e-05 2.74397003522608e-05 2.75202030024957e-05 2.76007056527305e-05
-9999 -9999 3.06668099559223e-05 3.06283878550554e-05 3.05899657541886e-05 3.05515436533218e-05 3.05131215524549e-05 3.04746994515881e-05 3.07170967183386e-05 3.09594939850892e-05 3.12018912518397e-05 3.13400125014596e-05 3.11653056996875e-05 3.09905988979153e-05 3.08158920961432e-05 3.04901743947994e-05 3.00134457938839e-05 2.95367171929684e-05 2.90599885920528e-05 2.87355101318099e-05 2.84617817184577e-05 2.81880533051056e-05 2.79143248917535e-05 2.8071918253166e-05 2.82295116145785e-05 2.8387104975991e-05 2.85461805469822e-05 2.87097027467098e-05 2.88732249464374e-05 2.9036747146165e-05 2.90126000860861e-05 2.88007837662008e-05 2.85889674463154e-05 2.83771511264301e-05 2.83281366864685e-05 2.83333895398149e-05 2.83386423931612e-05 2.83438952465076e-05 2.86429007246625e-05 2.89419062028173e-05 2.92409116809722e-05
-9999 -9999 3.05570953059941e-05 3.08973982464522e-05 3.12377011869103e-05 3.15780041273683e-05 3.19183070678264e-05 3.22586100082845e-05 3.25746391899884e-05 3.28906683716923e-05 3.32066975533962e-05 3.33399175239416e-05 3.29247098610116e-05 3.25095021980815e-05 3.20942945351514e-05 3.15744819333001e-05 3.09500643925276e-05 3.03256468517551e-05 2.97012293109826e-05 2.95146512507927e-05 2.94740196841303e-05 2.9433388117468e-05 2.93927565508056e-05 2.96464323279603e-05 2.9900108105115e-05 3.01537838822696e-05 3.03286956720209e-05 3.02673154995622e-05 3.02059353271034e-05 3.01445551546446e-05 2.99364552968958e-05 2.9581635753857e-05 2.92268162108182e-05 2.88719966677794e-05 2.88923519838136e-05 2.90377655862054e-05 2.91831791885973e-05 2.93285927909892e-05 2.98461010970641e-05 3.0363609403139e-05 3.08811177092139e-05
-9999 -9999 3.17477929153635e-05 3.21421408928776e-05 3.25364888703916e-05 3.29308368479057e-05 3.33251848254198e-05 3.37195328029338e-05 3.38603893275528e-05 3.40012458521718e-05 3.41421023767907e-05 3.41426258576879e-05 3.37221502074196e-05 3.33016745571513e-05 3.2881198906883e-05 3.24420102697331e-05 3.19841086457018e-05 3.15262070216704e-05 3.10683053976391e-05 3.0955572728999e-05 3.09578963788226e-05 3.09602200286463e-05 3.096254367847e-05 3.11123152884344e-05 3.12620868983989e-05 3.14118585083634e-05 3.14918864266171e-05 3.13626832697385e-05 3.123348011286e-05 3.11042769559814e-05 3.09022076059288e-05 3.06272720627021e-05 3.03523365194754e-05 3.00774009762487e-05 3.00969812087715e-05 3.0214733366544e-05 3.03324855243166e-05 3.04502376820892e-05 3.09012554741154e-05 3.13522732661416e-05 3.18032910581678e-05
-9999 -9999 3.42389027840303e-05 3.43626157943315e-05 3.44863288046327e-05 3.46100418149338e-05 3.4733754825235e-05 3.48574678355362e-05 3.45743471310319e-05 3.42912264265275e-05 3.40081057220232e-05 3.37481375026982e-05 3.35576267389115e-05 3.33671159751248e-05 3.3176605211338e-05 3.30927594040986e-05 3.31155785534065e-05 3.31383977027144e-05 3.31612168520223e-05 3.30582745664287e-05 3.29134118025346e-05 3.27685490386405e-05 3.26236862747464e-05 3.24695671345883e-05 3.23154479944302e-05 3.21613288542721e-05 3.20357528107706e-05 3.19958060572389e-05 3.19558593037073e-05 3.19159125501756e-05 3.19098570131852e-05 3.19376926927362e-05 3.19655283722871e-05 3.19933640518381e-05 3.19420243613422e-05 3.18642928808307e-05 3.17865614003191e-05 3.17088299198076e-05 3.18083638558164e-05 3.19078977918252e-05 3.2007431727834e-05
-9999 -9999 3.6730012652697e-05 3.65830906957854e-05 3.64361687388737e-05 3.6289246781962e-05 3.61423248250503e-05 3.59954028681386e-05 3.5288304934511e-05 3.45812070008833e-05 3.38741090672556e-05 3.33536491477086e-05 3.33931032704034e-05 3.34325573930982e-05 3.34720115157931e-05 3.37435085384641e-05 3.42470484611113e-05 3.47505883837584e-05 3.52541283064056e-05 3.51609764038585e-05 3.48689272262466e-05 3.45768780486348e-05 3.42848288710229e-05 3.38268189807422e-05 3.33688090904616e-05 3.29107992001809e-05 3.25796191949242e-05 3.26289288447394e-05 3.26782384945545e-05 3.27275481443697e-05 3.29175064204416e-05 3.32481133227702e-05 3.35787202250989e-05 3.39093271274275e-05 3.37870675139129e-05 3.35138523951173e-05 3.32406372763217e-05 3.2967422157526e-05 3.27154722375174e-05 3.24635223175089e-05 3.22115723975003e-05
-9999 -9999 3.80348644587987e-05 3.7596974822615e-05 3.71590851864312e-05 3.67211955502474e-05 3.62833059140636e-05 3.58454162778798e-05 3.56821156553148e-05 3.55188150327497e-05 3.53555144101847e-05 3.5293495990724e-05 3.55353241805763e-05 3.57771523704287e-05 3.6018980560281e-05 3.60603708638034e-05 3.59013232809957e-05 3.57422756981881e-05 3.55832281153804e-05 3.53197194635868e-05 3.50213904554645e-05 3.47230614473422e-05 3.442473243922e-05 3.4485916645887e-05 3.4547100852554e-05 3.46082850592211e-05 3.46358696212216e-05 3.45626552492225e-05 3.44894408772234e-05 3.44162265052243e-05 3.43091832958938e-05 3.41683112492319e-05 3.402743920257e-05 3.38865671559082e-05 3.38443685905077e-05 3.38350611855276e-05 3.38257537805475e-05 3.38164463755675e-05 3.37319047927546e-05 3.36473632099417e-05 3.35628216271289e-05
-9999 -9999 3.93397162649004e-05 3.86108589494446e-05 3.78820016339887e-05 3.71531443185328e-05 3.64242870030769e-05 3.56954296876211e-05 3.60759263761186e-05 3.64564230646162e-05 3.68369197531138e-05 3.72333428337394e-05 3.76775450907492e-05 3.81217473477591e-05 3.85659496047689e-05 3.83772331891426e-05 3.75555981008802e-05 3.67339630126177e-05 3.59123279243552e-05 3.54784625233151e-05 3.51738536846824e-05 3.48692448460497e-05 3.4564636007417e-05 3.51450143110318e-05 3.57253926146465e-05 3.63057709182613e-05 3.6692120047519e-05 3.64963816537056e-05 3.63006432598922e-05 3.61049048660789e-05 3.5700860171346e-05 3.50885091756936e-05 3.44761581800412e-05 3.38638071843889e-05 3.39016696671024e-05 3.41562699759379e-05 3.44108702847734e-05 3.46654705936089e-05 3.47483373479918e-05 3.48312041023746e-05 3.49140708567575e-05
-9999 -9999 4.04086691560224e-05 3.9592573302798e-05 3.87764774495736e-05 3.79603815963492e-05 3.71442857431248e-05 3.63281898899004e-05 3.69359127944335e-05 3.75436356989667e-05 3.81513586034998e-05 3.87103571362483e-05 3.91231825536427e-05 3.95360079710372e-05 3.99488333884316e-05 3.96130364000176e-05 3.85286170057952e-05 3.74441976115728e-05 3.63597782173504e-05 3.59150717849843e-05 3.56836030065703e-05 3.54521342281563e-05 3.52206654497422e-05 3.60073949559592e-05 3.67941244621761e-05 3.75808539683931e-05 3.80937476196171e-05 3.77851337058625e-05 3.74765197921079e-05 3.71679058783532e-05 3.66513147309888e-05 3.59267463500146e-05 3.52021779690403e-05 3.44776095880661e-05 3.45841635135002e-05 3.49677582077372e-05 3.53513529019741e-05 3.5734947596211e-05 3.57824910315685e-05 3.5830034466926e-05 3.58775779022835e-05
-9999 -9999 4.12417231321645e-05 4.05421178826752e-05 3.98425126331858e-05 3.91429073836965e-05 3.84433021342071e-05 3.77436968847178e-05 3.82620749102595e-05 3.87804529358012e-05 3.92988309613429e-05 3.97245388982507e-05 3.98722365692568e-05 4.0019934240263e-05 4.01676319112691e-05 3.97677804964284e-05 3.8820379995741e-05 3.78729794950535e-05 3.6925578994366e-05 3.66295472485945e-05 3.65506384211282e-05 3.64717295936619e-05 3.63928207661956e-05 3.70730585806693e-05 3.77532963951429e-05 3.84335342096165e-05 3.8840752337516e-05 3.84289114056931e-05 3.80170704738703e-05 3.76052295420474e-05 3.71605469748223e-05 3.66830227721948e-05 3.62054985695674e-05 3.57279743669399e-05 3.58918501297012e-05 3.62695258809254e-05 3.66472016321495e-05 3.70248773833737e-05 3.68343658434848e-05 3.66438543035959e-05 3.6453342763707e-05
-9999 -9999 4.20747771083067e-05 4.14916624625524e-05 4.09085478167981e-05 4.03254331710438e-05 3.97423185252895e-05 3.91592038795352e-05 3.95882370260855e-05 4.00172701726357e-05 4.0446303319186e-05 4.07387206602531e-05 4.06212905848709e-05 4.05038605094887e-05 4.03864304341065e-05 3.99225245928392e-05 3.91121429856867e-05 3.83017613785341e-05 3.74913797713816e-05 3.73440227122046e-05 3.74176738356861e-05 3.74913249591676e-05 3.75649760826491e-05 3.81387222053794e-05 3.87124683281096e-05 3.92862144508399e-05 3.95877570554148e-05 3.90726891055238e-05 3.85576211556327e-05 3.80425532057416e-05 3.76697792186557e-05 3.74392991943751e-05 3.72088191700944e-05 3.69783391458138e-05 3.71995367459022e-05 3.75712935541136e-05 3.7943050362325e-05 3.83148071705364e-05 3.78862406554011e-05 3.74576741402658e-05 3.70291076251306e-05
-9999 -9999 4.32074074827445e-05 4.26559011490705e-05 4.21043948153965e-05 4.15528884817225e-05 4.10013821480485e-05 4.04498758143745e-05 4.05870883453948e-05 4.0724300876415e-05 4.08615134074353e-05 4.09567339617449e-05 4.09259785859225e-05 4.08952232101001e-05 4.08644678342777e-05 4.04725289748361e-05 3.97194066317752e-05 3.89662842887143e-05 3.82131619456535e-05 3.80750841577537e-05 3.81420212215744e-05 3.82089582853951e-05 3.82758953492157e-05 3.87900965870358e-05 3.93042978248559e-05 3.9818499062676e-05 4.00744043387628e-05 3.95554217296497e-05 3.90364391205367e-05 3.85174565114236e-05 3.81982469601401e-05 3.80788104666863e-05 3.79593739732324e-05 3.78399374797785e-05 3.81436591851525e-05 3.85884336234691e-05 3.90332080617857e-05 3.94779825001024e-05 3.8926113920752e-05 3.83742453414015e-05 3.78223767620511e-05
-9999 -9999 4.43400378571823e-05 4.38201398355886e-05 4.33002418139949e-05 4.27803437924013e-05 4.22604457708076e-05 4.17405477492139e-05 4.15859396647041e-05 4.14313315801943e-05 4.12767234956846e-05 4.11747472632366e-05 4.1230666586974e-05 4.12865859107114e-05 4.13425052344489e-05 4.1022533356833e-05 4.03266702778637e-05 3.96308071988945e-05 3.89349441199253e-05 3.88061456033029e-05 3.88663686074627e-05 3.89265916116225e-05 3.89868146157824e-05 3.94414709686923e-05 3.98961273216022e-05 4.0350783674512e-05 4.05610516221107e-05 4.00381543537757e-05 3.95152570854407e-05 3.89923598171057e-05 3.87267147016246e-05 3.87183217389975e-05 3.87099287763704e-05 3.87015358137432e-05 3.90877816244028e-05 3.96055736928247e-05 4.01233657612465e-05 4.06411578296684e-05 3.99659871861028e-05 3.92908165425373e-05 3.86156458989717e-05
-9999 -9999 4.50460788367006e-05 4.46730496090216e-05 4.43000203813426e-05 4.39269911536636e-05 4.35539619259847e-05 4.31809326983057e-05 4.27123792663527e-05 4.22438258343997e-05 4.17752724024467e-05 4.14424299378879e-05 4.15167203755118e-05 4.15910108131357e-05 4.16653012507595e-05 4.14650122790287e-05 4.09901438979432e-05 4.05152755168577e-05 4.00404071357722e-05 3.98760808457155e-05 3.98152685860017e-05 3.97544563262879e-05 3.96936440665741e-05 4.00587865442503e-05 4.04239290219266e-05 4.07890714996029e-05 4.09648208975947e-05 4.05723910565333e-05 4.01799612154719e-05 3.97875313744104e-05 3.95905338518787e-05 3.95889686478768e-05 3.95874034438748e-05 3.95858382398728e-05 3.99415558786131e-05 4.04163677982676e-05 4.0891179717922e-05 4.13659916375764e-05 4.06956025593293e-05 4.00252134810823e-05 3.93548244028352e-05
