Prepped_data/Covariate_Data/All_data/1deg/DEM_1.asc
NCOLS 83 
NROWS 51 
XLLCORNER -155 
YLLCORNER 22 
CELLSIZE 1 
NODATA_value -3.4e+38 
[rows 0 to 23 of 51, columns 0 to 53 of 83]
-340000000000000033902778449003393581056.000000000000000 -3.4e+38 -3.4e+38 -3.4e+38 -3.4e+38 -3.4e+38 -3.4e+38 -3.4e+38 -3.4e+38 -3.4e+38 -3.4e+38 -3.4e+38 -3.4e+38 -3.4e+38 -3.4e+38 -3.4e+38 -3.4e+38 -3.4e+38 -3.4e+38 -3.4e+38 -3.4e+38 -3.4e+38 -3.4e+38 -3.4e+38 -3.4e+38 -3.4e+38 -3.4e+38 -3.4e+38 -3.4e+38 -3.4e+38 58.3238063244122 44.2723667253759 118.78584264724 128.155471694248 132.956678784162 114.575077055782 1 140.085259289001 215.210467888195 123.88296844443 23.7778708662747 138.209521705023 227.112730605088 33.9484779924051 40 302.7286915231 -3.4e+38 148.966483168886 136.149655130657 67.9224689068218 -3.4e+38 -3.4e+38 -3.4e+38 37.0194182286163
-3.4e+38 -3.4e+38 -3.4e+38 -3.4e+38 -3.4e+38 -3.4e+38 -3.4e+38 -3.4e+38 -3.4e+38 -3.4e+38 -3.4e+38 -3.4e+38 -3.4e+38 -3.4e+38 -3.4e+38 -3.4e+38 -3.4e+38 -3.4e+38 -3.4e+38 -3.4e+38 -3.4e+38 -3.4e+38 -3.4e+38 -3.4e+38 -3.4e+38 -3.4e+38 -3.4e+38 -3.4e+38 -3.4e+38 -3.4e+38 -3.4e+38 368.567017979979 350.464148402222 72.6267538164234 -3.4e+38 -3.4e+38 -3.4e+38 71.7338328747929 141.014528851402 -3.4e+38 221.877139169556 432.315451363832 250.599441657752 264.126435510607 323.191283420623 254.384214688791 53.7247510080256 60.8732557953772 70.7172814311931 107.464352677586 29.4452593643126 -3.4e+38 -3.4e+38 -3.4e+38
3.37766243741558 1 10.1703086365185 -3.4e+38 1 2.69447640029869 -3.4e+38 -3.4e+38 -3.4e+38 -3.4e+38 -3.4e+38 -3.4e+38 -3.4e+38 -3.4e+38 -3.4e+38 -3.4e+38 -3.4e+38 -3.4e+38 -3.4e+38 -3.4e+38 -3.4e+38 -3.4e+38 -3.4e+38 -3.4e+38 -3.4e+38 -3.4e+38 -3.4e+38 -3.4e+38 -3.4e+38 -3.4e+38 -3.4e+38 -3.4e+38 -3.4e+38 -3.4e+38 -3.4e+38 -3.4e+38 -3.4e+38 -3.4e+38 -3.4e+38 -3.4e+38 -3.4e+38 -3.4e+38 -3.4e+38 99.1721758589278 204.258382211134 127.784985062978 147.022451409915 133.69736150668 190.772193946158 103.291163554823 54.6367198186464 15.2643848568371 -3.4e+38 -3.4e+38
102.036083420817 142.7807370904 165.957694862767 87.3199975486731 141.868998691705 225.097690140041 156.928502570171 302.504273896506 575.56209975775 1352.48548652028 735.124219015835 475.80369619156 513.355335282347 366.795021664496 203.788893355106 13.3814910988617 -3.4e+38 -3.4e+38 -3.4e+38 -3.4e+38 -3.4e+38 -3.4e+38 14.6518323781572 1 15.485445502643 28.8042797530389 21.5386080031186 114.190793285114 251.231264834453 1 26.6556139627928 -3.4e+38 372.089149203557 468.132989048021 -3.4e+38 -3.4e+38 -3.4e+38 -3.4e+38 14.8516961907799 168.847889952349 187.778483908738 214.072052712423 321.649276922236 182.28146423913 181.931984281235 127.036307195979 92.5280489812189 85.845112431566 14.0388315329721 54.4581339727572 27.6501897044138 15.9353095064934 -3.4e+38 -3.4e+38
654.02910032003 600.370062567442 744.468475980242 761.442948884854 939.49991031916 833.771259175065 1196.06323607024 1515.83044706749 1170.84602410123 1196.52264775547 1187.87875473229 1287.75406884939 663.500014547387 733.451072012258 506.929475997852 524.140928705655 733.396969902725 493.187920949823 236.173165238547 8.81440883872076 14.3642340782389 79.1197955198628 87.3818302214681 220.482446922398 150.075480078654 138.019369535304 90.0041443277073 213.374288011998 147.709069814132 248.525861445037 298.769885064126 433.137452907456 424.730477621327 725.864043400719 663.813089654991 580.54036688558 323.032745290809 243.580162218588 183.14879123296 94.9569798416212 59.0672617955623 -3.4e+38 2.22900771591281 -3.4e+38 -3.4e+38 -3.4e+38 -3.4e+38 54.6982394247867 -3.4e+38 56.2983042380864 34.5780671315455 -3.4e+38 -3.4e+38 -3.4e+38
1495.54966411731 950.547462703941 874.305710531213 937.832971203397 763.385349636785 881.942384311842 594.295180814852 886.05782062813 456.09407429434 661.898660270314 467.518927308324 443.008289954843 347.76342845068 354.785871057306 345.666234639215 336.154978269885 401.289907329985 654.905264487711 1138.36250129305 333.628676075065 23.7794044521656 97.794303899405 233.287353753749 61.473678720885 235.645676330847 198.691321303724 260.384219805691 242.760995710903 244 247.899670293068 279.565647204406 325.920486573 346.310556691373 455.230816250453 414.58069917148 396.574981650814 435.859991057626 250.498689467912 287.081037293102 191.252908159059 335.410416106736 351.234863557015 346.652698267817 268.448614923987 243.316737412679 172.546512103437 58.8911335210044 140.23915868389 151.495446857216 125.736909194808 93.6307017212706 68.5445833495184 64.5023595953062 45.9689342455422
372.584357094933 206.520258886465 170.588758914959 227.254951670876 589.15374687071 535.788855752296 217.292216180828 203.560064478815 115.951089411763 129.794837603716 145.533922555654 256.543462265553 210.737795681403 439.487112772398 554.748824429177 559.54056641056 359.703720998452 399.948587149245 622.307108156035 574.26369391079 467.531951263409 98.609213500861 118.055364221496 113.20630260227 80.3468039487693 135.487757709493 210.701275483417 194.625846712916 172.177011043156 301.627008364399 332.680709429613 332.141125790052 157 156 156 324.418180328815 349.836790832214 215.688867888088 408.412872163741 511.403706954478 458.250780645379 427.296260723066 480.097013546096 548.908298702517 437.961763422637 369.685454321468 494.598080536945 50.8243344058934 310.881699858044 296.540867418327 239.272109956971 223.087598549001 180.196517660322 181.599481785283
337.870963701784 504.262538553352 516.601864895223 475.819216490561 109.0809966766 371.768912989314 322.751265579556 550.919210036969 1136.31196990419 1049.53433386529 225.558113435233 549.034424922282 622.26788453334 792.636079445024 924.622994522616 1173.35609755095 747.034913573812 1051.14775608687 733.498951997197 475.127018848366 971.340223131135 514.149892156832 1061.14956542166 775.482779938106 534.448083087696 241.573252375274 97.650298674173 239.990942777024 164.177927653752 271.411589074783 217.690654832519 235.201186023992 152 155 404.115221608178 257.359774081966 182.020847591432 276.952431529536 381.882354925888 432.559556278601 399.02529316834 474.284981829279 461.175307779175 518.22099050733 449.73869133676 470.805877937525 455.937813548233 336.366726708792 320.41744535702 331.265568608059 297.455830602907 220.086732888331 184.829701056549 189.046384687963
127.85386864486 108.396005515373 254.084135938748 255.669826216045 219.139035044658 129.298364568718 138.778234245693 180.259443208424 229.104130223768 753.026760638055 567.304006139039 996.118027691604 761.712624224461 1033.16849761436 321.686282723717 907.989474348241 1633.00197696203 1520.39151007048 1593.25379650067 1280.51332204901 1281.86289713267 1432.6143298394 1627.74658826539 1215.80559825333 1859.26464726074 1955.56073645289 1716.91406752515 1395.04306096731 631.310093823398 387.582942975781 377.493606725415 429.802776186234 234.495251999681 241.106656341633 358.632666016279 371.318177573665 373.464596879967 198 300.277643514143 373.95462900859 403.153012548415 428.970465787598 433.90271557778 458.868436498382 405 437.74966426325 357.2195827792 377.688544553305 378.414463600289 350.115451676829 233.484767188911 265.745308544852 178.138094799465 83.8930456003559
699.018616259319 176.168959641818 303.747344412857 410.766764486022 1024.09198070008 1601.09553196868 1426.40175306212 1294.48920771115 1773.13255430776 2349.6532587061 1709.53557736404 701.34180055537 729.531667752911 745.93887874415 729.020194945722 519.476435126175 851.821078375443 990.73748219896 886.401027925199 1313.86135444918 846.575917924018 986.658609389264 1123.51203115219 1312.73821298185 1674.41161774523 1699.46189090412 993.763712578358 1609.57942518716 1088.7514442832 616.207466213572 326.811365466067 230.384720363061 489.157083507594 378.118935014817 307.503292355643 332.729551314692 279.745712008116 304.149831122644 213.259714180325 267.01491254405 339.484624328633 395.002576124456 439.901434550736 439 424.301731137162 438.858054587073 392.797359194127 363.287401477601 392.344921841927 330.421893581852 199.403331187579 380.714217094062 338.556443978381 276.628103233528
261.31893126923 341.699054184013 1106.74516573447 638.374818457962 408.709114464826 983.912198912929 1073.20293257066 852.952326716721 791.987266169796 582.197190784083 753.717145070979 924.73863383551 1299.11246085294 673.732441075293 760.516013296071 624.461455881949 1376.4956112939 1157.39389864249 825.859898790988 679.978589649244 1643.96359925412 1358.89323077702 1200.19216852197 1145.37258412697 1367.64593192296 1493.35633032633 1520.07143353017 1060.70864719492 1568.39505626294 1458.32977025402 628.161508532457 115.354593190508 377.47458766464 220.170129333097 321.948333344931 345.18595317099 231.882474054325 274.492696962874 258.483210861979 163 207.147045455149 255.065013187336 299.165292464586 237.099500401841 166.113170287141 373.057142770161 355.55013696509 408.442052722766 369.769624562732 360.638066713902 301.025064141744 323.416138323437 282.306265796705 297.503999846236
417.668807241583 1319.51549119773 2575.56129982678 304 10.2753599045933 2.65676544637978 1165.60233082114 2597.92826597112 1786.08930900041 846.112164898002 634.870750764555 1115.13403411689 1608.98265070368 2684.72818102877 1704.45669979399 1441.51554304648 1490.05742292362 1307.41917256495 1117.22322077821 859.959200896157 901.121509630887 816.102891834094 1295.0683270636 1232.0281447612 1317.66883233385 1006.90193330651 1648.09971969808 1849.59578925668 1287.49033985867 612.534698049049 1454.63790199853 400.236379945021 322.363942637521 190.729728578895 160.463620082187 225.396912786524 197.178451488017 157.230801221991 209.136806932493 156 156 160 170.323173925066 251.754798589566 365.136388235279 341.456368631746 412.89573313077 440.463196023668 445.599188361849 385 379.273524471333 339.197752554359 346.549321905652 297
743.403538721841 1132.87778646559 884.82762285496 -3.4e+38 107.243860497166 1099.82895910535 578.496355139013 -3.4e+38 -3.4e+38 24.5576516513123 546.115420498361 970.896393480789 1089.6604186291 1858.10811011677 2305.35247399755 1556.77980374786 1866.36228577444 1411.03164392496 1353.51065080959 1636.88077113511 724.698165736022 997.084328066779 1109.43775511941 1606.18606836986 1560.95862689184 767.783110335135 1051.18479338807 758.605692128103 1102.26516232081 892.807979587935 1512.55754878197 286.109703674019 560.291807048393 510.146313386142 607.691412045451 370.741053017994 292.289909140953 269 281.072340012673 258.948910497571 272.297972777886 184.54703492312 166.274464693733 244.655944167708 279.48799352082 349.45795372083 444.759001407381 490.8359039367 454.250638276738 441.817073778385 374.943318849241 385.93309594552 332.571346250245 400.136091501895
89.5995895071972 -3.4e+38 -3.4e+38 -3.4e+38 29.9390694468573 -3.4e+38 -3.4e+38 -3.4e+38 -3.4e+38 -3.4e+38 -3.4e+38 -3.4e+38 -3.4e+38 -3.4e+38 -3.4e+38 8.98562628454436 515.493463719492 1613.81332366697 738.08231182562 1307.31018033649 921.23070665636 1422.03280010566 1585.42112457387 1330.86846320403 1347.6281946413 1582.8831240638 1125.63695080102 688.762739234601 887.165380806577 1127.39896059117 594.483912403089 382.077007036563 683.667794651571 523.373699335099 476.106016683332 761.439671916423 608.130436448473 334.180545262674 393.075031543138 814.978608367611 728.722121771249 293.43671976352 293.001464333342 213 311.930015915041 233 286.528580974296 453.048201243867 450.372977515964 450.302694868073 382.998588302602 423.644853074006 401.868003102866 374.960816570304
514.421175910476 -3.4e+38 125.441956080388 -3.4e+38 -3.4e+38 -3.4e+38 -3.4e+38 -3.4e+38 -3.4e+38 -3.4e+38 -3.4e+38 -3.4e+38 -3.4e+38 -3.4e+38 -3.4e+38 -3.4e+38 -3.4e+38 -3.4e+38 192.315883846443 21.1596675951945 1259.94469506673 1289.34113094673 785.394370653529 1662.74681257459 1344.1346860121 1526.71860637046 1452.16735112665 1233.11199551005 1716.66167281976 1793.537514642 1488.27719319037 744.522069042047 485.785873285688 441.975615312704 391.639105296531 574.590084445257 399.037315200981 367.526199026366 305.699472830846 299.394526512221 243.434001418123 238.729391353953 227.830276292111 231.473491489618 245.21666201554 345.403639890499 446.952387549181 494.79864747481 448.625312877258 391.430478449378 410.879548547384 456.689053658533 435.382009200636 372.656410516455
65.045926617259 653.442430162371 194.40176874775 -3.4e+38 -3.4e+38 -3.4e+38 -3.4e+38 -3.4e+38 -3.4e+38 -3.4e+38 -3.4e+38 -3.4e+38 -3.4e+38 -3.4e+38 -3.4e+38 -3.4e+38 -3.4e+38 -3.4e+38 -3.4e+38 192.493593569916 18.7574038007097 132.958926694863 2058.89863225103 1803.99719863724 1130.15836526531 1131.72690679472 1901.24333925529 1741.01977752388 1755.5442983836 1387.21635826418 1691.82847137401 1739.24464588367 1060.15927121412 766.430454878768 786.383565967072 797.067587122601 811.03879802532 640.148016944943 465.029733602677 429.717537168462 520.415213805461 680.51942546476 699.172625791844 275.055111211828 468.070077960069 536.846190963242 503.990916751565 532.964599667019 492.76902981017 542.152341002834 468.978035231265 448.635754049862 339 356.337114050266
1 -3.4e+38 -3.4e+38 -3.4e+38 -3.4e+38 -3.4e+38 -3.4e+38 -3.4e+38 -3.4e+38 -3.4e+38 -3.4e+38 -3.4e+38 -3.4e+38 -3.4e+38 -3.4e+38 -3.4e+38 -3.4e+38 -3.4e+38 -3.4e+38 -3.4e+38 -3.4e+38 296.677141892045 -3.4e+38 1250.66405797368 476.562480579929 647.043004170711 1411.21766973118 825.434014650717 1746.98138113705 1299.61987134772 684 1805.4626004553 895.287619045748 721.215822770269 668.84583695834 695.231595861749 879.058435407212 603.975115889775 564.632439059157 539.51051911 695.004654511803 536.84237277129 456.370676705539 442.492663613251 449 451.02130077973 431.731428122965 444.519779375374 523.154009328468 520.440390666358 436.515907874096 406.72428367097 363.734475134143 372.865000435979
-3.4e+38 -3.4e+38 -3.4e+38 -3.4e+38 -3.4e+38 -3.4e+38 -3.4e+38 -3.4e+38 -3.4e+38 -3.4e+38 -3.4e+38 -3.4e+38 -3.4e+38 -3.4e+38 -3.4e+38 -3.4e+38 -3.4e+38 -3.4e+38 -3.4e+38 -3.4e+38 -3.4e+38 152.394264374486 13.1741547046039 -3.4e+38 487.608857310139 507.607043746431 1556.22462426762 1772.35829922905 992.229333879506 1107.32653154757 1478.085265581 719.063404701782 727.783008691773 971.246407696018 949.193910745282 826.456400137099 705.311268321987 575.257220225918 581.274160465091 581.9304612955 918.482001508951 704.002453517355 674.427619689948 661.406467044484 586.740015107141 613.158327711908 440.569881214814 457.154102115555 391.020708300399 421.170477309312 341.514605718222 406.257596096168 320.490445519673 335.71105979227
-3.4e+38 -3.4e+38 -3.4e+38 -3.4e+38 -3.4e+38 -3.4e+38 -3.4e+38 -3.4e+38 -3.4e+38 -3.4e+38 -3.4e+38 -3.4e+38 -3.4e+38 -3.4e+38 -3.4e+38 -3.4e+38 -3.4e+38 -3.4e+38 -3.4e+38 -3.4e+38 -3.4e+38 -3.4e+38 -3.4e+38 -3.4e+38 -3.4e+38 873.259373909642 151.830498080635 1881.5035718252 848.818314948927 1128.9950901611 712 798.625549680716 913.985054606325 1478.70039821318 1341.42588733118 1363.46227705601 915.614924196562 842.02323984837 859.530492288117 1022.62479401307 638.611672227711 659.182544336136 648.742619394468 583.301723345693 554.717418176326 579.805593179226 480.708592763959 484.630361528044 607.928306330032 497.789026267101 506.69119759287 346.053207121255 303.738079461335 289.618763011244
-3.4e+38 -3.4e+38 -3.4e+38 -3.4e+38 -3.4e+38 -3.4e+38 -3.4e+38 -3.4e+38 -3.4e+38 -3.4e+38 -3.4e+38 -3.4e+38 -3.4e+38 -3.4e+38 -3.4e+38 -3.4e+38 -3.4e+38 -3.4e+38 -3.4e+38 -3.4e+38 -3.4e+38 -3.4e+38 258.041035994344 -3.4e+38 -3.4e+38 200.675379693331 1309.28767475987 1226.41168450459 1343.18468020547 1146.73170743215 1006.78015802502 793.884340193754 861.417435876567 1067.53292103607 776.186465326368 2348.38194003277 1825.8137375137 1218.54969426079 927.41191897981 854.331994897341 730 671.213259025226 682 669.052541927856 590.785168206488 611.883940592876 695.252086599331 590.617990867913 515.015802191165 484.394131440851 437.383846961148 315.468198570376 313.737884245801 284.338638065728
-3.4e+38 -3.4e+38 -3.4e+38 -3.4e+38 -3.4e+38 -3.4e+38 -3.4e+38 -3.4e+38 -3.4e+38 -3.4e+38 -3.4e+38 -3.4e+38 -3.4e+38 -3.4e+38 -3.4e+38 -3.4e+38 -3.4e+38 -3.4e+38 -3.4e+38 -3.4e+38 -3.4e+38 -3.4e+38 -3.4e+38 208.750387628758 -3.4e+38 -3.4e+38 198.66742601528 308.676221776816 1693.80207041515 1172.47010750084 1247.68066858236 1103.83903513204 807.510728961375 650.887062701877 1615.74535782611 1668.05111464607 2278.52444445442 1985.3248487038 1987.72751944499 1174.77077615796 964.499718303246 862.625882217487 755.893922437311 731.800747512989 684.533064655246 654.070515972177 695.507610985974 545.475546794024 520.986737170913 549 547.484255146183 529.856043068681 478.175391692001 755.874879873195
-3.4e+38 -3.4e+38 -3.4e+38 -3.4e+38 -3.4e+38 -3.4e+38 -3.4e+38 -3.4e+38 -3.4e+38 -3.4e+38 -3.4e+38 -3.4e+38 -3.4e+38 -3.4e+38 -3.4e+38 -3.4e+38 -3.4e+38 -3.4e+38 -3.4e+38 -3.4e+38 -3.4e+38 -3.4e+38 -3.4e+38 -3.4e+38 -3.4e+38 -3.4e+38 -3.4e+38 214.396189963927 1630.31739359417 2082.99290295057 1891.7368032914 1754.71990029496 1260.57374671094 1116.27005649411 1484.172993281 891.424619770258 695.557512010575 1040.64284722086 1903.14073022605 2454.37388568696 1214.8445171455 907.862856954857 865.44618391306 761.764679033055 756.711589093666 745.058225288826 726.373705425883 573.471431569066 564.901290972739 551.851870094903 605.741651095734 614.780452725137 483.662960223165 603.959665695969
-3.4e+38 -3.4e+38 -3.4e+38 -3.4e+38 -3.4e+38 -3.4e+38 -3.4e+38 -3.4e+38 -3.4e+38 -3.4e+38 -3.4e+38 -3.4e+38 -3.4e+38 -3.4e+38 -3.4e+38 -3.4e+38 -3.4e+38 -3.4e+38 -3.4e+38 -3.4e+38 -3.4e+38 -3.4e+38 -3.4e+38 -3.4e+38 -3.4e+38 -3.4e+38 -3.4e+38 316.915990051247 -3.4e+38 511.611103215785 1269.9750445281 1495.60623107947 592.67949594254 1521.67531611667 1417.01546025809 908.442915500011 1519.47805070684 2142.80127385264 2856.17897193172 2153.36640201959 1476.55665298308 994.583855982878 871.734051933788 753.948084821309 692.675419805909 721.667710917311 678.717364431266 750.631360884774 706.202393907642 569.765109685598 595.213051115524 593.389832988212 593.431635038337 453.943242294296
-3.4e+38 -3.4e+38 -3.4e+38 -3.4e+38 -3.4e+38 -3.4e+38 -3.4e+38 -3.4e+38 -3.4e+38 -3.4e+38 -3.4e+38 -3.4e+38 -3.4e+38 -3.4e+38 -3.4e+38 -3.4e+38 -3.4e+38 -3.4e+38 -3.4e+38 -3.4e+38 -3.4e+38 -3.4e+38 -3.4e+38 -3.4e+38 -3.4e+38 -3.4e+38 -3.4e+38 -3.4e+38 113.005029105316 1297.77002233484 -3.4e+38 209.059409041033 444.150678181238 765.206818409654 725.278064541337 933.03043496571 1143.03174966516 1128.4076323042 2008.56955017449 865.652756016296 1564.29265247203 1183.86207342226 929.643123936746 848.219013953021 1104.9824453046 1059.98385856942 991.845503910519 848.819900062455 782.635565470469 761.704030374926 665.225948761321 597.389123599023 588.600347382484 548.466663113504
