Prepped_data/Covariate_Data/All_data/1deg/MGVF_1.asc
NCOLS 83 
NROWS 50 
XLLCORNER -155 
YLLCORNER 23 
CELLSIZE 1 
NODATA_value -9999 
[rows 0 to 28 of 50, columns 0 to 64 of 83]
0.000000000000000 0 0 0 0 0 0 0 0 0 0 0 0 0 0 0 0 0 0 0 0 0 0 0 0 0 0 0 0 0 64.4999990301245 56.9999922409961 69.0000058192529 56.5000009698755 56 50.2500032802137 28.4999935412262 53.7499938736884 55.7499970035542 43.0000038795019 30.9999844819922 12 20.4999932108716 49.9999922409961 52.4999602351051 11.4999990301245 0 6.00001163850584 0 39.7499776060551 0 0 0 22.5000184276342 25.5000029096265 35.4999854518677 20.0000038795019 53.9999876754113 47.7499892996701 0 9.49999903012451 36.7499861779743 0 0 0
0 0 0 0 0 0 0 0 0 0 0 0 0 0 0 0 0 0 0 0 0 0 0 0 0 0 0 0 0 0 0 39.5000087288794 36.0000038795019 27.9999941807471 0 0 0 53.0000083900597 76.5000051331449 4.7500070411402 65.0000174577588 23.0000038795019 47.5000087288794 43.5000029096265 9 33.9999941807471 13 48.7499927217473 59.7500247910928 33.749996491087 41.2499883214111 0 0 0 0 0 34.4999912711206 0 0 58.0000096987549 60.5000009698755 43.4999997162073 0 0 0
76.4999988014064 0 88.4999968616554 0 0.499999030124513 59.9999631447315 0 0 0 0 0 0 0 0 0 0 0 0 0 0 0 0 0 0 0 0 0 0 0 0 0 0 0 0 0 0 0 0 0 0 0 0 0 65.0000058192529 40.0000116385058 52.2499890158565 47.0000004574005 42.250011047592 46.2499989433159 36.7499804055205 48.999978671113 75.9999990852057 0 0 0 0 0 0 0 35.4999854518677 63.2499841114016 15.499992414592 63.9999983991461 0 0
78.2499998581395 79.4999992588427 77.5000048493774 64.5000188850671 74.749998659545 68 54.5000042819149 75.7500003705804 79.9999978315343 15.0000135782568 73.5000009698755 86 51.5000300661401 69.4999951506226 81.4999970903735 18.9999864217432 0 0 0 0 40.0000775900389 0 70.4999582953541 0 88.5000029096265 82.7500037376274 75.7500013404588 80.2500005992917 68.999996120498 47.2500378018745 60.9999887553559 0 65.0000079326505 39.9999906485428 3.49999481180313 0 0 0 19.7499935179506 32.2499960336787 33.4999927534676 32.999992927102 35.4999990301245 39.000004904445 39.999999542596 49.0000038795019 58.9999806024903 74.9999825422412 82.5000048493774 74.4999990301245 53.4999970903735 64.4999873916187 0 0 0 0 4.50000872887938 42.9999961204981 30.5000048493774 7.49998385100779 0 0 59.750000370591 66.7499998030006 52.499992982179
82.9999961204981 78.4999990301245 74.000001939751 74.4999990301245 79.000001939751 75.2500001418643 52.9999934946002 22.749996546091 51.4999758718025 56.2499953474999 75.7499994007045 60.9999953243252 70.2500158885886 73.9999997712861 76.2500068759712 69.4999966329491 52.4999982339346 79.7500054486713 80.2499849712328 85.4999990301245 82.999996120498 75.9999806024903 88.0000058192529 76.4999990301245 78.4999990301245 68.5000223071362 69 69 76.999996120498 71 63.0000058192529 54.5000145481323 52.5000048493774 48.0000058192529 32.4999970903735 66.5000009698755 57.000003879502 65.999996120498 64 55.9999747832374 41.9999961204981 0 21.5000421620499 0 0 0 9.49998157236576 57.0000065053512 9.25002217363584 58.9999930372542 95.4999916099816 0 0 0 0 0 0 46.7499904431415 70.7500027677301 0 0 57.2500165112821 74.2500011117731 66.750002310342 47.5000259662173
60.0000193975097 83.4999912711206 90.7499957499198 84.7500035089229 87.2499964910771 81.4999990301245 42.4999776928638 81.000003879502 75.0000058192529 91 84.4999990301245 79.2499996294196 88.2500013404567 82.999997319087 90.7499999131585 81.999996120498 90.9999982889613 86.7500015691693 49.5000067891284 88 88.0000096987549 84.5000009698755 89.4999970903735 90.000003879502 81.2499994007083 79.7499969484977 80.750002081626 70.2499988882478 0 58.0000407347705 82.5000048493774 74.5000009698755 8.00001551800779 68 69.4999990301245 68.5000029096265 33.0000193975097 22.9999553857276 71.4999992588274 76.250000086818 62.5000036507986 61.5000024522243 61.4999988014234 70.9999941807471 68.9999922409961 71.5000009698755 37.9999670242335 71 59.2499986595365 65.9999985176462 72.4999990301245 74.7499996294116 69.0000021133679 61.2499959786056 66.4999981153372 66.7500029964265 41.2499787495394 63.7500061898435 13.5000223071362 0 67.7499940388521 65.4999921859013 46.2500044787868 54.0000077590039 53.4999990301245
93.7500005992968 94.2500071597071 90.0000004574381 82.999998060249 92.5000029096265 85 85.7500003705804 73.500014776847 72.49997769287 83.249998430829 86.2499971772249 93 90.999998060249 79.2500277094041 72.4999813436544 86.5000007411633 86.7499989432817 87.000003879502 78.4999990301245 85.5000009698755 81.7500023103339 83.0000002287105 74.9999982339153 78.0000077590039 85.4999990301245 83.000001939751 69.4999970903736 81.750001111754 82.4999963492056 79.7500023103347 86.5000009698755 85.4999990301245 0 0 0 76.2500025390414 73.2499972322558 83 77.000001939751 74.999998060249 79.2500005992887 77.7500003155156 69.0000014823488 59.2499980285051 69.000001939751 70.5000009698755 55.2499982021351 72.2500051648877 64.250002712657 69.7500025390376 64.7500003705889 64.5000067891284 69.5000067891284 55.9999924696938 64.9999976028536 59.2499990618296 40.2499629945213 39.5000178683496 76.4999932108716 69.7499994007147 53.2499967197834 60.000001939751 60.7500027677289 63.5000048493774 44.0000060479455
92.2500001418592 90.7500059611134 85.2500013404542 91.2499984308281 71.5000436443969 88.999998060249 99.2500013404559 83.7499919804422 82.0000077590039 80.5000087288794 75.000017787858 90.0000005124447 88.2499984308298 80.4999970903735 85.750008248237 69.249990214405 78.999998060249 81.000003879502 86.000001939751 88.9999958367579 62.2499984308315 76.0000038795019 48.000001939751 77.7500025390436 82.4999988014166 77.000003879502 79.4999990301245 73.7500154862255 78.5000126083787 25.0000174577588 86.999998060249 82.999996120498 0 0 91.000003879502 66.9999903012451 82.7500010566987 79.7499967197876 87.5000009698755 51.4999796326148 83.4999946932186 78.000001939751 73.4999990301245 73.999998060249 0 28.4999408291932 63.4999992588248 67.000001939751 66.7500008830647 68.0000048493788 66.74999717718 65.5000009698755 57.999996120498 60.4999893313696 64.5000019948391 68.4999990301245 55.2499982021428 68.7499940388521 58.2499938101565 67.2500049912738 48.749997918354 57.4999821482615 61.7499938652579 56.2500071597194 49.0000010249772
94.0000036507838 97.5000048493774 81.2499982021082 93.2500008830221 72.2500144062705 86.4999992588401 87.2500013404559 91.5000002287161 90.5000106686304 91.4999970903735 82.2499999131496 89 87.7500044787962 87.2500003705817 81.4999970903735 83.5000029096265 45.7499936450842 79.0000135782568 65.499963428473 85.9999939520349 31.0000096987549 74.2499800031977 44.749988156033 68.4999835121167 26.9999865403635 40.999989733739 33.4999932108716 48.0000158017625 88.7500076721722 88.4999970903735 90.5000000550514 84.7499996844663 75 73.750003051507 71.000000457409 66.4999990301245 69.250002539041 13.4999676383633 81.4999970903735 76.5000009698773 76.2499979183629 82.000001939751 72.4999993138954 75.2499970035585 0 81.5000007411744 75.2499979183617 9.00001745775876 61.7500089893118 75.2499996294111 63.4999964042778 64.499998801426 72.7500018529445 66.7500023654245 72.4999970903736 75.0000017110559 73.000002397143 74.000007420119 69.2499967748813 79.9999937233568 68.9999922409961 58.2499996294094 59.9999997713057 46.5000048493774 73.7500069861325
84.9999903012451 78.4999988014064 82.4999990301245 87.249999400704 89.4999953793399 13.2499885670249 11.4999837408324 52.9999693027323 0 0 59.0000210448733 95.000001939751 76.2500044787958 95.5000009698755 96.0000009698751 87.999996120498 90.5000011985868 88.7499976896674 94.2500008830349 87.2500001418694 93.5000009698755 91.2499959786265 94.999996120498 92.7499979183754 80.4999951506226 78.2500048175879 80.5000009698755 82.0000047943329 72.0000155180078 88.4999970903735 81.7500005992904 89.4999990301245 82.75000059929 83 77.500000741171 76.9999941807471 66.500004849381 81.4999990301245 70.2499986595382 64.7499962623829 72 69.999997831548 78.2500023103377 73.0000014823488 76.9999961204981 74.5000034771715 61.4999563556031 79.000000457398 67.5000009698755 65.0000004573971 58.74999933727 58.7499940388572 64.5000005124801 77.000008445097 78.000003879502 32.5000641853867 81 76.4999854518677 77.2500008279805 77.0000021684453 75.2500134914567 66.500005306766 71.4999904748412 49.7499962623957 0
84.4999992588427 69.5000335982027 36.0000276052398 75 87.5000242468872 85.5000055355216 85.7499996294201 88.0000004574312 88.0000058192529 84.5000005124442 91.4999988014098 82.999998060249 45.2500188910124 83.4999970903735 81.2500149823356 70.5000009698755 83.7500049912469 84.5000031383369 76.5000029096265 80.0000028545998 87.4999990301245 90.0000041082124 83.5000029096274 89.999996120498 86.2500015691663 70.4999854518677 56.7500203906386 64.0000058192529 40.9999903012451 53.4999823685839 80.5000029096265 85.7499903330203 78.4999951506226 82 85.7500013404605 92.4999990301245 83.7499998581182 80.4999970903735 62.2500032717821 0 69.999998060249 64.2500105818145 66.0000058192529 65.7500265021542 57.2499549516416 83.5000026809262 72.5000012536498 64 65.5000026809279 63.2500008279856 57.749996491087 74.7499920991062 70.999998060249 78.7499986595352 82.2500035639977 77.7499986595343 80.5000033670185 0 81.2499972322699 75.9999976028587 75.750001852953 70.5000005124852 17.4999740586277 0 0
91.4999990301245 15.4999892126493 0 100 98 79.0000140356881 60.2499717144379 0 0 49.2499781097931 93.9999901275438 94.500003477089 56.0000795297899 0 83.2500003705852 85.0000096987549 88.000001939751 85.4999984626433 77.2500022553038 85 91.000001939751 95.5000005124554 77.0000026894614 93.5000009698755 87.4999990301245 93.749998833207 75.9999958367459 52.500039764895 94.9999961204981 92.4999968616664 62.0000271565136 88.4999990301245 98.250001340461 74.2500120726297 89.4999946932118 83.000001939751 89.749998430835 88.2500025941005 66.5000004023415 0 0 0 75.2499960336809 66.999998060249 85.2499955212098 72.0000256741649 82.5000033670287 72.2500004256698 70.7500020816409 0 68.7500052199659 76.5000011985732 47.7499505129871 22.5000081529555 46.000056481476 75.4999992588197 73.0000058192529 0 86.7500023103416 73.2500047625795 74.4999970903736 0 0 0 0
84.5000029096265 37.9999631447315 10.5000201386662 0 91.2499999131444 41.750015807598 7.25001440626799 0 0 96.5000040532001 22.9999553857276 0 0 0 0 0 0 25.0000043747563 75.5000010249035 83.5000012536201 78.4999932108716 93.000003879502 98.000001939751 80.5000067891284 86.9999941807471 85.7500005992917 88.5000007411676 71.5000035321827 94.7499986595412 94.2499988882465 92.9999995425875 86.5000045105702 86.4999990301245 43.5000009698755 86.4999970903735 85 94.0000014823437 0 85.999998801423 77.9999917285267 84.2499998581139 86.2499964910848 74.2500247911083 66.9999990851921 84.4999990301245 86.4999990301245 83.9999954343973 38.000058311065 71.2500096754008 54.7500049445426 73.7499912477647 81.2499964910865 75.5000023420669 77.9999961204981 87.4999970903735 19.75004299835 72.7499984308392 75.0000058192529 75.7499996845078 16.999998060249 0 0 0 0 0
83.7499753825342 0 0 11.7500281669312 68.500038630001 0 0 0 0 0 0 0 0 0 0 95.0000017110397 0 26.9999806024903 33.0000310360156 0 82.5000300661401 91.7499928402886 82.2499944327039 91.2499962073301 87.4999963492055 84.4999841346556 89.7500018529189 85.4999776928638 94.5000067891284 99 99 93.4999990301245 90.249987597042 93.7500013404606 88.7499952374479 93.7500013404614 85.5000009698755 85.999998060249 86.4999990301245 85.5000048493774 91.000001939751 85.4999992588265 88.2499991169417 89.4999973190755 79.9999986277917 0 93.4999970903735 88.5000009698755 72.4999755244143 64.750043273808 80.4999970903735 77.2499967197851 82.2500003705885 70.9999723777317 80.0000021684487 80.0000029647214 80.0000096987549 77.500000512487 79.0000034221134 65.0000041081962 0 0 0 0 0
51.2499959410828 0 99.5000009698755 0 0 0 0 0 0 0 0 0 0 0 0 0 0 0 87.4999757531128 66.750042358966 0 43.9999903012451 40.5000758154088 82.5000016560001 91.5000009698755 94.999998060249 85.2499949537064 90.7500001418772 86.5000048493774 70.4999809498019 90.4999981703532 98 91.2499984308341 91.9999982889544 91.999998060249 92.5000035957427 84.5000017110469 89.5000031383301 84.5000048493774 91.7500035089156 95.2499974609607 88.4999990301245 89.999999542596 92.5000053618512 63.4999934395727 84.4999905850172 70.2500025390393 66.4999694764629 76.5000002837772 72.2499881645231 79.0000031934089 92.4999973190712 83.750001340464 79.750015312683 82.000001939751 83.999995891802 84.2499984308388 40.7500367601699 87.5000006860842 70.7500054486628 70.7499984308397 72.5000074752112 0 0 0
98.999998060249 97.7500037926443 100 0 0 0 0 0 0 0 0 0 0 0 0 0 0 0 0 97.999998060249 98.7499972322455 99.5000009698755 0 0 92.2500057874656 97 77.499978599154 91.5000029096265 87.0000084451251 96.0000014823368 42.7499996759799 94.0000060479592 92.249998943301 95.5000009698755 98.0000002287045 89.749998659539 90.9999941807471 98.0000002287037 96.4999951506226 97.7499988882406 85.5000009698755 93.4999963491987 95.4999990301245 85.7499998581143 94.2500010566927 83.0000155180078 76.2499947800354 77.5000005124784 0 87.0000017110533 84.2500001418899 85.2499974609624 0 86.0000023971446 84.000001939751 16.2499610464551 0 88.5000031383207 81.2500061898431 79.4999977764573 84.999998060249 61.0000024522366 97 0 0
12.2500254773422 0 0 0 0 0 0 0 0 0 0 0 0 0 0 0 0 0 0 0 0 94.7499998581262 0 0 100 100 96.9999990851666 100 74.4999699338599 95.2499955212063 0 85.7499815956389 97.000001939751 98.5000009698755 94.2500011117556 96.4999990301245 97.000001939751 90.0000017110473 94.5000058192525 91.4999973190764 93.2499964910848 89.5000031383276 93.000003879502 91.5000009698755 0 11.9999822117941 94.2499998581126 81.4999941256684 81.7500037376133 81.499979073429 89.2500049912687 87.9999956631027 88.999991105877 87.2500023103399 90.7500005992862 90.0000067340334 80.4999827241761 77.5000244755823 0 88.4999990301245 87.5000029096265 80.2499999131998 65.9999674182221 81.4999966329867 78.999998060249
0 0 0 0 0 0 0 0 0 0 0 0 0 0 0 0 0 0 0 0 0 96.000002909626 97.2500042500862 66.5000312561771 85.7499984222967 98.250000828 64.5000023886311 37.9999392451689 100 96.9999978315428 94.2499962073255 26.9999501424827 96.999998060249 96.500000741171 97.4999970903735 90.7500032251545 96.9999978315454 87.2499989433031 95.999998060249 91.7499945513339 90.9999954343948 88.2499991720106 89.4999873916187 90.5000009698755 5.00000741173505 92.2500003705872 90.5000046206763 88.4999994875234 96.2500005992875 88.0000021684496 9.49998157236575 91.250000599287 92.250000599287 92.2499988882333 94.7500017978598 93.5000005124835 92.999997831553 95.2500008279805 58.000075650288 80.4999738133619 91.5000007411812 77.2499761237034 86.4999968616801 85.000003879502 87.5000046206849
0 0 0 0 0 0 0 0 0 0 0 0 0 0 0 0 0 0 0 0 0 0 0 0 0 79.7499945342523 94.5000009698755 62.7499845602911 94.999999030125 89.4999968616673 0 94.7499984858859 98.500000741171 95.9999936132285 95.2499976896635 95.2500015691655 90.0000036507974 91.7500032802137 97.9999995425961 87.7500035089156 90.2499993456437 92.4999958367258 93.0000021684521 95.4999968616716 95.7500005992883 95.2499976896614 44.0000848916406 92.7500042500904 91 89.7500037376121 91.250000599287 89.5000031383242 74.5000074668504 5.75000852354434 90.000001939751 90.2499984308388 92.2499986595348 92.0000002286943 90.2499966646881 95.2500008279805 80.2500295053522 86.2500135548571 70.9999551404308 87.7499988882269 90.2499976896585
0 0 0 0 0 0 0 0 0 0 0 0 0 0 0 0 0 0 0 0 0 0 96.2500003705833 0 0 96.999998060249 28.7499814684565 79.9999678289779 82.5000153528661 93.2499983757866 85.7499962073259 85.4999968616682 93.7499983757766 96.000001939751 99.2500005992905 23.4999803102412 92.4999946932153 98.2499994007104 91.7500013404618 93.2499950638055 84.4999700355633 42.0000066239151 68.0000036508009 94.4999988014225 91.0000017110499 92.7500005992888 92.2500042500891 98.000001939751 90.7499998581114 93.750000370588 89.5000033670218 94 97.4999968616759 85.9999939520494 0 74.9999973741637 0 90.0000016559597 91.2499994007151 88.2500085869844 94.7500005992849 95.7499989433244 88.5000006860816 90.999998060249 80.7500250748651
0 0 0 0 0 0 0 0 0 0 0 0 0 0 0 0 0 0 0 0 0 0 0 99.7500005992917 0 0 93.2499964910805 86.2499946528957 76.7500235840248 86.4999962941563 81.4999945831038 75.4999965779083 96.5000024522157 67.9999483298193 95.0000017110456 97.2499947800375 12.5000159118843 50.2499880544412 96.7500008279907 91.7500023103377 93.5000009698755 98.2499996294128 92.7499984308362 91.0000047943063 84.7499982021351 82.0000079877041 88.2500035089143 85.4999948668449 92.5000024522276 94.7500020265597 91.7499923278048 70.9999501256605 97.7500015691625 81.5000283550868 92.000003879502 92.9999973190691 65.4999695014543 0 89.5000017110572 84.5000002286947 90.7499966646876 87.9999906401362 94.0000017110575 0 88.7500008279766
0 0 0 0 0 0 0 0 0 0 0 0 0 0 0 0 0 0 0 0 0 0 0 0 0 0 0 97.999998060249 0 21.0000140271514 94.0000047943234 81.2499984308337 85.5000162041226 74.5000038244445 94.5000014272863 93.5000011985809 98.0000002287037 97.7500005992896 70.2499982021325 24.7499909005347 97.7499986595373 88.5000065604264 88.2500008279907 88.5000009698755 81.750003792687 83.7500000868151 72.4999948117733 79.499996806595 79.0000017110516 86.2499974609624 93.4999973190712 90.2499988882346 89.7499996294115 95.250001111768 91.2499979183565 80.4999709504966 25.7499859794276 97.0000000000009 92.2499974058689 88.999998060249 95.0000004573886 77.2500318005965 95.999998060249 85.9999965778849 95.7500008279775
0 0 0 0 0 0 0 0 0 0 0 0 0 0 0 0 0 0 0 0 0 0 0 0 0 0 0 100 0 100 51.0000185843002 73.0000181353733 37.5000727406615 91.5000019397505 84.5000059929044 93.0000006861135 97.5000009698755 43.7500057874866 10.5000055354833 78.2500232368276 94.5000007411735 94.999998060249 86.7499996294133 87.2499986595378 69.7500084684344 76.750006647241 69.499995836726 75.5000023971476 94.249999400713 93.7500073884154 84.5000001101664 91.0000046757645 98 90.4999921859115 95.7500005992862 95.7499994007143 0 92.9999920123018 89.2500066472334 91.999999030125 89.5000009698755 96.9999968065835 86.0000007411807 95.750000370591 94.000001939751
0 0 0 0 0 0 0 0 0 0 0 0 0 0 0 0 0 0 0 0 0 0 0 0 0 0 0 0 97.2500005992917 76.4999754228303 0 85.2499870295383 99.2499998581199 99.7500003705855 91.2499959786171 83.9999986277721 93.9999956630908 98.7500008279932 94.2499916417074 87.0000050230117 89.7499955762809 99.2500017978649 85.249995237438 84.2499887320809 86.2500042500887 79.0000043369042 85.2500047074914 87.7499867372534 75.9999958917986 70.9999924696929 74.7500033353001 90.0000017110533 88.2500013404644 93.249999172017 90.7499952925146 93.7499955212114 96.5000009698755 93.7500000867984 94.5000002837909 83.0000040531009 22.4999563556031 76.4999635387112 94.7499994007151 92.999998060249 77.5000184276342
0 0 0 0 0 0 0 0 0 0 0 0 0 0 0 0 0 0 0 0 0 0 0 0 0 0 0 0 0 0 0 100 8.24999089205562 96.500000686114 69.9999481476777 76.9999981703675 91.2500020816319 96.5000022235155 98.0000021684529 94.9999988014221 88.7499950087365 97 66.2500039663169 65.5000007411735 68.7500064185412 79.5000009698755 67.750006647241 81.9999986278035 93.2499948351154 91.7499957499096 83.7499935263757 84.9999939520485 85.749995237429 96.7500015691621 85.7500005992862 95.4999990301245 93.2500015691608 96.9999985176385 95.0000002286943 89.9999989750306 95.5000048493774 93.7500047625791 96.249999629409 95.2500032802184 95.4999932108716
0 0 0 0 0 0 0 0 0 0 0 0 0 0 0 0 0 0 0 0 0 0 0 0 0 0 0 0 0 0 0 95.5000098724062 36.5000297357953 95.0000027359777 86.749990781942 55.2499978548319 79.2499889607842 82.2499978633108 91.0000026258595 97.000003879502 80.4999898989087 94.5000041082026 74.7500045973544 85.2499998581157 89.0000065053562 90.9999956630976 59.5000007411752 91.0000063868127 76.7499931791443 74.2499969484837 92.749997460962 78.9999986278086 91.9999995426029 93.9999963491958 91.2500036825217 96.9999992588192 94.2500003705906 96.2499996845073 97.2499976896584 98.5000009698755 16.4999604471979 94.7500025390358 92.000003879502 94.999998060249 0
0 0 0 0 0 0 0 0 0 0 0 0 0 0 0 0 0 0 0 0 0 0 0 0 0 0 0 0 0 0 0 95.2499972322532 99.2499986595395 95.7500023103365 84.7500008830498 39.2499971771984 75.9999995425927 82.7500173158778 93.7500064185416 99.5000000000005 94.5000065604273 83.2500013404627 85.7500059060701 95.750001852936 82.4999993138963 75.250006418543 58.0000014272764 63.4999990301245 61 72.749990324602 84.9999985176462 85.0000036508025 95.4999973190721 95.9999978315522 96.0000011985728 84.4999951506226 93.9999953793164 98.7499991720195 97.0000058192529 68.5000405996711 100 95.7499992271157 98.4999982889429 95.0000043368888 95.9999965778841
0 0 0 0 0 0 0 0 0 0 0 0 0 0 0 0 0 0 0 0 0 0 0 0 0 0 0 0 0 0 0 100 73.250000315528 92.500000741171 63.7500027677455 64.749991641703 87.2499964910844 86.2499984308345 84.9999952056867 97.2499987146028 77.9999980602481 100 45.7499986595373 99.0000014823488 81.4999922960672 75.2500013955336 77 76.4999951506226 91.2500051648859 77.7499999682761 69.4999997713019 83.7500005992866 93.5000031383242 90.7500064185391 91.4999992588222 96.4999990301245 91.2499993456228 91.7500032251169 94.2499928953785 97.2499982021431 97.4999982889437 91.2499952925189 93.4999977764538 99 99.7499994007155
0 0 0 0 0 0 0 0 0 0 0 0 0 0 0 0 0 0 0 0 0 0 0 0 0 0 0 0 0 0 0 100 99.250000370585 89.9999978315445 71.2500023653931 56.7500027126902 77.9999929271071 84.5000058743102 89.2500073884171 81.2499964910844 72.7500042500891 80.7499794907349 93.5000074752344 89.2499996294128 75.7499998581152 58.750009501793 21.2499976896623 94.0000045656002 69.9999982889484 70.5000065604299 91.4999953793203 96.9999985176462 84.2499960336894 88.5000011985732 91.4999958367157 99 89.2499994007138 98.4999990301245 97.0000014823606 94.2499887320843 100 99.5000009698755 97.7499967197825 100 99.000001939751
