Prepped_data/Covariate_Data/All_data/1deg/Relief_1.asc
NCOLS 83 
NROWS 51 
XLLCORNER -155 
YLLCORNER 22 
CELLSIZE 1 
NODATA_value -3.4e+38 
[rows 0 to 22 of 51, columns 0 to 52 of 83]
-340000000000000033902778449003393581056.000000000000000 -3.4e+38 -3.4e+38 -3.4e+38 -3.4e+38 -3.4e+38 -3.4e+38 -3.4e+38 -3.4e+38 -3.4e+38 -3.4e+38 -3.4e+38 -3.4e+38 -3.4e+38 -3.4e+38 -3.4e+38 -3.4e+38 -3.4e+38 -3.4e+38 -3.4e+38 -3.4e+38 -3.4e+38 -3.4e+38 -3.4e+38 -3.4e+38 -3.4e+38 -3.4e+38 -3.4e+38 -3.4e+38 96.6615429813454 253.704973947953 301.754630512924 270.355926218276 172.936307001391 317.113069614908 257.875459246115 288.322221657045 273.671694092289 328.758965330834 269.07568068996 294.530425546563 255.636680370499 369.414813898116 478.719083420919 508.923211641375 419.714310098609 147.090277149117 234.909360343477 152.181492696608 115.709772512883 0 -3.4e+38 92.8930757965467
0 -3.4e+38 -3.4e+38 -3.4e+38 -3.4e+38 -3.4e+38 -3.4e+38 -3.4e+38 -3.4e+38 -3.4e+38 -3.4e+38 -3.4e+38 -3.4e+38 -3.4e+38 -3.4e+38 -3.4e+38 -3.4e+38 -3.4e+38 -3.4e+38 -3.4e+38 -3.4e+38 -3.4e+38 -3.4e+38 -3.4e+38 -3.4e+38 -3.4e+38 -3.4e+38 -3.4e+38 -3.4e+38 28.7093252249253 241.108624889923 607.346758095596 577.23988294772 362.665622953972 342.287674895647 38.2878186640749 351.969500211059 345.910124080327 449.801682349633 475.924807153167 328.000660673785 295.374110600719 409.944018863008 284.815468460379 242.785697601371 341.779100382425 147.225752989353 166.95290690059 58.7861211831175 87.4622452569591 84.9293351657958 -3.4e+38 -3.4e+38
58.129451374385 62.1517810858833 54.5562645602722 41.2001053146177 103.268296849361 103.421526779751 41.9090506519026 39.3211899381746 35.5188284246656 17.2395477215525 0.0718811602760105 23.4749917372031 5.46400810243172 -3.4e+38 -3.4e+38 -3.4e+38 -3.4e+38 -3.4e+38 -3.4e+38 -3.4e+38 -3.4e+38 -3.4e+38 -3.4e+38 -3.4e+38 1.11022302462516e-16 3.8847566188144 59.4457728460048 111.391734665132 -3.4e+38 7.73941833320584 19.4181027518706 -3.4e+38 -3.4e+38 -3.4e+38 -3.4e+38 -3.4e+38 162.081190039524 381.914406794542 513.900548601316 435.925777228035 438.520633957774 341.229757520846 316.970487048965 270.024466002801 243.425412018279 163.033414512784 107.170173821072 120.378142101123 101.448134603775 131.864987399779 137.1857360453 86.1301626399764 59.0374394737673
332.782745082564 259.56869452234 319.618925934254 311.322715509466 313.978462181248 449.121067033853 537.170668278206 1109.90374332332 1655.84856553056 1817.53738576675 2269.32424552074 2093.23864374109 1805.00595513374 1988.09356829261 1330.05966928124 963.563828871234 215.634924991987 3.16114820846225 0 5.06339459799532 49.3759321479281 55.5121319493091 54.9837901689315 81.8586470614717 71.986401945102 284.867548689849 298.464874211006 310.210445331458 360.583903343936 299.783311233762 306.337188265426 370.240070549715 708.903289026737 830.583091029574 732.916268445489 589.411598298431 213.138013801526 122.605877062042 262.656891260994 312.094808001139 391.186096084538 396.452936942858 310.649034025734 240.996570279227 100.472867625345 124.94028932976 182.204032843132 203.263916804933 144.691681477675 174.81355883048 141.532234579007 97.1409391590866 61.7467294735951
1587.42136419004 1364.83778661873 1383.91195174109 1486.62131198366 1453.95626758472 1415.52076159687 1640.73229106121 1394.4433341347 1110.30737827649 1302.93836559667 1163.19325736723 1394.17480090859 1175.90768818581 859.131756247926 752.545045056362 705.046707482762 738.427606463011 1115.34276166238 1138.58190261609 757.827277310109 171.380158814495 227.27515909056 278.543590260245 258.386836198346 281.456583528243 241.407330837814 226.066738736913 243.481367081825 186.268224061671 147.245536160696 285.484882614205 327.839826721701 310.141235091113 349.882731267268 247.805713049452 328.723887784235 441.411656192091 268.160132782757 303.412203193806 254.873678559902 91.483724857124 91 163.804961022176 176.174744446301 148.47570337043 163.604114271531 114.641790385465 181.988537589827 184.169266151116 166.985627728803 79.502550867321 89.6406887053459 57.6754835258266
1627.33170123569 1410.13349683892 1003.21591030491 1218.72221091809 1302.89367063492 1164.42623511701 1243.43553963515 1026.74896533841 965.310385387988 814.688170906949 741.352242800202 682.839512393971 459.344086240816 860.910318483292 480.476077654698 656.661062418733 487.716208329599 917.824023354536 1049.66946938041 1102.77323434468 288.15618972707 205.388914791428 269.31952780015 357.655811361498 401.757080611659 245.93458898806 211.570389146478 176.820539906224 332.280296417365 334.714144786567 272.306785028361 156.443095077338 243.63742094557 351.264333399841 429.62244595028 559.081474431838 294.864504320038 585.763441678716 587.195180883792 570.289012787228 548.836010842449 528.395539268797 463.67508831751 457.278609062934 394.756276325926 399.950106066665 340.891393247317 248.867995266739 189.247882502811 171.508001862727 188.00685569614 174.052216517607 144.266904491204
518.919762348399 685.219856868124 464.670270034248 558.012851151788 928.759365698676 1150.13525311393 979.904079698992 364.804445297135 169.622238636133 130.723001075186 106.769288234337 257.778834816381 470.278653073335 745.719585373653 788.268003286118 854.200639901156 479.465233610281 312.868344181873 646.30913526711 1024.84098988492 636.566465189341 299.888552333135 311.115145881004 278.841137168989 329.880566733883 327.066276812754 286.522098954067 485.643045792028 426.250173251879 272.185060499468 250.194505248607 327.236856943867 439.550299770676 421.000327809796 43.7179604509839 277.945120972365 400.664821323467 539.86812180733 347.243242296019 296.090161053329 287.774329737446 203.112965829735 260.564080987293 222.668079400197 310.316178025819 270.654373976872 528.836520291966 463.133426881717 292.537925934408 139.044802867792 127.984345269247 113.225181161021 132.184283407116
892.615528642722 857.222034604401 699.439062798173 1118.74978351845 1026.48413030575 821.291873076943 539.202007347039 964.961632154403 998.197615969838 933.097634726981 1247.0079454864 1126.04291025009 684.09801084116 974.937550203811 952.502999858879 903.724173117164 896.991046576248 1073.75592734518 1117.13405175252 1233.62870917661 1347.70282342254 1554.53149798165 1541.27296279106 1725.1814741429 1752.46877912695 1460.52796299859 1446.02940841592 1208.07167438528 806.34933893238 383.808614960134 264.626037973342 359.627308474074 401.466983879298 463.502831525817 462.850664706164 326.150279684307 266.216975503305 226.960385887145 168.146169688361 116.062842356698 146.37887388846 158.230541743791 170.68798585207 147.700995330456 120.793274397061 153.855797440172 126.151882092188 151.06593587948 151.398859809747 135.417046801465 133.392064814191 93.863744193091 97.2603391083477
766.751405347797 542.18706794518 467.579947174318 653.704597598098 313.332821292552 581.423716563965 936.209078529971 1050.77227254241 678.741760695695 864.690254488606 1062.85976406503 908.96445242208 1061.73803495836 1295.25607844746 1256.38049158603 1389.46851427992 1541.42126685351 1005.61818750048 1015.00119675285 1152.2461875678 1091.11496528224 1348.1055595748 1247.61637054238 1465.02796407332 1188.58949923576 1406.01265083473 1310.90219200068 1639.01851850796 1480.67313336169 822.737794963007 799.88935206076 773.759453005187 340.929537587337 167.973274127643 370.845340582038 337.600820173687 314.705186216042 200.594124565173 124.310109016907 169.131088670582 190.090909670342 111.377364678504 107.791180564112 79.9075593919548 89.164593461064 88.4638636725414 111.194141639586 91.0644441316992 93.6597244966198 160.294284740853 159.56498210677 203.736772403553 186.786704083859
923.510296791336 506.04054956632 580.187357379434 3593.98471304771 3620.3537372479 1539.32931445688 1218.70290121774 2113.71538785567 3090.18383195765 1902.69308186635 2295.9023827418 1296.65894955427 728.586844035878 680.048918039501 1115.3177203674 615.593260969932 723.62210339315 1146.66583585145 1036.14849891082 1159.0019963143 927.273890440321 1191.38237119557 1141.97753014068 1293.43977838988 1277.08836094716 1027.25187033494 1042.24910237448 1320.51593953052 1357.70220272322 1018.33281211844 738.28605832537 838.393535928317 354.226429989802 302.162470073438 187.413176355164 408.054750950825 411.307091368678 117.618400346696 187.048798838062 182.130923605295 129.12185840014 162.436351270994 133.339016417231 57.5327929862761 70.2826032246996 111.167950946278 73.9276223974006 71.632169365551 74.6168206958906 79.0474136318234 199.575155449141 229.332275971255 227.506709131537
1593.18386577891 1508.44445093024 1891.54550560756 4013.75639726008 2329.85659741371 1739.25918082949 1630.51356399996 1119.86285692 704.192285830857 732.57214783081 3361.84669461231 3003.67003415844 2006.81469356286 1702.65104707484 1190.11797077929 893.311751189581 976.73503172564 1186.0492350125 973.005681743338 959.096903430651 1146.21525497853 1048.12418694662 995.603247787475 978.001698619888 903.640431021332 944.677585163686 1270.04510289945 1654.08944944418 1396.53748478057 1259.28245636757 1079.53592713369 935.228953849432 508.776840667078 275.504525202921 575.295852552211 593.101990801555 529.279344668281 191.777402688189 142.396431865815 74.5373446389655 128.568511570138 165.930727961957 260.717075882628 268.204787359553 261.835922787872 255.927907520147 247.569663513396 87.1420788634672 77.6604067664924 143.057495482854 169.726739598386 131.78323405171 106.878670915344
1649.57546634003 1768.62781745277 2602.31129615935 1329.10988406134 971.475042123298 1755.7683120172 2415.48429707206 3673.5464969578 2303.59524093071 1505.18966115815 2981.33589426369 4129.66784678382 3220.62475136398 3253.27284496625 3143.71666293862 2379.74074372528 1400.08709265868 1089.03698632279 1039.45121377751 848.542472689891 1048.33115234086 1134.52074109783 1080.25780702345 965.320249610703 979.004928416701 1070.88649358994 1232.16061656278 1553.8412114094 1289.81778122343 1132.50360696934 1264.89431218803 913.363809256137 447.63722726517 365.219082644257 571.350157325547 662.3543620894 180.145662862474 118.017820727314 86.6077393270454 83.6373301067069 23.9153914724757 5.55673579580525 90.0190863358565 175.663013533771 92.4167271028344 112.257618307544 159.323333410281 120.4915573945 96.8395177742691 61.2533063803098 54.9729107304985 119.172263928612 111.534549159115
956.907555552274 1631.67073010138 1754.18578210981 606.041887744647 1506.28114839337 1363.73326445244 1536.97180815012 691.597713078173 1341.03918931901 1644.86988456898 1586.75868099017 2294.53484232181 2137.16434750875 3005.95645738822 3555.33343784916 3885.06071562701 2165.86387237422 1437.23036872276 1345.47203577163 1314.38583499869 1068.70906369745 979.227608169913 862.720692576125 843.747862066677 938.122040312857 1004.31437827964 967.686761460355 866.139448751656 723.785384380673 901.636919777625 1266.80064449959 1129.15346709801 462.626750349237 274.475706872032 427.659521334189 399.755094487161 423.600954040196 632.538461244029 166.432363467492 137.607618981093 141.763919993227 134.103730556925 76.8711347257586 129.388528970952 116.750865219535 139.874728026334 112.858022786567 115.848714594348 84.330979092468 102.779288887825 121.018258987845 145.033872812857 78.8457287120721
1038.4040422547 1061.29679824141 592.486149723917 1000.23348289608 1596.03921499353 1356.33168169184 490.844225425026 406.260263657517 -3.4e+38 -3.4e+38 54.1752745604029 -3.4e+38 -3.4e+38 263.416472794233 492.083402508429 1357.47057852685 2044.22243835316 2399.10182437686 2059.88365639202 2019.78429379078 1638.1964393274 1430.57448289928 1132.30465162262 985.138576702336 906.30563382115 1298.30543338941 1154.92623781115 649.754156019174 1396.16590982068 1335.65389624821 994.332287715214 610.311815778002 429.171259636451 309.678312322363 317.449058560992 401.961665642241 438.065602631105 415.309845494247 559.340527952188 692.320882015257 640.802667401362 466.472916644431 138.803595739577 86.398911472834 167.955651519474 194.285775408207 247.616250389111 258.085680513078 264.620684241237 265.526217692193 182.985769579986 104.547846374139 100.749691082827
1527.92596477905 1575.50566509797 415.603231342689 0 -3.4e+38 -3.4e+38 -3.4e+38 -3.4e+38 -3.4e+38 -3.4e+38 -3.4e+38 -3.4e+38 -3.4e+38 -3.4e+38 -3.4e+38 -3.4e+38 0 3139.76711576001 1324.28898170786 1291.5278458382 2027.76120579385 1860.65167314141 1906.85147714271 1187.18004970752 1474.46092377966 1052.12307949394 1070.79963708811 1382.92504262699 1462.95202636429 1674.42001067422 1754.577462914 1053.21648194714 586.271756392485 224.699407962373 304.948555178329 411.890142454187 341.754297319606 395.739759707414 627.388824479445 682.32920040144 688.139317688715 312.85529587411 547.337057626914 89.5468981783935 170.765211302296 268.544070009006 227.051108461889 203.951180787973 248.406890725461 246.227717323319 203.892591814376 105.030206541189 132.522251003189
604.366694776854 991.501134384252 733.597673968669 -3.4e+38 -3.4e+38 -3.4e+38 -3.4e+38 -3.4e+38 -3.4e+38 -3.4e+38 -3.4e+38 -3.4e+38 -3.4e+38 -3.4e+38 -3.4e+38 -3.4e+38 -3.4e+38 -3.4e+38 749.050127815134 1158.20206015664 908.850938232194 1524.74253506377 2293.91928703226 2142.76362590266 1673.97999899214 1206.10697013493 1133.9033161969 742.618035577055 1112.86438890483 1308.68108360257 1540.43037680896 1431.40255121917 1185.38494390966 504.936510411241 452.088263677379 398.672621023801 555.278273953622 571.833178112613 515.791258849507 533.178254020513 489.883829941466 502.825896823075 428.669922905047 590.677045983588 374.793629445211 158.655347532285 90.9439377837495 170.884059038131 206.546635254939 148.570649771179 135.44215083809 125.840223565457 99.3131322956621
131.784171990917 180.311879193948 -3.4e+38 -3.4e+38 -3.4e+38 -3.4e+38 -3.4e+38 -3.4e+38 -3.4e+38 -3.4e+38 -3.4e+38 -3.4e+38 -3.4e+38 -3.4e+38 -3.4e+38 -3.4e+38 -3.4e+38 -3.4e+38 -3.4e+38 700.379599486754 1059.92008181194 438.240383686767 1658.87088195816 2181.34540051496 1902.02455953122 1877.51941038766 1300.06015531824 1464.91676248218 1130.44125457965 1175.49485611637 1216.77143136244 1328.00869741147 876.136445791874 488.518788384763 484.770237520889 586.42050527143 620.468435499692 443.396946734138 246.034843567303 322.797322180086 294.306899147547 203.344848807325 213.788227272162 474.837052652969 355.659120455203 220.943337317553 55.7826463618629 124.683960341816 179.624094909483 159.175673962941 142.139960879751 116.442287303899 76.3248434260713
-3.4e+38 -3.4e+38 -3.4e+38 -3.4e+38 -3.4e+38 -3.4e+38 -3.4e+38 -3.4e+38 -3.4e+38 -3.4e+38 -3.4e+38 -3.4e+38 -3.4e+38 -3.4e+38 -3.4e+38 -3.4e+38 -3.4e+38 -3.4e+38 -3.4e+38 -3.4e+38 111.458200473649 431.055469517737 592.076122330527 833.524227968272 1546.28711151914 1761.93757108516 1423.55202259201 1669.60951218013 1117.01596273024 1084.34162411494 1084.20208099859 1064.42591138413 1158.45907796834 1219.49447563507 599.225444749736 307.753239787134 444.977508028054 495.761390041117 241.887583838834 493.022275784389 406.91322057983 368.278280625922 337.258001298661 192.225038978864 268.759240200204 284.342185329497 209.892203770331 127.647072204078 118.880995385801 167.477012418095 158.213179322463 144.883582239377 119.615195686347
-3.4e+38 -3.4e+38 -3.4e+38 -3.4e+38 -3.4e+38 -3.4e+38 -3.4e+38 -3.4e+38 -3.4e+38 -3.4e+38 -3.4e+38 -3.4e+38 -3.4e+38 -3.4e+38 -3.4e+38 -3.4e+38 -3.4e+38 -3.4e+38 -3.4e+38 -3.4e+38 -3.4e+38 270.311896807131 282.816044075352 13.1007543567638 806.183332433881 1679.80743616461 2000.31862034218 1661.31996075093 1051.98577370474 952.754708990751 896.53450708219 676.238839421279 937.74774072571 1537.5957491438 1517.86006986634 1460.43249733611 866.566118146629 623.775223703559 422.192813254847 669.645294953338 276.387066743822 145.067393036697 171.804770665885 217.970328035085 209.307219665438 197.911880167235 286.084530573793 112.842657872547 245.651259179619 285.996518704749 367.334291170781 116.430924220142 102.06625595325
-3.4e+38 -3.4e+38 -3.4e+38 -3.4e+38 -3.4e+38 -3.4e+38 -3.4e+38 -3.4e+38 -3.4e+38 -3.4e+38 -3.4e+38 -3.4e+38 -3.4e+38 -3.4e+38 -3.4e+38 -3.4e+38 -3.4e+38 -3.4e+38 -3.4e+38 -3.4e+38 -3.4e+38 227.037354767681 603.849823202067 479.609071065818 459.624221764452 1305.21082446679 1869.64159700755 1710.03218436943 1107.15014780888 777.941927913452 913.418695086127 757.2854996212 894.21520967783 1184.20001221832 1870.0470937394 1803.78321799815 1337.00561102391 1185.26448915793 682.22395433992 527.651388298869 266.784220569122 273.704072648217 187.085100642344 200.221709305464 160.827588763147 178.654469194958 256.761898588296 289.689636728122 261.534979861299 167.617609205496 229.251367928103 321.164617283514 530.319227918661
-3.4e+38 -3.4e+38 -3.4e+38 -3.4e+38 -3.4e+38 -3.4e+38 -3.4e+38 -3.4e+38 -3.4e+38 -3.4e+38 -3.4e+38 -3.4e+38 -3.4e+38 -3.4e+38 -3.4e+38 -3.4e+38 -3.4e+38 -3.4e+38 -3.4e+38 -3.4e+38 -3.4e+38 -3.4e+38 472.18908518925 731.543170308105 -3.4e+38 306.986902873584 975.265318712776 1829.75365821706 2009.9184891195 1470.14281698343 973.191769814967 701.050648013184 868.473786038958 1156.82686937709 1736.37094612985 1810.8673247485 1926.66060641366 1875.90154180022 1464.5151346328 952.987668084593 316.013413702856 255.113708277705 227.837549515406 270.932782423348 241.887496742415 204.751346361892 254.973905262668 275.394347272156 111.621405487533 185.449468908207 176.685893392059 241.815827111328 331.501234306162
-3.4e+38 -3.4e+38 -3.4e+38 -3.4e+38 -3.4e+38 -3.4e+38 -3.4e+38 -3.4e+38 -3.4e+38 -3.4e+38 -3.4e+38 -3.4e+38 -3.4e+38 -3.4e+38 -3.4e+38 -3.4e+38 -3.4e+38 -3.4e+38 -3.4e+38 -3.4e+38 -3.4e+38 -3.4e+38 -3.4e+38 -3.4e+38 -3.4e+38 -3.4e+38 113.666953658068 1632.77071907419 2299.99661884511 2467.94416678657 2567.95717591183 1902.74595804522 1950.47323872661 1094.69304234284 1619.5888114439 1668.38397212281 2183.01011241685 2284.21039337884 2045.44484699692 1356.63474381907 677.970211015356 331.094687161007 289.677520851538 152.367909353961 149.316136754069 163.913783387273 161.083678395003 213.817354473581 187.561122381425 157.46558565661 222.810791711585 149.07722998619 129.800048017711
-3.4e+38 -3.4e+38 -3.4e+38 -3.4e+38 -3.4e+38 -3.4e+38 -3.4e+38 -3.4e+38 -3.4e+38 -3.4e+38 -3.4e+38 -3.4e+38 -3.4e+38 -3.4e+38 -3.4e+38 -3.4e+38 -3.4e+38 -3.4e+38 -3.4e+38 -3.4e+38 -3.4e+38 -3.4e+38 -3.4e+38 -3.4e+38 -3.4e+38 -3.4e+38 439.595708397186 987.270204564704 1281.01517542698 1900.18585560952 2585.07840120646 2236.05310295884 2000.98193523561 2249.29912278044 1347.31644957477 1354.12438095861 1913.6473834978 2062.33747581676 2515.00644875899 1878.73234850393 1430.14710620246 529.146621633344 300.658897268383 185.588291397848 218.815472062742 198.719930065502 318.766593986976 322.441954293011 184.994749671482 286.519781687019 183.950305212958 219.761351275064 225.090068129747
