Prepped_data/Covariate_Data/All_data/0.1deg/MGVF_0.1.asc
NCOLS 830 
NROWS 505 
XLLCORNER -155 
YLLCORNER 22.5 
CELLSIZE 0.1 
NODATA_value -9999 
[rows 26 to 51 of 505, columns 754 to 811 of 830]
58.9999980602507 63.0000038794985 74.500018427618 0 0 19.9999612050146 0 0 0 30.5000589336652 30.4999733560082 40.7499939121984 48.2499946779726 67.9999879041277 57.7499976896572 57.2500081295906 59.7500017508796 64.0000063868775 66.4999903563785 56.4999973190618 60.7500004808505 53.5000053067447 65.2500086420925 44.2499986044031 20.750006418528 14.4999970903761 10.4999990301254 49 17.4999990301254 19.5000048493732 21.9999980602507 17.9999922410029 13.4999990301254 17.4999951506268 25.4999970903761 16.0000058192478 46.9999883615044 23.2499950087195 16.0000043368735 12.4999942358837 7.2499982021581 0 13.4999919571882 11.999993037319 29.4999927535069 19.2500099590788 9.49999229613799 0.99999851762052 0 0 0 0 0 0 0 0 0 0
58.2499913579037 36.499993321109 50.2500042500955 34.7500088707846 42.9999894967463 41.7499895284019 40.7500016242796 14.4999785055223 0 0 0 0 67.5000203673852 63.999996120498 61.9999941807471 74.999998060249 35.0000678912841 59.000001939751 54.9999963491864 70.4999990301245 52.9999975946887 42.9999972639312 33.2499874783997 28.2500044787834 25.7499982021581 17.9999956631249 17.4999988014388 17.5000011985612 24.2500132076624 22.5000106686304 27.0000077590039 26.9999728434864 33.4999893313696 37.5000048493774 40.5000029096265 35.5000126083813 41.5000074751858 29.5000106686304 31.0000012536885 52.7500035089071 44.250006418534 37.9999922961369 52.7500033353538 44.5000139804958 39.4999975477433 10.2500003154624 5 1.49999709037354 0 0 0 0 0 0 0 0 0 0
67.7500029964095 16.9999952057414 52.7499986595292 59.7499917050153 36.9999961204946 39.4999990301237 32.9999961204946 61.9999922409893 0 0 0 0 0 0 0 0 0 0 0 66.4999932108656 52.4999932108656 45.4999951506183 36.4999997161861 28.7500015691583 36.5000072465076 30.0000025073804 42.7499982572907 51.4999876202933 42.7499897652519 33.2499959785851 27.499997090371 28.0000038795054 37.0000038795054 36.0000019397527 28.4999932108656 30.4999854518549 31.7499999683569 29.5000017661959 46.2499979734668 30.0000003389522 43.0000043368768 36.4999992588085 37.5000063317629 19.2500083031584 28.4999932108656 17.4999932108656 6.49999903012366 11.999994180742 0 0 0 0 0 0 0 0 0 0
63 56 55.4999970903735 53.7500070494777 45.500000173562 48.5000041633124 53.750008413405 70.7500107554091 64.500005527255 3.74999444108334 0 0 0 0 0 0 0 0 0 58.2499996294051 62.9999954344383 39.4999970903735 22.4999951506226 18.9999961204981 39.4999893313696 61.750000086781 54.7500004338942 32.7499994007189 40.2500022552163 41.4999854518677 23.500005874382 26.9999941807471 25.5000009698755 38.9999922409961 36.4999951506226 25.9999961204981 39.9999989749922 41.4999964043136 41.2500097304076 30.5000087288794 30.2500004257274 25.5000030198983 25.0000077590039 11.0000213372607 33.5000164878833 12 10.4999970903735 9.7499957499032 7.25000322509193 0.499999030124513 0 0 0 0 0 0 0 0
61.4999970903735 50.7499733958643 58.9999939520587 62.7500012853438 57.0000092413817 48.2499988330923 53.5000009698755 56.5000145481323 46 4.50001078706676 0 0 0 0 0 0 0 0 0 53.4999940071894 65.2500092730344 37.7500024206108 49.500006221497 28.000003879502 36.9999903012451 62.5000029096265 54.4999853416098 55.4999985727512 50.5000034854378 25.2500078457805 16.2500059060317 20.4999884247713 13.9999961204981 28.9999883614942 53.4999951506226 40.0000036508153 22.0000017110652 29.5000011985657 28.4999988014379 31.7500152025484 23.5000029096265 22 20 19.9999941807471 28.0000043368735 18.2500010566543 16.5000002286845 25.4999988014396 38.5000183173692 12.0000155180078 34.5000048493774 31.9999806024903 0 0 0 0 0 0
0 0 0 0 0 0 0 0 0 0 0 0 0 0 0 12.9999946381254 0 0 0 71.0000058192478 62.9999810598823 6.00001438273521 0 69.2499998580926 45.5000087288717 13.5000261866151 47.4999718736356 61.7500179937217 47.9999961205015 33.2499626557399 27.0000070729373 14.9999924696878 14.9999961205015 18.9999980602507 18.9999941807522 31.5000011985613 37.250000827966 32.5000011985604 28.9999826443394 22.0000038794985 30.4999951506268 29.0000038794985 29.5000033669972 21.0000004573733 23.5000010250057 53.5000120325763 26.4999990301254 24.4999835121312 27.4999951506268 16.4999990301254 52.749992666725 62.7499910740881 31.0000070892361 7.9999881409778 0 0 0 0
40.5000029096265 55.9999922409961 4.7500070412779 2.50000553544245 0 0 0 0 0 0 0 0 0 0 46.4999912711206 0 0 0 0 11.0000213372607 28.5000223071362 0 0 0 0 0 11.0000213372607 37.0000484937743 63.7499733876423 34.2499992271613 37.9999898438719 48.9999920123112 47.9999961204981 44.9999922409961 51.500033945642 45.4999977764334 37.25000579576 34.2500022552133 37.000003879502 33.0000077590039 31.0000058192529 39.9999964594486 27.4999914998073 35.0000043368734 54.7499996845406 51 40.4999932108716 32.4999951506226 38.5000002838156 52.2500043133797 55.2499952925317 58.9999883614942 48.4999990301245 44.4999970903735 73.4999995977608 53.4999628609134 59.9999969719642 36.2499926667273
51.2499889607663 4.75001138637254 0 0 0 0 0 0 0 0 6.99998642173125 42.4999761084186 51.9999875569868 58.5000137436484 51.9999948668018 53.9999961204946 20.5000048493817 0 0 0 0 0 0 0 49.4999934313928 63.5000067891344 55.000005819258 76.9999864217313 69.0000096987634 68.2500023103475 65.0000051883189 70.7499920439417 40.9999204701402 0 46.0000028544992 33.2500042501002 26.4999901276885 38.9999890475412 30.5000009698763 30.9999961204946 35.999995891808 59.7500113781872 47.0000158651262 50.2499981470235 34.4999990301237 39.9999961204946 38.0000027360764 54.4999949219343 60.5000031383148 63.5000067891344 60.499997090371 55.5000009698763 52.0000076487443 31.50000627663 51.0000003470963 37.9999922409893 36.0000252167848 39.9999961204946
0 0 0 0 0 0 0 0 19.5000137436232 47.9999944094346 68.2500092179095 61.9999941807471 41.5000087288794 2.75000659210104 0 0 0 0 0 0 0 0 0 0 0 0 0 0 0 40.7500043052253 49.2499998580922 61.0000116385058 45.5000029096265 62.9999961204981 42.7499998580922 52.2499904431511 50.2500061347123 42.5000029096265 57.9999922409961 23.2499762891048 17.250035175854 0 79.999998060249 69.5000106686304 52.0000349155175 58.7499684667905 41.0000054802962 45.0000006860547 48 62.5000106686304 36.2500131525334 40.2500107554026 30.00000947007 34.4999951506226 30.000001939751 29.2500027677174 28.0000050229257 19.0000023971208
0 0 0 0 0 0 0 0 0 0 0 0 0 0 0 0 0 0 0 0 0 0 0 0 32.2499605423997 4.49999127112062 0 0 0 0 0 0 51.000001939751 55.4999951506226 52.9999882430654 59.0000000000018 52.7500093832955 49.4999835121167 14.0000232770117 2.24999843084388 64.5000089575651 58.999998060249 67.9999941807471 48.7500190269153 44.2500117252874 58.7499800583422 55.4999873916187 59.000001939751 39.2499879357708 32.5000190034242 27.4999970903735 34.0000116385058 13.4999970903735 28.7500013404699 26.7499952373971 18.999998060249 17.4999932108716 30.0000058192529
0 0 0 0 0 0 0 0 0 40.5000008514445 35.50003976486 76.0000019397493 28.2500031148434 8.24998777041149 0 0 0 0 0 0 0 0 0 42.499989331379 42.4999970903761 39.9999938336266 50.7500059611565 38.25000100152 39.9999922410029 6.25001281357994 0 0 0 0 0 0 0 45 43.4999930924394 46.9999865320252 52.5000009698746 50.5000087288717 49.5000025706811 44.4999967432661 66.7499979734758 72.5000009698746 64.9999825422566 51.4999659441248 51.2500015691548 24.0000038794985 23.4999990301254 20.7499986043994 37.5000000551351 37.0000038794985 39.9999844820059 59.7499938101578 35.7500250196845 41.7500170320135
0 0 0 0 0 0 0 0 25.0000155180078 72.0000095803185 20.750032360085 62.999991215995 16.9999767229883 0 0 0 0 0 0 0 0 0 33.2499948187999 67.7499996845347 49.4999563556031 27.9999662197346 94.2499989433479 23.5000455841479 0 0 0 0 0 0 0 0 0 0 0 0 66.4999932108716 62.2500029964032 54.5000026809363 51.7500025390316 63.4999912711206 50.5000148870768 39.5000066400231 76.0000060479378 71.9999941807471 72.9999907586167 62.5000041081855 74.5000061030737 0 67.5000005125022 66.9999980602481 44.0000049045133 38.0000058192529 28.250004021411
0 0 0 0 0 0 0 6.24999215420874 61.7500042031613 49.0000043287117 45.5000126083924 0 0 0 0 0 0 0 0 0 0 0 0 64.0000273688904 63.9999961204947 42.5000378251772 1.25000082796812 0.750000370595296 0 0 0 0 0 0 0 0 0 0 0 0 59.4999873916076 45.2499870210123 45.7500140672831 44.4999796325969 51.7500090994823 58.4999976028763 58.9999903012366 60.5000126083924 27.7499974691333 54.9999968065493 55.0000019397527 66.4999951506183 23.0000457577405 68.9999960020756 67.0000038795054 53.5000110075919 38.4999892129521 43.9999903012366
0 0 0 12.9999966881243 47.0000058192529 39.9999890475592 6.00000296474873 3.99999224099611 13.4999873916187 30.5000038243764 0 0 0 0 0 0 0 0 0 0 0 0 0 0 0 0 0 0 0 0 0 29.4999524761012 66.9999883614942 16.7499800032088 1.49999777643078 0 0 21.2499903247286 51.9999728434864 77.9999903012451 8.75001571504453 61.7500023103463 57.5000126083813 59.7500073884095 61.2500237027429 70.4999854518677 73.0000135782568 22.999978811849 0 87.5000029096265 63.2500029964053 57.9999881328093 59.000001939751 55.4999951506226 62.7500193188889 51.9999806024903 38.5000067891284 5.75000852368161
0 0 9.49998157236575 45.9999961204981 26.0000021214871 33.7499912394654 20.5000242468872 58.7499973507165 0 0 0 0 0 0 0 0 0 0 0 0 0 0 0 0 0 0 0 0 0 19.9999868709456 63.2500145879646 23.9999689639844 34.5000067891284 40.2500204459844 38.2499684749688 4.00000775900389 38.000032518395 39.4999980051165 28.5000223071362 43.999993384425 46.0000149422155 0 36.0000684589152 59.5000025706757 68.0000058192529 36.0000349155175 49.2499991250593 44.4999718736109 68.4999990301245 67.9999970903696 77.4999986911738 71.999998060249 61.7500011117846 77.9999968065553 73.5000029096265 65.0000062766245 62.0000026258031 66.4999951506226
0 0 0 32.7500066390282 0 0 0 0 0 0 0 0 0 0 0 0 0 0 0 0 0 0 0 0 0 0 0 0 0 0 0 50.4999970903761 58.0000037692423 64.7500110943432 61.9999631447639 45.7499931240983 55.2499866188002 56.499981572382 34.7500205092734 0 0 0 0 0 0 0 0 0 59.9999982889365 45.5000358853614 67.9999941807522 68.7499943777959 59.4999912711283 70.4999951506268 68.2499914130356 66.4999796326327 59.4999970903761 65.2499923829107
0 0 0 0 0 0 0 0 0 0 0 0 0 0 0 0 0 0 0 0 0 0 0 0 0 0 0 0 0 32.7499732610389 37.2500022552163 45.4999951506226 58.7500068207783 49.4999895600562 45.4999970903735 4.00000958849696 0 0 0 0 0 0 0 0 26.5000133414302 0 0 0 8.99998254224124 63.4999958366799 49.2499862798341 54.5000009698755 66.74999791834 65.7499831415219 50.4999582953541 72.0000006860573 66.5000152341844 62.4999970903735
0 0 0 0 0 0 0 52.2500146349256 52.0000087840136 71.0000271565375 0 0 0 0 0 0 0 0 0 0 0 0 0 0 0 0 0 0 0 0 0 0 0 0 0 0 0 0 0 0 0 0 24.4999854518549 57.2499950168642 55.0000155180214 22.4999916182266 6.24999073510693 35.4999718735862 45.2499897570849 34.4999825973627 0 61.2500173791463 48.4999990301237 51.5000145481451 58.9999971455042 63.4999873916076 9.99998060247322 0
0 0 0 0 0 0 0 3.49999321087159 21.2499791517769 2.74999592346112 0 0 0 0 0 0 0 0 0 0 0 0 0 0 0 0 0 0 0 0 0 0 0 0 0 0 0 0 0 0 0 0 44.2500079642084 52.4999893313696 37.2500242152428 41.5000288042906 76.9999844819922 0 0 0 0 0 28.2500371155986 44.749993526334 53.5000067891284 61.2499842767998 52.5000009698755 17.2499947718714
0 0 0 0 0 0 0 1.7499958050327 14.5000126083813 0 0 0 0 0 0 0 0 0 0 0 0 0 0 0 0 0 0 0 0 0 0 0 0 0 0 0 0 0 0 0 0 0 0 21.5000320058911 92.9999868791148 65.0000135782568 55.5000050780632 18.5000320058911 0 0 0 0 46.9999941807471 25.499967883851 0 0 0 65.0000155180078
0 0 0 0 22.9999883615044 51.7500073884039 48.249984789275 0 0 0 0 0 0 0 0 0 0 0 0 0 0 0 0 0 0 0 0 0 0 0 0 0 0 0 0 0 2.99999280864283 5.99998836150439 0 0 0 0 0 0 0 0 3.50000678912244 5.75000407653869 0 0 0 0 5.50000815307738 68.0000099274321 51.0000116384956 2.24999666464617 0 32.2500052669482
0 0 0 0 42.9999908688712 53.9999922409961 59.2499927218267 40.2500215424679 0 4.49998921294123 40.5000009698755 0 0 0 0 0 0 0 0 0 0 0 0 0 0 0 0 0 0 78.5000105583654 66.5000106686304 56.2500073884095 58.5000048493774 53.0000096987549 63.000003879502 58.2499766362095 36.4999673080543 31.9999379279689 64.0000070729441 64.5000067891284 39.7500052832632 60.9999903012451 75.4999735846752 43.4999330785914 0 0 0 0 0 0 0 0 0 0 3.99999041151696 0 0 0
0 0 0 0 0 0 0 0 0 0 0 0 0 0 0 0 0 0 0 0 0 0 0 0 0 0 0 38.5000050699151 65.2499996927139 55.5000120407542 54.4999893313603 50.7500147451927 29.0000174577741 46.7500205644413 55.4999951506183 38.7499890077429 52.500002909629 60.4999904747943 53.5000106686397 68.750014232683 69.499997090371 56.0000290962902 65.2499940388324 72.2499963726625 90.9999958918097 60.9999980602473 0 0 0 0 0 0 51.5000028544945 47.5000203674031 0 0 0 0
0 0 0 0 0 0 0 0 0 0 0 0 0 0 0 0 0 0 0 0 0 0 0 0 0 0 72.4999962940557 50.9999883614942 53.4999937784977 49.5000048493774 41.2499919255277 27.9999842533073 43.9999823135546 33.249998257286 19.2500061898473 13.2499924380377 24.2500207931124 73.5000099825731 80.0000096987549 70.7499855386422 56.5000106686304 40.7499948902991 74.4999912711206 53.5000050780632 72.5000436443969 73.500003146468 0 0 33.9999709037354 88.5000059295225 70.5000048493774 66.9999985727587 54.4999873916187 66.5000020500111 72.5000029096265 70.7499894263058 0 0
0 0 0 0 0 0 0 0 0 0 0 0 0 0 0 0 0 0 0 0 0 0 0 0 0 71.5000029096265 54.7499984859724 40.9999825422412 42.2499916968402 53.4999990301245 21.9999923594272 35 50.0000183092095 71.0000290962646 41.5000017825199 7.99999612049805 38.0000073016297 52 60.2500024839038 58.4999873916187 53.7500141857038 39.4999582953541 51.2500056773429 84.4999932108716 53.0000207389287 0 0 0 30.7500019387375 75.4999932108716 63.7499964910929 55.0000058192529 58.4999954895749 60.000001939751 52.5000105583585 56 61.000000741191 63.5000009698755
0 0 0 0 0 0 0 0 0 0 0 0 0 0 0 0 0 0 0 0 0 0 0 0 61.0000140356182 82.0000058192478 48.0000007411893 21.9999747832595 14.0000180804956 48.9999941807522 34.5000148952362 49.9999941807522 46.7500180570236 45.4999990301254 38.5000072464939 40.9999812885672 3.24999220936307 72.000005929504 66.7499969484687 74.2500023103437 53.9999922410029 63.2500081295915 62.5000029096239 71.0000093516293 60.4999990301254 0 0 0 0 0 70.9999806025073 64.250005219968 63.9999980602507 76.9999952057585 62.0000019397493 52.9999924696878 60.9999903012537 64.9999985176205
