Prepped_data/Covariate_Data/All_data/0.1deg/MGVF_0.1.asc
NCOLS 830 
NROWS 505 
XLLCORNER -155 
YLLCORNER 22.5 
CELLSIZE 0.1 
NODATA_value -9999 
[rows 312 to 337 of 505, columns 290 to 347 of 830]
0 0 0 0 0 0 0 0 0 0 0 0 0 0 0 0 0 0 88.7500023653784 100 100 99.2500005992905 100 100 95.2499972322541 100 94.25000179787 97.999998060249 86.2499994007092 93.2500071597135 91.4999985727155 96.7499982021291 91.7500067658388 77.750013665082 87.7500056773754 78.0000118672139 73.4999932659268 92.749992154169 81.5000077039534 80.749988448322 57.7499999682337 53.5000070178338 53.9999917835853 56.9999956080337 53.5000004574078 44.7500000868209 47.500000741171 46.250000315528 52.749996262379 47.7500025390406 54.749998430835 49.000001939751 61.7499924379323 41.0000030197356 62.24999934565 56.7499800582589 67.2500040213847 80.9999974927269
0 0 0 0 0 0 0 0 0 0 0 0 0 0 0 0 0 0 0 100 94.2500035089173 100 100 92.0000133495506 98.2499974609586 95.7500010567033 98.2500011117565 99.0000011985804 90.9999967515691 93.2500012854087 90.0000060479583 76.2500025940985 79.0000101011086 87.0000089025307 88.7500062448925 63.5000003388181 65.0000228746624 84.4999956080333 77.00000182965 66.2499945513317 64.0000051331393 67.2499979734233 89.7499920991165 85.9999976028365 91.5000059928966 81.999992414642 51.9999804373183 53.9999900174863 58.999993549687 82.499990356306 69.7500083582935 51.9999932659291 48.250003280212 42.0000058192529 31.750016346001 54.9999978315454 74.9999960019144 66.7499921541735
0 0 0 0 0 0 0 0 0 0 0 0 0 0 0 0 0 0 0 95.9999993138839 100 100 98.9999982889561 89.7500104716986 96.2499967197895 98.4999968616677 83.5000043369106 100 69.7500297591029 96.2499976896668 87.0000009148189 95.49999703532 79.4999986362533 83.0000025072663 80.9999865869016 65.2499829594016 66.2499961522722 66.2499988882455 89.250010069335 89.2499960336717 97.5000011985796 95.250006647246 90.5000002837589 78.4999966329623 88.2500003705853 98.2499986595397 66.0000086738221 58.4999990301249 69.7500025940938 77.9999993138855 68.7500016242257 47.7500030515046 51.9999968616699 45.5000053067843 60.9999990301236 74.249998439305 80.5000078140583 73.9999939520451
0 0 0 0 0 0 0 0 0 0 0 0 0 0 0 0 0 0 0 99.2499982021267 99.5000002287067 100 100 100 100 100 98.5000009698759 97.9999976028366 99.249999400709 91.2500002604776 91.2499980284828 82.4999869977425 74.500001537398 78.7500081846457 75.500012616884 83.7500027126891 69.0000043919754 76.0000091312352 85.0000059929086 82.7499931240409 87.7499897019506 82.2500016242209 94.9999989750697 84.7499895918479 85.7499996294143 88.0000077590073 76.2500065371428 71.5000007411705 69.0000002287054 80.9999941807445 68.2500056223166 74.2500089343054 58.9999980602482 49.2499885033689 70.0000072931247 65.9999936132199 74.2499984308339 74.7500052199648
0 0 0 0 0 0 0 0 0 0 0 0 0 0 0 0 0 0 0 100 100 100 100 100 100 100 98.4999994875362 88.2499943226301 86.5000029096239 99.2499984308349 92.7499910106503 70.4999961840379 69.00000216846 90.2500003155332 64.5000061115042 87.5000148318829 78.5000051966725 84.7499980369663 81.5000090676808 93.7500013404588 87.0000010249329 89.2499951823977 81.2499958600261 93.7499991720051 80.2500006543483 83.4999930372326 77.7500025390397 76.2499994007087 73.9999972004889 71.749991413007 76.249981540618 79.0000006861144 70.2499935264082 61.5000028545677 96.2499996844732 55.4999997712959 77.4999893864386 85.7500020816289
0 0 0 0 0 0 0 0 0 0 0 0 0 0 0 0 0 0 0 100 100 100 100 99.5000009698755 100 100 100 84.2499930689932 99.2499988882474 94.0000014272875 78.4999952056769 92.7499970586048 78.5000119222669 88.0000045656189 84.9999978315419 87.7499914130003 98.2500001418797 96.9999981153043 87.7500057959745 84.9999991487249 91.2499856488069 93.749998659539 95.9999997712955 91.9999958917927 78.2499980284876 83.2499955212085 90.249999858119 93.249997918368 48.249997113665 64.2499996294141 83.25001502884 65.4999934395761 78.499999258829 65.2499955212081 95.749994551333 54.0000036507983 72.7500023103369 79.4999987463657
0 0 0 0 0 0 0 0 0 0 0 0 0 0 0 0 0 0 5.5000081528429 99.2500013404605 100 99.2500011117565 100 100 98.4999990301245 97.2499956948668 89.2499928402866 94.9999978315428 91.2499993456616 99.2499994007087 70.7499843401135 95.2500016242207 90.5000014823424 89.0000026809224 89.2499974059041 95.9999968616686 92.999986879154 98.7499970035478 98.4999988014192 97.249997689664 97.2499974609595 92.4999973190781 89.7499999131765 96.9999985176597 77.7499954661476 62.5000000550591 77.5000061580719 86.500002223512 92.4999975477852 79.7500108105113 77.4999836307066 69.7500074985267 66.0000058192529 71.000001143527 73.2500010566991 69.500000741171 69.9999973190759 83.9999966880122
0 0 0 0 0 0 0 0 0 0 0 0 0 0 0 0 0 0 0 100 100 100 99.7500005992902 100 100 83.0000075302934 99.2500003705848 83.7499924379277 86.499999030125 98.0000019948033 96.250003335267 69.2500041865477 94.7500010566997 89.4999976028387 79.4999915548812 90.5000029096252 99.5000009698751 93.7500059611312 100 99.2500015691653 97.5000028545652 97.9999966329636 99.2500003705848 81.2500017428219 69.0000221419557 84.7500144613021 88.7499965461381 71.5000080427594 76.9999937699129 65.9999891026702 77.2500083582885 65.2499892445515 67.7500065921889 71.5000144465015 69.9999873281001 61.4999972089576 65.7499999131784 80.0000077590005
0 0 0 0 0 0 0 0 0 0 0 0 0 0 0 0 0 0 0 98.7500003705848 99.7500003705844 99.7500003705853 100 93.7500027127016 100 94.2499964910838 99.2499982021293 89.0000090211298 95.0000021134092 51.2500012769052 97.9999973190798 70.7500086420505 89.4999949219202 92.5000145481259 98.4999990301249 93.2499998581193 95.9999978315454 97.0000023971609 98.7499996294156 99.7499994007093 94.4999990301249 90.2500064185406 92.2499988331898 80.2499995743655 66.750003051505 61.5000040531452 64.2500027677457 61.0000043369101 63.5000111260347 63.7500027677431 60.5000033670325 65.4999988014204 64.5000023971569 66.0000095251045 98.7499994007102 63.2500079008812 75.5000004023522 48.2499926115844
0 0 0 0 0 0 0 0 0 0 0 0 0 0 0 0 0 0 11.7500065371587 99.0000014823411 100 93.9999922409936 93.2499967197874 100 100 99.499998801417 98.7500017978702 99.2499996294147 98.2499970035429 97.4999980051972 95.750002081633 85.750012347917 88.7500010566992 94.999996120499 95.7500007729437 87.2500073333677 89.0000009148216 92.9999978315428 97.7500013404607 99.2500011117558 87.0000045105555 80.2500063634896 90.4999852231559 95.4999949219151 82.9999914447591 64.7500027677453 73.7499963809689 71.4999997162367 83.749986051152 63.0000023971609 55.0000038795037 67.7499971771965 80.2500029879715 62.4999849944505 39.2500022552749 37.7500022552789 25.7500042500898 39.2499901593597
0 0 0 0 0 0 0 0 0 0 0 0 0 0 0 0 0 0 96.249999858123 98.4999970903748 97.5000046206691 100 98.7499994007093 99.4999988014178 93.2500003705835 99.7500003705844 100 93.4999987463673 94.7499947800403 84.7500044787904 77.0000133495464 97.2499984308347 99.499999771295 90.999992698412 92.7500078458286 81.7500124114384 48.7499214083454 69.9999762020433 84.5000031933846 92.7499982021294 89.2499952925067 94.5000029096252 97.2500022552792 91.0000083265149 93.7500090994608 74.2499887320845 71.2500024289289 70.2499973423652 70.0000090126389 83.749999739533 83.2499970035532 69.4999981153069 63.7499988882442 66.250007498524 61.9999987463644 54 35.750003508915 77.2500040213824
0 0 0 0 0 0 0 0 0 0 0 0 0 0 0 0 0 99.7500003705848 99.750000370584 100 98.7500020816283 100 99.7499996294156 98.2500010567035 100 91.5000025072617 97.5000007411697 99.2499996294151 100 99.2500005992897 80.2500027677457 96.0000041082056 96.9999973741337 92.2500003705853 80.7500008830496 77.2499958049693 72.7499984308352 81.2500069310062 80.0000131758862 86.7500001418768 82.2500001418807 86.7499948350934 92.7499986595397 84.7500056773731 70.2499631680386 80.4999920122954 86.0000002287045 68.7499967197895 60.7500129789606 69.0000112996824 96.0000017110456 84.2499874784502 0 62.5000009698742 58.9999954343879 47.4999990301249 61.7499960336782 43.2499983757781
0 0 0 0 0 0 0 0 0 0 0 0 0 0 0 0 96.7499982021293 99.0000002287053 87.249999282092 97.7499994557616 100 89.250001056701 92.2499939202703 94.5000017660906 94.4999951506229 99.7500003705844 97.9999997712955 99.4999992588312 75.9999985176641 98.5000009698751 94.2500012854055 98.5000016559895 82.2499940939246 90.0000002287054 85.999998746366 75.9999973190807 67.9999997712955 76.7499983757812 73.9999946381621 85.2500068209021 77.4999929821709 97.9999990301245 92.0000031933867 92.4999968616694 84.5000220784201 83.000007987705 83.7500100142819 81.250000370584 82.7500030515055 64.5000005124713 89.4999934395782 87.7500003705853 73.4999854518741 90.0000043369102 51.9999926984086 39.2500057324265 34.2499986595388 55.2500139403478
0 0 0 0 0 0 0 0 0 0 0 0 0 0 0 0 97.750002310335 99.7500003705848 97.0000021134117 92.4999900174931 99.749999629416 100 99.0000005124639 92.7500057324224 99.4999990301249 98.0000029646754 97.9999978315445 94.5000050780815 82.2500059060748 94.4999966329632 99.4999988014196 85.4999960654427 89.0000019397501 91.9999965779105 80.5000031383314 72.9999978315445 78.2500001418794 82.499997831545 74.2499993456575 75.2500028227993 76.7499999131766 70.2499984308338 91.4999992588303 91.7499962623775 69.749987643624 76.2499968299069 83.499991499829 76.2499952925055 87.5000010249308 75.750004991256 69.7499923278233 81.7500017978716 79.2500017978685 65.5000309809484 50.7500064185397 43.0000014823428 65.0000011985809 32.9999905299548
0 0 0 0 0 0 0 0 0 0 0 0 0 0 0 0 85.7500145078803 97.2499943226231 95.5000016559998 100 100 99.5000007411714 99.7500005992906 89.7499960336688 88.7500116702837 93.0000060479626 98.9999988014191 97.250001285408 84.2500045888929 95.0000096987591 92.7499928402829 74.2500020816335 72.2500029964533 96.7500010567013 79.5000011985822 79.7499962623767 80.499995379325 80.4999936682785 73.5000005124634 80.0000151792065 93.0000002837636 74.250002310338 81.7500045338495 90.7500025390425 95.7500013404616 86.2499913579402 87.500002452217 93.4999965779076 91.7499998581193 94.0000052517273 83.250005558792 91.0000011985827 88.4999927534578 86.9999930372176 49.4999998814158 47.4999888739541 70.5000354830597 26.749983946226
0 0 0 0 0 0 0 0 0 0 0 0 0 0 0 0 36.2500100903814 97.7499989432969 88.0000070178329 99.7499994007093 93.750008074536 99.7500003705853 99.4999992588312 88.5000022235039 99.7499994007093 100 98.9999992588308 95.7499950087452 100 94.7499942675777 91.2500057324244 84.2499986044853 71.4999968066146 74.5000009698751 73.2499996294152 75.2500023103358 79.7500035089154 79.5000007411697 76.2500059611285 72.9999985176606 75.5000067891254 76.2499989432994 92.2499863349232 95.5000019397497 95.2500039663245 96.7500013404603 83.2499867372774 89.5000034220935 78.4999811149631 89.7500020265739 75.4999898523132 89.2500058510202 76.9999926984085 79.2500011117558 76.2499872497435 48.2499682080145 0 0
0 0 0 0 0 0 0 0 0 0 0 0 0 0 0 0 0 0 89.2500008279968 100 100 100 89.7500035089158 100 82.249997689665 95.7500045888913 95.0000012536384 91.2500023103345 99.499999258832 96.2499959786211 97.2500010566992 89.7499995743577 80.9999960654432 71.7499976896655 79.7499974059078 98.2500003705848 85.2500029964502 69.2499664249582 78.2500044787909 75.7499996294156 69.9999973190789 68.2499960336747 70.7499904431302 92.5000022235091 93.7500039663241 93.4999927534655 93.0000031383292 83.5000034771421 96.249995978619 91.2499996294143 84.2500042500855 91.2500003705848 85.7499924379342 85.2499988882437 70.0000038795002 68.7499931240499 58.9999808312033 35.5000057006542
0 0 0 0 0 0 0 0 0 0 0 0 0 0 0 0 0 0 0 99.0000014823394 100 99.4999992588303 96.4999937233376 99.4999990301249 90.2500010567005 82.7499989432947 88.4999984626027 87.250009328164 93.7499894732512 72.2499998581205 68.5000103213263 81.2500124664963 92.4999993138852 78.4999994875356 82.9999989750713 97.0000031933867 97.4999992588303 90.0000067891277 76.2499923278263 81.0000009148214 75.7500003705857 70.7499998581206 79.7500011117545 92.7500020816287 91.5000005124669 94.4999953793283 84.7499981470732 70.4999919572406 94.0000014272845 91.999997035317 87.75001029804 93.9999999999991 85.9999982889553 83.749994267572 68.0000047943148 67.2499949536875 75.2499942675712 72.0000052517326
0 0 0 0 0 0 0 0 0 0 0 0 0 0 0 0 0 0 0 0 100 100 100 98.4999977764961 97.0000034220904 80.7499994007098 91.7499935264028 92.5000073566434 86.0000014823359 99.2500005992906 94.2499983757808 93.7499984308352 87.7500025390399 82.7499976896655 90.9999911525215 95.7499984308352 91.4999966329658 86.9999803737943 97.0000038795002 81.2499903245259 74.7499970035537 78.7499970035507 88.2500008830513 97.0000002287062 94.7500004256439 89.0000033119747 80.7500040213784 83.7499974059031 71.7500104632013 82.5000089575801 81.5000036507988 88.7500004256392 86.7499891894936 86.2500079008799 83.750003508915 87.5000001651769 72.5000090126392 83.4999982338973
0 0 0 0 0 0 0 0 0 0 0 0 0 0 0 0 0 0 0 0 0 100 100 97.2500003705844 91.5000132945029 88.7499959786173 91.4999904748919 89.250001852926 83.7500087606637 88.7500018529264 78.2499994472863 98.7499996294147 99.500000228705 66.9999940070914 95.4999953793258 89.2500087606513 95.749999172004 86.2499943226244 85.9999982889535 90.2499987145933 96.7500013404616 77.0000026809219 83.7499998581193 87.9999963492017 98.250001340462 87.7499882196079 93.500005078085 92.999990246187 92.2500008830526 94.4999985176559 85.2499822267056 90.7500019079824 92.5000000000005 78.500003705857 89.7499930139297 78.7500068208926 73.499999944936 67.7499969484911
0 0 0 0 0 0 0 0 0 0 0 0 0 0 0 0 0 0 0 0 0 0 100 100 87.4999977764935 87.7499962623762 85.7499970586064 87.750002877853 88.7500102980404 77.0000080978069 83.2500010566984 97.5000022235117 90.4999926433568 90.2499932977026 97 76.9999928085217 96.7500023103354 93.2499932977005 80.2499918704138 76.9999969167213 77.7499950087426 65.2499926115817 75.7500013404599 86.250003682572 88.4999970903766 98.4999990301249 99.4999990301249 96.7500047074945 97.2499969484954 91.2500015691644 93.5000000000004 81.2500002604779 90.2500005992894 97.00000119858 70.9999917835922 76.2499982021306 90.5000026173935 72.5000093048821
0 0 0 0 0 0 0 0 0 0 0 0 0 0 0 0 0 0 0 0 0 0 100 100 100 83.9999970353246 86.7500005442367 98.2499967197904 79.2500053936171 95.2499933527541 93.7500076171184 71.7500046524424 98.2500037376195 82.2500013404599 93.000002680922 95.9999952056782 98.0000004574099 90.9999949769772 83.2500046524439 84.2500075620722 80.7500022002176 84.0000033670329 82.2500017978694 83.999989047618 83.499998288954 94.0000034220938 85.0000195160916 96.0000021684555 95.9999970903753 97.0000000550591 98.2500013404608 95.9999978315445 98.4999997162402 82.5000031933863 92.7499909005387 90.249993755103 65.5000050230225 65.5000029096252
0 0 0 0 0 0 0 0 0 0 0 0 0 0 0 0 0 0 0 0 0 0 92.0000018847005 100 100 86.0000007411684 95.999998060249 98 94.5000014272893 92.9999980602508 87.5000059293649 96.750003563972 93.9999907586602 93.0000062216097 90.7499930604954 88.9999876753858 98.7499994007098 88.499997374135 86.4999937233376 99.2499996294151 79.2500010566989 97.7499967197896 87.4999958917948 80.7500009381028 79.750006473597 11.7499748065477 87.75000088305 97.7499994007098 98.2500008279956 98.7500025390395 94.2499993456515 100 99.7499994007098 96.2500071046541 83.0000031383293 79.2500081295849 85.4999997162386 74.4999958367373
0 0 0 0 0 0 0 0 0 0 0 0 0 0 0 0 0 0 0 0 0 0 98.5000007411688 100 100 100 93.9999976028391 88.0000039430514 96.7500008279969 97.9999973190815 70.2500041314867 76.7500054486673 89.0000123246142 75.4999926433575 70.4999990301258 76.0000002287045 97.2500013404603 85.4999981153034 73.0000184276248 99.7500005992902 92.2499979183678 98.7499994007098 97.7500042500855 68.7499932977004 79.4999973190785 84.7500008830512 88.4999999999996 91.7500008279943 84.4999845370472 94.7499952925063 94.7499998581193 95.7500042500855 95.5000043919645 66.0000027995222 72.9999888189066 82.7500059611324 80.2500025390399 86.7499967197896
0 0 0 0 0 0 0 0 0 0 0 0 0 0 0 0 0 0 0 0 0 0 100 100 100 98.9999985176624 88.2500052199653 97.7499998581214 82.0000043919649 98.500000283759 98.5000009698759 75.2500044787943 82.7499963174341 70.9999997712946 76.2499993371581 77.7500015691657 97.0000022235147 74.4999933294573 100 95.2499995193111 100 100 96.7499942675701 82.0000034771416 77.0000109524 100 87.2500003705853 83.4999983440106 92.0000029096273 91.2499962623775 92.2499926115784 95.9999941807445 96.0000009148216 84.500004510561 62.4999943543904 84.0000103848701 77.250016913534 75.2499954026139
0 0 0 0 0 0 0 0 0 0 0 0 0 0 0 0 0 0 0 0 0 0 94.999993613237 100 100 99.749999629416 90.5000067891228 87.2500011117546 77.9999985727121 78.2499986595387 83.7499920440635 82.0000058192504 84.7499972322543 89.7500015691639 79.7500005992902 72.7500035089154 80.2500029413954 78.2499962623819 99.7500003705848 85.0000020583562 79.2500114415542 91.2500070495966 82.9999968066159 80.5000057641941 100 85.0000043368996 82.0000026809211 83.9999953793306 84.9999922409995 84.7499991720057 96.0000002287045 92.4999992588294 89.499998288954 95.99999760284 86.9999989115391 78.7499895283168 81.500001994807 86.5000065604192
