Prepped_data/Covariate_Data/All_data/0.1deg/MGVF_0.1.asc
NCOLS 830 
NROWS 505 
XLLCORNER -155 
YLLCORNER 22.5 
CELLSIZE 0.1 
NODATA_value -9999 
[rows 416 to 441 of 505, columns 580 to 637 of 830]
88.7499991169222 93.5000068993205 94.9999980602499 93.0000017661482 92.2499988882332 92.4999994875127 81.000015518001 87.249998659535 96.750002539037 90.2499988882289 94.5000029096252 96.9999958367097 92.4999990301258 91.4999980602503 96.0000002286943 90.750003508909 92.5000024522358 96 93.0000021684453 97.0000011985689 93.7500022552409 96.7499998581021 87.4999895600695 92.5000051331644 93.2499994007158 42.5000817533023 92.0000021684444 96.2500008279794 97.9999997713048 95.7499986595337 97.9999978315573 88.2500109841173 99.4999997713053 0 96.0000002286935 95.2500015691602 95.7500027677286 90.7500010566729 94.4999994875153 94.4999992588175 96.249999116918 93.5000011985677 97.4999988014306 93.2500032802174 91.4999965227837 94.2500005441723 85.7499938101584 93.4999975477625 95.9999985176393 98.5000011985676 89.7500015691585 94.2499952925247 96.4999994875127 99.5000002286939 94.9999993139196 75.2500315719289 99.5000011985668 97.2499998581031
95.4999953793199 89.2500001418948 94.9999962941018 87.7499962623946 93.5000048493753 94.7500004256891 92.9999968616801 97.7500025390348 90.9999924696946 95.4999958367058 96.0000019397492 97.2500015691597 96.2500037376041 96.5000004573881 94.0000065604298 90.0000004573895 92.2500059060485 94.750003966298 94.0000009698746 92.5000014272637 95.7500025390344 94.7500023103409 92.7499979734491 92.2500029964256 95.7500003705935 96.0000005124912 0 93.2499955763091 94.7499988882288 94.4999997162035 94.2500018529579 96.2500025390348 80.7500366665597 0 96.7499994007158 96.5000007411833 90.999997721359 96.2500023103396 97.0000009698764 95.9999980602499 94.2499994007175 95.5000026809326 97.2499994007158 94.9999980602499 95.7500005441821 90.2499981470404 96.5000007411824 96.9999997713066 93.2499989433277 97.7500005992829 91.4999976579744 99.2500005992838 100 29.2499771018759 97.4999968616814 97.2499996294079 98.7499988882259 95.249998943331
94.7500008830756 86.4999965227903 94.9999924696947 97.9999975477673 93.5000048493753 98.5000023971374 93.0000043368888 90.5000017110545 89.5000050780704 90.7499989433267 91.250000086796 94.7499979183542 96.0000021684453 93.7499950638244 96.2499989433254 93.0000024522379 97.4999988014307 94.2499994007153 96.2500005992851 95.0000004573877 93.9999978315556 97.7499986595341 96.250001514064 92.7500004256862 92.9999958918054 95.4999995426152 93.9999988014311 56.4999919904559 94.5000029096252 59.5000385277616 96.2499988882254 94.4999999449013 93.2499976896595 94.7500001418961 97.9999990301254 89.5000065604328 97.4999992588183 90.7499948902349 94.0000004573903 93.2500023103409 94.7500020816492 93.7500003705908 93.000001198568 96.2500015691597 96.0000007411821 95.4999985727423 93.2500005992838 99.5000007411816 92.2499962623955 91.250002594137 98.7499996294083 97.9999985176342 98.9999997713066 97.7500005992851 96.4999966329879 100 99.7499994007162 97.7499996294092
92.2500008279803 97.4999993139159 93.5000016559597 96.7499998581047 93.7500032251206 93.7500076722036 90.4999985727337 93.0000023971404 89.4999993139115 93.2499986044327 95.000001884651 92 90.5000001735999 93.2499986595359 93.749999172021 95.5000002286938 93.4999976028591 93.2500025390361 94.000001711055 95.5000019397497 94.999996349194 95.249995237422 96.7499986595346 99.2499998581048 98.4999982889437 97.7499994007162 93.2499991720206 93.2499974609644 93.2500003705909 93.4999992588175 90.2499994007157 95.4999999449004 92.4999966329845 96.7499986595354 96.5000004573865 91.2500035089086 89.7500003705908 88.4999996060095 93.2499983757423 95.4999973190683 90.5000019397505 94.2500035089086 95.0000029096256 95.0000021684444 92.7499998581009 90.7500001970106 97.5000011985677 97.5000053067621 90.2500025390361 90.249995694806 98.2499984308415 98.9999990301254 98.7500008279785 98.7500005992851 95.7499962623984 99.7499996294084 97.9999988014328 98.7499994007158
98.4999987463349 96.5000048493753 87.5000016559579 91.7499998581047 91.0000031383225 92.7500039662985 89.5000019397497 89.2499952374215 88.4999978315534 88.2500049912727 90.249997460963 96.749999116924 90.2499923828943 93.4999976579584 95.0000002286943 95.7499972322709 91.2499982021456 93.7500056773547 93.7499984308412 91.7499988882275 93.9999990301254 93.7499994558162 94.4999970903748 99.250001797854 96.2499979183534 96.7499994007162 87.7499964910906 97.2500000867999 90.7499983757428 93.7500020265462 90.250001111775 94.7499972322718 92.7500023103397 96.5000014272636 98.0000005124895 90.9999961205006 95.5000007411808 91.5000006860816 92.9999968616801 95.2500010566712 96 94.0000009698755 95.2500005992856 95.7500003705904 92.7499942675449 95.250004021401 97.5000048493753 96.0000038795011 91.2500012853697 95.7499984308403 98.249999400717 97.4999992588166 96.7499996294096 48.5000210368532 100 99.249999400717 99.4999992588175 97.2499996294087
89.7500008279789 91.0000007411786 93.5000045655862 85.0000023971421 90.5000068442178 91.0000026258313 93.9999903012494 92.5000002286938 90.7499979183555 89.2500008830781 90.499995836705 90.7500043051846 91.7500008830765 93.2499982021447 94.9999956631111 91.5000023971374 88.2499967197849 75.4999732624301 93.7499976896608 93.750001056672 94.7500003705908 96.7499972322709 95.2500001418966 94.2500013404655 92.7499976896586 96.7500005992843 94.9999982889442 96.5000043368901 93.9999970903753 93.4999970903757 94.7500044787836 93.7500017978532 86.7500028228275 96.9999980602499 94.9999975477604 89.7499991720236 90.7500049912714 94.000002223548 94.2499991169244 93.9999980602499 97.7499986595333 93.4999982889429 95.9999990301254 93.5000024522367 94.0000026258287 95.24999991321 95.2500020816487 95.2500011117724 96.5000024522358 98.5000009698751 98.7499984308411 98.7499986595332 97.7500005992842 94.7500061898412 97.7500006543882 99.7500003705921 98.7499998581005 97.500000969875
93.0000030832233 93 93.7500035089094 92.5000033119222 84.5000024522331 88.0000009147763 91.9999987463336 95.2499935263701 91.4999984625465 92.9999960103014 89.9999901276569 89.5000024522366 91.4999937233598 85.999997492669 87.2500011117725 94.7500003154908 91.5000036508064 93.5000007411799 0 95.5000012536694 97.4999973190691 95.0000007411821 93.5000043919859 94.5000011985702 93.7499979734521 91.7499962072928 95.2500005992847 95.5000005124865 96.500001482362 95.2500020816493 97.0000038795002 94.0000014823624 92.5000029096243 95.4999988014298 89.2500022001349 90.2500039662938 95.4999970903748 90.4999980051503 94.7500011117698 94.4999992588184 96.4999992588166 92.2500001419013 93.9999997713048 94.0000002286943 96.4999990301241 92.9999987463234 97.7500003705917 93.0000038794993 98.2500013404655 97.9999981153525 99.5000009698751 92.7499926115912 93.9999958918054 97.2499993456166 98.5000000000004 96.2499964910914 99.2499996294092 96.2499994007162
95.4999978866509 89.2499938101601 92.7499998581052 91.7499979734496 87.4999956080167 83.9999997713057 66.9999888188958 87.7500001418961 87.7499998581065 87.9999999449017 88.7500032802173 91.5000091862659 94.0000000000009 95.2499974609661 97.2499998581035 96.7499996294087 95.2499994007136 93.749997689659 91.9999961204998 0 91.7499973507651 96.2500017978527 96.0000012536655 91.9999966329858 94.2499955212155 95.9999990301245 96.000001939751 89.7500027677291 94.25000037059 96.4999985176346 93.2500005992838 94.500003422113 95.7499988882297 99.2500005992851 92.4999980602495 94.0000019397492 89.2500044787849 91.9999985727385 90.2499959235097 93.2500027677278 91.7500062449471 94.2499999132069 89.7499996294096 95.9999992588197 97.0000012536715 78.499999030125 92.4999970903739 95.5000023971383 95.9999983440426 97.9999995426149 98.2500003705917 99.0000007411829 88.4999975477617 97.7500013404645 99.7500003705912 98.750000599283 95.7499984308415 95.4999963491928
92.9999961204998 91.2499962623955 90.2499969484792 95.4999962941048 90.2499967197835 83.7500079008988 87.7499970035745 80.4999969801842 92.4999974926736 91.2500023103405 93.0000008513795 90.5000047942805 92.7500071597154 95.7499996294101 97.0000005124878 86.2500042500906 94.74999768966 95.7499977447566 94.2499982021447 94.2499988882298 92.4999961205002 95.2500044787849 92.9999992588197 92.5000031383195 91.7499972322709 91.7500010566668 96.2499988882289 93.49999731907 92.4999987463332 92.7499981470442 94.0000021684418 95.4999990301249 96.7499988882297 92.7500025390348 93.7499996294092 94.2499981470434 95.249995749909 97.5000017110563 94.4999999999996 94.2499991720236 94.5000000000004 95.5000002286913 95.7500005992851 94.7499994007167 93.7500044787858 90.9999992588154 87.249999172024 92.5000075303066 93.9999985176393 97.7500008830798 90.2499976262969 90.999993896951 90.0000020499475 87.7499993456144 94.9999934395685 99.250001569158 92.7499984308415 92.7500142960176
97.000001427265 96.000000630988 95.5000009147802 88.7500021367373 86.7499943226445 92.5000009147741 84.2500005441867 90.5000033670137 89.0000004573938 93.7500073333109 91.9999958918063 91.9999963491949 91.5000021684448 93.2499994007154 82.4999990301205 94.5000029647243 93.7500017978536 92.750001340465 94.2500001418948 96.250000141896 96.0000009698764 96.7499979183538 96.7500008279798 93.7500015691611 91.9999995426114 96.0000007411829 96.7500010566711 94.2499950087299 95.0000004573903 90.7499986595346 90.2499918153045 95.250001340465 95.2499987146307 94.0000002286943 93.0000031383182 87.0000009147704 96.2500020265461 92.7499998581039 92.4999985727346 95.7500005992838 91.7500016242649 91.7499984308424 93.7500049361713 88.7500001418961 93.4999973190692 95.7499989433349 93.7500005992843 85.9999995426114 95.9999966329867 97.7500001418978 97.9999997713083 98.4999988014332 97.5000007411816 100 95.7499991169197 95.5000046206844 98.7500015691589 84.9999996610978
97.0000038795003 98.7500005992847 95.7499979734517 87.7499970035723 84.5000104399261 90.7499976896595 85.9999989750288 94.4999903563438 89.2499963174865 82.2499953476204 88.7499986044367 88.7500012853684 94.7499981470494 89.4999983440412 93.5000031383221 82.7499967197893 93.000003650806 94.5000036508046 93.5000038795007 96.2499996294092 95.0000002286943 99.2499984308402 95.25000037059 97.2500010566745 94.2500023103405 94.7500005992843 92.5000031383204 91.5000067891254 84.75000430519 73.2500267225318 96.0000019397501 93.2499991169223 98.2499989433259 94.7499979734517 94.999999542614 96.5000009147682 92.7500008279785 90.5000006860807 91.5000005124847 96.5000035957038 92.0000016559515 95.4999990301249 90.2499994007158 91.5000000000005 94.4999946932387 89.4999982889421 87.9999999448922 92.2500073884096 94.5000005124865 88.9999978315582 97.999997831559 91.7500017978506 64.2499874701195 99.2499996294092 96.7499972322731 98.5000009698751 99.7499996294088 75.2499872580162
92.9999997713057 98.4999997713044 90 86.000003595711 85.4999983440378 94.2499880460067 96.2499964910906 92.7499989984194 90.7500010566753 90.4999999999995 90.4999994875127 88.9999955529206 98.5000009698751 97.4999946932344 94.5000021684449 84.2500017895595 91.4999980602512 96.2499982021447 88.4999993139176 96 94.2499981470477 97.2499991720214 93.7500068759245 94.4999994875135 95.4999966329862 97.2499994007157 97.5000002286938 91.5000011985693 96.500001482362 94.0000002286944 96.7500023103418 95.7499989433276 96.5000029096252 96.0000009698755 91.0000034221142 88.2500085869769 90.500003532313 83.5000017661554 90.5000070178197 92.7500064185369 91.2500044236763 94.0000060479421 90.7499984308407 86.7500001969892 93.9999989199202 88.0000028545154 90.2500096119602 92.5000046206801 88.5000004573899 80.7499974058613 94.999996294083 87.7499977447646 98.4999982889437 99.7499994007153 99.2499986595341 97.7500037375986 99.4999999999995 91.5000007411834
97.9999985176402 90.4999911609338 87.9999927534847 93.2499940388548 95.4999936682666 88.4999995426127 90.7500006543804 90.5000011985693 88.0000026258382 93.7500022552418 91.4999900725546 92.9999965778883 91.4999908688299 91.7500006543822 84.7499945513404 79.7499929587762 93.2500037926999 90.5000059928467 95.2500001418939 95.7499986595341 94.2500040213981 99.7500003705908 93.2499962073006 89.7499974058681 96.4999973190691 96.5000019397506 92.2500001969943 93.2500078457986 98.2500001418957 94.9999965227841 96.0000011985672 98.249998943328 90.2499979734495 91.9999996611133 89.0000007411821 94.0000019397501 86.9999924696956 85.499995379319 90.7499972873672 93.7500044787858 93.2500013404658 94.0000029096274 89.7500023103418 90.249997232271 91.5000044470954 89.7499996294084 91.0000005124912 91.4999964042937 91.2499996294096 80.9999946932365 80.0000083817086 93.5000018846419 95.0000046206841 97.7500000867982 99.7500003705912 98.4999988014332 99.2500003705912 100
92.0000027443366 87.4999956080133 92.9999900174603 91.000000686088 88.2499999682898 96.2500009381782 93.5000059928467 96.7500028228275 84.75000544866 89.7499974609661 85.7499975160652 88.5000017110563 88.4999985176389 87.250004021395 82.0000002837917 77.9999971454744 81.750004762575 71.7499951189245 89.5000030832219 89.2500073884097 87.2499972322695 94.9999944094439 94.2499950087299 92.2499994007153 96.2500015691593 96.0000004573843 88.2500034538094 88.4999993139159 84.749986910845 79.9999887003952 60.0000645407648 90.0000000000009 56.7499753825331 90.7499995743143 90.2499931791797 21.75003009781 70.0000201386833 90.4999929821812 94.4999992588201 90.0000018846476 92.4999997713087 92.7499979734572 81.750026108119 87.7499995743143 92.7499998581027 95.0000073016188 89.9999951506242 86.9999980602499 92.250001797854 93.7499988882272 88.2499972322761 90.7499913496484 93.7499981470481 99.5000002286939 99.7500005992838 99 98.9999980602499 98.999999542614
96.5000017110581 83.4999910424293 87.4999980602494 82.0000000550897 92.2500063634436 89.7500011117702 92.4999927534843 82.0000037609984 91.5000021133525 86.5000062766403 91.7500049912731 85.7499989433246 88.2499924379918 82.7500142326357 68.7499794356307 76.0000119222969 79.7499938101597 74.2499994641268 13.2499918621058 88.9999997713066 89.0000015374607 88.7500013404654 96.4999968616806 91.7500020265478 91.9999954344195 87.9999968065767 84.5000005124864 89.4999992588201 91.249992666687 84.7500025390339 85.0000014823614 1.00000239713874 83.9999925247904 87.2499965461864 90.4999973190674 52.2499634602259 32.2500536669238 67.7500042969059 18.7500362559672 85.5000043919902 93.7499993456093 56.2500526336352 0 93.5000017110563 95.2499994007162 96.000001939751 85.7499952925233 87.250000315493 91.2500003154942 91.5000009698751 91.7500029964157 70.7500429899892 97.0000021684435 94.7499998581039 75.7499643116262 99.7499994007166 100 100
85.2499965461872 87.7499994007149 80.99999069523 89.2499957499098 92.7499998030106 89.749999913204 83.7499991720197 89.7499987146312 86.9999966880791 90.7500003705908 88.5000000000004 84.4999968616797 89.5000025707394 68.4999998898081 65.4999977764569 84.7500129238661 80.250011953994 91.7499915232125 66.749994038854 93.7500008279785 96.2500057324548 86.0000044470898 96.9999957182052 94.0000038795003 88.5000028545251 90.2500042500915 88.0000019397501 93.0000051331667 89.7500000868004 91.2500000867948 67.49999531594 0 83.7499991720215 79.2500008279803 86.4999992588175 69.2500207379653 0.749998202147279 20.7499710290609 78.2499904431442 94.249996262398 92.5000004573865 80.7499933610481 0 43.7499775645258 93.0000021133392 90.7499971771653 93.2500052199696 92.2499986595337 97.2500011117712 92.2500017978515 94.9999982889417 96.2500030515251 97.7500025390335 94.2499974609656 88.2500029964195 98.7499994007166 99.500000969875 99.7499996294092
96.0000000550975 88.9999993139136 89.2500069310198 93.7500017427643 92.75000037059 89.749997003581 94.9999928085787 97.9999997713048 92.2499925014043 82.9999985176367 91.7499983757424 77.7499938101597 63.7500012302691 89.2500014038716 89.7500055588601 65.7500184427303 38.249993581465 86.0000046757781 91.2499963809009 40.0000492817339 80 88.0000055905543 0 89.2499960336994 87.7500008279785 90.0000019397492 87.4999988014297 83.9999962940974 87.2499938101593 80.7499982021477 51.2499572304294 88.5000094700576 84.2499974058695 40.0000746252835 0 0 0 0 0 74.9999989750273 84.7500016242666 94.250001111775 93.9999980602499 92.7500000867977 0 0 97.0000009698746 95.7499979734539 7.50001797855331 0 0 87.2500019080648 51.2500917124385 83.7500259179507 96.750003737602 92.2499994007144 75.2500171808518 89.7499907352273
90.2499969484792 87.9999963491949 90.4999994875144 87.7500009381658 83.2499970035745 91.9999989199244 91.4999946932344 90.7499999132001 88.4999982889472 88.0000011985698 87.7499982021464 91.7500025390348 84.7499920440099 67.0000130106717 71.7499993456117 76.2500066472329 86.9999986278299 52.7499946064358 63.499997429265 79.5000094149576 12.5000017744566 0 0 88.2500001418957 89.9999992588188 88.4999985727415 86.750001797854 91.9999976028596 82.0000083899876 0 0 0 0 0 0 0 0 0 0 0 0 0 83.24999449624 85.250000883076 86.0000070729219 88.7500111494388 91.7500027677252 86.500005133167 92.0000019397501 0 0 0 0 0 98.2500013404663 99.7499996294084 99.2499996294092 95.999995324216
92.5000038244067 88.0000035957102 88.249998430839 86.7500008279811 88.0000038795002 83.4999993690202 88.2500042500902 87.7499947800343 86.2500005992855 91.9999976579622 90.0000041081937 84.7500061898408 74.5000151157077 82.2499802870033 79.9999970903735 89.2500015140619 77.0000142092406 81.7499968850735 66.2500138386484 44.9999597309382 0 0 59.7499431313264 49.0000697208093 0 76.2499959785998 0 0 0 0 0 0 0 0 0 0 0 0 0 0 0 0 0 0 0 2.00000387950024 93.0000021684418 87.7500168584664 0 0 92.9999978315581 82.7500035640185 62.4999876203176 0 0 99.7499994007166 99.7499996294088 60.0000450082735
80.2500077356098 88.9999958918064 85.7500008830774 88.2499991720171 84 84.7499982021455 92.5000096436535 90.9999997713048 88.9999973741618 93.0000011985689 88.7499999132013 88.5000014272645 91.2500035089099 94.4999951506247 95.0000077589996 89.7500010566711 85.2500013404655 82.7499998581052 86.7500008830756 89.7499938101593 86.7500003154917 0 0 72.5000223705272 0 0 0 0 0 0 0 0 0 0 0 0 0 0 0 0 0 0 0 0 0 0 0 0 0 0 0 0 0 0 0 0 8.75001297069302 98.7499991720223
89.2499983757441 84.4999997713044 88.0000043368906 94.2500041949956 83.5000002286938 85.7499979183529 86.7500049361735 94.4999966329863 93.2499979734483 92.4999992588184 100 88.2499988882284 84.74999455134 90.9999973190695 96.4999994875118 86.7499996845088 91.4999961204993 94.2499996294096 87.9999960654014 89.7500029964212 80.0000023420431 0 0 0 0 0 0 0 0 0 0 0 0 0 0 0 0 0 0 0 0 0 0 0 0 0 0 0 0 0 0 0 0 0 0 0 0 89.9999987463285
85.7500001418952 91.2500083582856 88.2499965461855 87.2499991720207 88.2500008279806 86.9999981153499 96.7499991720197 86.5000016559605 89.7499945513396 92.0000004573877 94.2499972322722 97.999999771304 93.2500056222585 89.2499991720211 54.7500636411636 92.7499950087273 89.7499994007149 89.2499996294096 88.0000011985707 71.7500012853636 0 22.0000381255201 0 0 0 0 0 0 0 0 0 0 0 0 0 0 0 0 0 0 0 0 0 0 0 0 0 0 0 0 0 0 0 0 0 0 0 88.7499996845135
88.9999973190695 85.2500005992851 94.0000011985707 92.249992840285 89.7499994007145 87.2500020816462 89.2500015140622 88.999998572736 94.2499991169265 92.7500005441851 99.7500003705908 98.2499996845062 95.2499986595359 85.2500074435076 94.5000058192499 87.7500019714456 85.2500013404637 81.7499984308403 0 14.249966755572 0 0 0 0 0 0 0 0 0 0 0 0 0 0 0 0 0 0 0 0 0 0 0 0 0 0 0 0 0 0 0 0 0 0 0 0 0 0
96.2500052199657 83.2500032802156 94.7499935814654 93.2500008830748 90.5000000000013 88.7500064185346 91.2500020816449 91.5000014272636 83.7500048176696 88.2499991720223 88.499999716207 96.4999980602512 89.7500083031867 95.750003280216 93.7499926666886 76.2500110943139 80.7500023103441 61.0000176864462 19.0000246574819 0 0 0 0 0 0 0 0 0 0 0 0 0 0 0 0 0 0 0 0 0 0 0 0 0 0 0 0 0 0 0 0 0 0 0 0 0 0 0
91.000001711055 87.2499983757432 92.7499960337007 92.5000040531035 82.0000018846578 88.749990671842 95.4999982889446 90.7499991169249 96.2500035089111 90.4999982889437 83.999995434416 90.0000012536655 96.2500013404655 99.2500001418957 92.9999978866547 94.0000036508068 65.9999942992497 0 0 0 0 0 0 0 0 0 0 0 0 0 0 0 0 0 0 0 0 0 0 0 0 0 0 0 0 0 0 0 0 0 0 0 0 0 0 0 0 0
91.2500009381691 87.0000007411795 90.7500008830747 94.0000000550932 88.0000043368914 86.2500018529519 88.500000457389 87.500000457389 91.7500017978566 95.2499972322704 89.499993439568 92.2500010566745 99.7500003705904 93.750001340465 75.500006560432 13.2500202805776 0 0 0 0 0 0 0 0 0 0 0 0 0 0 0 0 0 0 0 0 0 0 0 0 0 0 0 0 0 0 0 0 0 0 0 0 0 0 0 0 0 0
