Prepped_data/Covariate_Data/All_data/0.1deg/MGVF_0.1.asc
NCOLS 830 
NROWS 505 
XLLCORNER -155 
YLLCORNER 22.5 
CELLSIZE 0.1 
NODATA_value -9999 
[rows 260 to 285 of 505, columns 580 to 637 of 830]
94.4999977764578 83.9999909873326 97.7499974609626 98.7500005992855 96.9999980602482 96.2500008279794 97.2500013404676 92.7499994558102 99.2500015691614 99.2500013404671 100 98.5000007411808 93.9999971454693 98.249999116924 99 11.5000275671151 96.7500010566745 96.4999970903732 88.7500024839377 59.9999640512045 79.0000058192555 86.7499903880387 91.4999993690134 98.7499999132014 84.2500222203504 97.4999990301241 84.7500224490425 47.7499613687305 95.5000019397514 98.0000002286926 96 99.7499996294092 99.2499996294092 98.9999990301245 98.2500008279781 98.0000021684435 87.7500017978553 99.2500001418974 86.4999964042877 90.9999970903727 96 98.4999990301241 97.0000016559575 91.2500086420855 99.0000007411829 95.7499986595316 95.0000019397518 88.7499826207318 96.7499976896578 95.2499972322705 98.7499984308407 96.9999980602482 0 0 0 0 0 0
95.5000011985698 56.499986879145 74.5000170554524 91.5000126083702 94.7500071597117 93.2500003154905 97.2499991720195 93.4999997162082 96.9999980602507 97.5000029096239 95.2500032251122 84.750005219962 98.2499996294098 99 95.7500011668701 96.2500039662948 99.7500005992845 97.7500003705902 95.4999992588206 94.4999949219334 98.9999988014315 95.2499976896592 92.2500052199634 97.249999116926 97.0000016559562 90.2499962706729 95.0000068442234 98 98.4999990301254 96.9999992588184 98.0000031383161 97.2500011117718 96.4999990301254 99.2499988882308 88.7499984308409 98.2500013404661 98.4999990301254 98.9999980602507 93.5000026809287 96.2500025390333 95.2500019080642 98.5000007411829 99.2499984308409 99.2500001418955 97.9999992588193 96.0000031934251 96.5000017661653 97.7500013404648 97.7499946064359 98.5000014272607 0 0 0 0 0 0 0 35.2499718336499
95.2500039663008 96.500001427264 97.999998060249 96.5000007411795 96.5000009698755 92.0000012536698 95.5000022235436 93.2500005992853 85.9999987463371 31.7499982957459 90.2500020265468 85.0000290962646 82.9999926900707 95.2500064185382 89.9999995426132 94.750002310342 98.749999858105 98.5000005124861 92.49999971621 93.2500079560033 88.4999990301245 93.4999990301245 97.7500000868002 96.7500011117723 97.9999997713066 90.5000104399378 96.2499958050066 98.999999030125 97.2500017978547 94.5000009698755 80.74997691172 96.2500017978525 97.9999997713048 98.4999990301245 99.250000370591 96.7500005992845 98.9999988014307 88.5000096353669 99.5000009698755 99.250000370591 86.7500039662957 98.749999400716 97.9999995426132 98.4999990301245 94.499998288942 97.0000012536775 99.7500005992836 97.000001939751 63.0000267625273 0 0 0 0 0 90.4999884248826 96.2499996294077 98 99.499999771307
99.7500005992849 97.5000009698755 98 98.5000007411803 94.9999963491932 95.000003879502 92.999998060249 91.7499994007156 95.7499954661204 92.2500024839336 97.5000029096265 95.7500083031908 90.0000104399357 84.7499969484772 82.5000320058911 95.7500017978538 91.5000009698755 97.2500013404661 96.999998060249 92.9999960653984 98.2499982021462 94.2499991720221 98.4999970903736 99.2500003705902 98 98.0000009698759 86.4999970903735 96.9999954344126 82.2500041950066 97.2500005992836 97.7500008279753 98.4999973190679 94.500002625836 96.250002310342 96.7499964910895 92.749993581463 96.7499991720208 95.0000038244015 98.2499994007151 94 96.5000007411838 94.7499986595326 97.4999970903735 96.999996120498 96.5000017110589 98.7500001419015 97.2499960337043 93.9999922409961 99.2500003705902 98.7500003705915 98.4999997713087 96.5000029096265 96.2499984308396 98.2500008279783 97.499997319067 96.7499986595322 97.7499996294086 98.4999990301245
90.4999981153443 97.7500001418952 99.0000019397501 96.7499984308398 95.7499996294105 95.2499979734543 94.7499969484787 99 96.7500015691606 94.499997145474 95.5000019397505 94.500004620681 90.2500042500902 95.7499986595346 95.4999975477625 89.7500071046149 96.249998659535 97.2500000867999 97.4999992588192 97.4999990301249 91.7499967748823 93.2500025390348 92.4999946381395 99.2499994007153 98.4999988014306 98.9999976028647 97.4999999999995 96.2499955212151 86.999985159767 91.749984048018 97.0000021684427 93.0000002286934 97.50000268093 97.24999694848 94.5000079876935 98.7500005992834 95.9999982889442 98.0000009698755 99.4999990301249 98.7500005992838 100 97.5000007411833 97.9999997713057 98.9999997713057 94.2500005992843 99 98.249999172024 99.2499996294092 98.249998659535 97.2500001418974 97.4999997713096 96.9999980602499 99.7499996294096 96.5000029096252 96.9999961204989 95.4999970903748 98.7499991720235 97.7499991720232
99.7500005992851 95.7500005992851 97.5000009698759 96.2499984308381 97.7499984308386 95.0000021684435 98.7500003705908 95.0000038795037 97.0000011985715 99.249999858103 97.4999970903722 93.0000049678784 91.7500025941353 46.7499740269437 67.9999911994189 96.4999953793147 94.2499969484771 96.4999990301241 82.0000128921773 95.0000005124904 93.9999999999991 94.5000009698759 95.4999968616771 97.0000019948493 99.2500015691606 96.4999970903723 12.2500293649704 53.7500679947216 97.4999990301241 98.0000002286935 95.2500003705934 97.0000002837943 97.5000035957106 77.5000261866497 98.7500008279777 96.5000009698759 98.5000009698759 96.7499994007149 96.4999999999996 98.5000007411834 98.5000009698759 98.2500015691597 87.7499959152074 97.7500003705908 98.2500025390365 98.5000014823697 97.7500005992838 99.5000009698759 98.4999988014289 98.0000022235505 95.500005819255 99 97.7499976896582 98.0000019397518 91.7500008279768 92.5000029096278 100 99.0000002286934
100 100 98.2500003705897 91.0000124981815 98.2499994007151 99 97.0000005124857 98.7500015691587 98.7499986595356 94.500000512486 88.249987825622 78.5000125366614 93.9999980602507 56.5000029314824 90.9999998264062 97.7499986595348 97.0000002286952 94.7499984308409 96.7500010566748 98.5000009698746 94.7499974609663 90.74999312408 92.5000057641503 90.4999975477664 97.7500003705906 97.0000028545161 92.9999961205015 73.0000002370073 88.7499851363856 94.7500025390329 97.9999961205015 96.7500029964219 92.7499855303632 0 24.7500366884684 97.7499991720247 99.2500015691587 98.7499994007155 98.7500017978538 98.5000009698746 98.9999980602507 95.7499928953908 92.7500005992831 97.2499996294098 97 98.7499996294077 96.9999988014323 96.4999992588188 98.2500005992849 98.9999990301258 97.2499994007173 96.5000029096239 88.4999994875113 89.2499971771745 89.2500015691582 96.0000019397493 98.7500027677242 98.2500018529547
98.7500005992849 97.7500000868002 95.7499986595339 94.4999968616784 93.2499940939448 95.9999951506239 97.500000457389 97.4999990301245 97.5000014272658 89.2499872497206 96.4999988014311 93.9999985176394 92.9999977764568 67.499993541462 91.2500001418963 95.2499998581024 93.0000005124856 91.9999922409961 96.9999994875144 97.2499994007147 96.4999975477604 92.9999944094414 91.7500008279792 96.2500015691604 96.7499952925189 98.749997460965 98.0000014823633 99.5000009698755 95.249999345619 99.2500015691595 99.2499996294081 98.5000009698755 0 0 4.7500070412293 98.9999997713083 99.2499994007156 97.5000009698755 97.9999992588192 98.75000105667 98.4999988014328 99.2500003705914 95.9999956080107 97.7500003705906 99 99.2499996294077 98.5000009698755 98.000001939751 97.7500015691608 99.750000599284 95.750002767725 75.7499540838212 91.749998147047 95.7500020816477 98 98.7500005992832 99.0000002286926 96.4999990301245
97.4999982889446 96.9999968065827 94 97.5000029096265 97.4999990301245 96.7499988882269 97.2500003705902 96.2499996294094 96.5000051882625 96.750005219968 89.9999990301241 93.7500043051896 92.4999951506226 92.5000002286947 93.999998344042 97.999998060249 97.0000040530992 96.4999953793168 96.5000009698755 97.5000031383208 98.4999999999995 94.7499988882269 82.5000216210507 99.2499994007151 99.750000370591 98.0000017110584 92.7499983757405 97.0000000000018 99.4999990301245 95.9999982889416 96.0000038243938 97.5000009698755 80.2499710071667 0 0 98.7499996294077 99.2500011117731 99.4999990301245 98.2499991169247 94.7499965461925 96.7499984308409 98.5000009698755 97.7499994007151 98.7499996294098 98.5000009698755 97.2500008830861 98.749999400716 99 96.9999987463336 91.0000035957055 87.999998060249 94.2499962623969 97.2499986595339 98.5000009698755 99.2500005992845 99 94.0000002286917 99.7499994007155
84.0000214640592 98.5000009698751 97.7500015691593 98.0000004573911 98.9999980602499 96.5000000550987 95.4999959469008 97.7500005992847 95.2500003154954 98.7499974609652 98.7500003705908 92.0000040530997 98.4999997713053 94.7499984308403 99.500000969875 94.7500015140606 18.5000358853772 96.74999768966 93.0000005124861 96.7499986595341 95.9999995426114 95.2500005992847 96.5000065604311 97.24999694848 97.2499999132035 96.2500037376003 87.0000051331674 96.4999988014298 95.5000029096252 97.2499982021472 96.2500005992829 98.5000024522383 99.4999990301249 95.4999920673997 98.7499986595337 99.2500005992838 98.7500013404654 99.500000969875 98.5000011985702 95.9999953793186 98.4999992588166 96.4999946932395 98.5000000000004 98.5000011985693 98.2499984308407 97.5000019397497 98.2500003705912 95.2499952374229 92.5000021684449 97.9999997713074 90.0000019397501 96.7500027677252 99.2499996294092 99 97.5000007411816 97.0000004573826 98.0000038795002 98.2500005992842
99.2500005992855 98.0000023971404 100 95.7500003154981 96.4999978315526 96.5000002837956 97.5000011985711 95.4999995426092 98.2500011117712 98.2499988882276 98.7499998581026 99.2500013404667 98.7499991720193 99.5000011985702 91.4999966329854 92.0000026258347 59.2499710206943 95.9999995426115 96.99999486683 88.0000055905638 95.7500001418978 95.2499946064335 94.0000029096273 98 95.7500022552422 96.2499982021481 85 92.500001372167 98.7499982021438 97 97.7500008830841 96.9999988014311 99 97.9999995426097 99.2500003705912 99 97.2499991169219 96.7499994558149 94.4999970903723 98.4999983440446 93.9999980602482 98.2500005992842 97.749999400714 95.2499957499055 98.7499996294088 93.2499947800284 93.9999995426166 94.7499996294092 78.4999935965475 84.750031075987 91.4999936682521 98.7500003705921 93.0000002286934 96.7499970035753 96.25000276773 96.9999980602482 98.2499989433319 80.0000341109739
92.0000082163874 98.0000029647215 98.0000019397493 99.7499996294107 97.4999970903761 98.4999990301254 99.2500003705897 95.4999990301254 97.5000021684448 99.2499996294094 99.4999990301254 100 97.9999980602507 91.7500076171025 91.4999997162047 91.5000019948502 89.999996806587 90.0000007962752 95.7499988882295 99 92.5000036508047 91.0000038794985 94.7500013404635 95.750000827977 95.7500000867985 95.7500003705915 91.2499976896601 95.7499996294103 95.9999964042911 96.7500025390329 95.7499976896597 98.4999970903761 99.7500005992845 95.0000002837905 99.5000009698746 95.0000019397493 86.9999978866552 94.249999400716 97.7500015691596 76.2500218428817 89.00000273604 95.0000017110567 97.7499996294098 95.000001711055 94.9999978315573 94.4999968616826 96 93.999998288945 95.7500003705893 95.9999980602507 95.0000000551099 88.9999973741729 95.2499926115931 97.4999978315569 93.7500034538031 91.2499816509128 100 99.4999990301254
95.7500044787868 98.750001852953 97.2500000867997 17.5000126083813 98.7500017978564 98.9999997713066 100 96.7499984308388 99.2499994007147 98.4999997162066 99.7499996294094 100 97.7499991169242 94.2500056773566 91.5000065604341 60.5000797116677 98.2500017978547 98.7499994007147 99.7499994007147 98.999998060249 80.2500031066254 96.4999994875123 96.0000077590039 94.9999971454693 98.5000007411821 95.9999994875102 95.5000029096256 97.000003879502 91.250002081646 98.4999990301245 96.9999982889416 96.7499986595335 91.9999982889433 84.7499851363724 94.7500006543879 99 97.249998659533 96.9999990301241 93.9999949770223 96.5000000000013 97.2500011117757 96.2500042500934 94.9999995426114 99 94.5000028545226 94.0000011985659 97.4999990301245 97.2500010566726 97.2499994007151 96.500002680933 98.9999990301241 97.4999951506226 97.7500025390354 95.4999990301254 98.999998060249 97.4999990301236 97.999998060249 99.499999258818
94.4999958918042 94.2500041949942 99 99.4999999999995 100 98.249999629409 99.4999999999996 98.7499996294098 95.5000014272648 97.4999990301245 98.7500001418967 97.2500008830776 98.999998060249 100 99.5000011985689 82.5000024522378 87.2499973424596 96.0000077590039 96.4999968616793 98.999998060249 98.5000029096264 98.2500005992849 92.499998572736 98.0000024522375 96.7500035089114 92.5000031383191 94.0000016559562 97.5000009698755 95.4999980602495 97.500002168444 98 95.5000002837952 96.5000007411812 98.999998060249 97.0000009698751 95.4999970903735 97.0000007411816 90.9999944094396 97.2499967197834 96.2499979183519 97.0000017110592 96.7499979734557 97.2500015691599 93.999998060249 97.5000000551043 96.7500020816524 99.0000002286926 99.2500001418972 98.4999990301245 100 99.4999990301245 97.000003879502 100 98.4999990301245 94.9999932659742 99.7499996294082 100 97.0000007411825
94.2500030515213 94.9999978315556 96.5000014272645 98.500000741179 99.2500017978553 91.2499838827148 99.2500005992851 97.0000005124861 99.2500003705895 99.5000011985685 99.7500003705908 98.5000012536669 100 100 92.0000012536672 93.4999990301249 92.7499991169249 96.5000023971391 99.5000009698751 98.5000014823628 99.4999990301249 99.4999990301249 98.2499998581048 98.9999978315547 93.7500015691589 96.0000038795002 93.2499984308403 68.250015092313 73.5000003939784 85.2500074986233 92.0000019397501 96.9999990301262 98.2499996294096 90.7499989433246 96.4999955529099 92.9999980602499 94.2499926115908 90.0000004573868 92.9999924696947 97.5000009698742 91.4999970903748 92.2500001419022 96.4999990301249 95.25000037059 98.7499998581027 96.5000048493753 99.2500001418995 98.7499984308407 97.7499998581043 96.0000041081928 98 99.4999992588175 96.0000002286934 95.0000028545247 98.7499996294092 100 100 98.5000009698751
98.7499994007153 96.2499989433264 94.4999919572023 95.4999971454663 98.25000037059 96.2499987146342 93.4999953793147 98.4999988014298 100 100 95.5000019948523 100 100 98.9999997713057 93.0000049044782 100 69.7499510087953 96.7500003705917 90.0000041081979 99.4999990301241 96.0000026809348 100 98.9999988014294 99.0000019397518 87.2500062449463 88.4999968616805 95.0000030832189 92.4999956080108 92.2500059611507 91.000006047948 93.499998344049 96.4999958918025 89.7499950087239 86.9999965778867 83.2499988882237 91.9999941807445 92.2500020816483 88.7500044787883 93.4999980602477 89.7499974609635 95.2500061898471 93.7499981470417 98.5000009698759 96.999999487514 93.7500003705917 94.0000012536766 98.4999976028634 100 98.2500015691619 99.5000009698759 97.7500000867897 100 95.5000048493796 98.4999973190666 97.5000009698759 98.7500005992834 99 94.7500020265457
94.2500015691591 98.5000007411804 99 95.9999980602507 97.7500005992849 97.5000009698746 89.250006079646 97.4999990301254 82.5000143911659 97.4999951506268 100 99.7499996294103 97.0000017110541 95.4999939520566 98.9999980602507 99.7499994007155 97.2499991720213 98.0000014272636 97.4999968616801 94.2499982021466 91.2500023103403 87.0000019397493 96.500001198568 94.2499952925227 100 99.2499984308417 96.7500015691591 99.0000019397493 97.9999980602507 92.7499921542088 92.9999948668273 98.7500003705906 80.2500001969935 96.5000011985698 87.0000018212619 92.4999990301254 87.249999858101 84.9999922410029 94.750002594129 96.2500015691583 97.999998517635 87.7499850179131 94.7500008830762 90.7500039662982 96.5000009698747 92.2500134997034 93.4999994875088 98.0000021684427 98.7500008279796 98.2500003705906 99.7499994007168 100 95.7499971771732 88.4999956080137 98.250002767725 99.5000000000005 97 95.9999995426131
95.0000007411808 92.249998147047 96.0000007411799 98.2500013404657 90.0000009147823 100 95.999998060249 91.2499964910856 98.999998060249 90.4999781419512 97.5000048493774 100 100 100 100 100 99.7500003705906 98.5000029096265 99.7500003705906 60.9999476267237 78.0000052599584 99.4999990301245 98.7500013404657 99.2499994007151 100 98.999999030125 98.7499998581037 89.7499957499088 92.9999922409961 95.2499939203607 98.5000009698755 89.7500004890817 76.7500162191888 83.7500110943176 83.749986106256 86.0000017110584 87.4999975477613 89.99999486683 97.4999995426092 95.000001939751 95.7500001419002 94.7499947800307 99.2500003705906 97.9999970352787 95.2500005992845 94.7499989433347 99.5000009698755 97.2499974609646 98.999998060249 98.9999992588184 99.2500013404678 99.7499996294086 99.25000156916 98.7500000867971 97.749999684512 93.0000058192529 99.7500003705919 99
92.5000061030429 91.5000007411812 94.4999970903736 97.4999990301245 100 94.7499958050079 94.4999912711206 99.7499996294099 100 76.4999939052478 100 99.2500005992853 100 100 99.750000370591 100 100 99.4999990301245 96.2499992905228 100 99.4999997713061 98.74999843084 99.2500011117718 96.249996262394 97.2500023103416 98.5000000000004 97.7499972322698 94.2500043051892 94.9999961204981 99.499999258818 97.999998060249 85.7499992271221 88.5000009698755 93.9999973741627 95.2500017978521 98.7500017978512 80.2500008279748 85.2499991169225 86.7499911843214 90.4999936682585 93.9999985727415 89.5000009698755 76.9999669140387 93.999998060249 92.2499988882261 98.999998060249 97.74999843084 97.750002310342 98.9999978315539 100 98.9999990301241 99.2500013404674 100 99.5000009698755 96.750003051524 98.749999858099 99 99.5000009698755
93.250001514064 88.4999968616797 93.7500005992847 95.500000969875 97.749998659535 100 99.7500005992847 99.4999990301249 100 100 100 95.9999922409995 100 99.4999990301249 99.7500003705908 100 100 99.4999990301249 100 99.2500017978527 99.7500005992842 99.7499996294096 100 99.7499994007149 99.4999992588192 89.9999857439462 100 72.2499858609386 100 89.9999924063064 95.9999922409995 98.7499996294096 93.5000087288755 89.9999946932348 90.0000077590005 83.5000027360412 79.7500051648647 76.4999966329897 78.7499767546987 83.7500073884097 92.9999968065749 86.7500013404636 97.2499981470477 94.2499974058686 97.5000000000004 97.7499996294084 97.5000036508081 98.7499996294096 93.4999916100076 97.0000006860804 99.0000009698746 97.9999980602499 98.5000009698751 99.4999990301249 97.2499986595341 98.5000029096252 99.7499996294088 100
90.7500015691597 93.7499986595333 92.9999983440408 89.5000029096277 96.7500042500931 91.7499928402773 94.249994149043 99.2499996294092 98.9999990301236 100 99.7499994007149 100 92.7499958133122 99.4999992588192 100 99.0000002286943 99.7499994007145 100 100 100 100 99 100 100 99.4999992588184 98.2499979183487 86.7499869659236 99.4999990301241 100 91.4999946381301 99.2500003705916 90.4999922409931 96.9999982889433 63.2500030047249 5.25001258497836 95.5000019397514 85.0000060479498 64.7499964359885 64.4999815723577 79.9999872731323 75.5000126083869 89.2500090443694 29.5000203673942 99.5000002286947 92.9999903012409 95.2500064185384 98.4999990301241 96.7500003705912 97.4999951506204 97.7499984308381 99.4999990301241 100 94.9999903012409 99.7500003705912 94.5000067891314 99.7499996294079 87.4999932108686 93.9999925798921
97.4999990301254 95.249998714631 94.0000038794985 91.7499991720186 96.9999961205015 93 98.7499998581054 98.7499970035755 99.4999988014294 100 99.5000009698746 100 100 99.2499986595356 100 98.4999968616818 100 99.2500011117706 100 100 100 100 100 100 99 100 100 99.7499996294103 100 100 98.2499998581011 100 95.9999985727355 85.7499918704114 80.7499959786035 85.2499993456077 81.2499780634722 69.9999750119529 53.4999958367088 83.2499909556416 83.0000029647308 100 95.5000034221112 99.2499996294098 96.5000031934213 96.4999990301254 97.2499984308417 97.0000006860803 99.2499994007156 99.750000370591 93.0000052516464 98.2499976896593 98.5000009698737 97.7499984308413 93.2500097304383 95.0000038794985 98.5000026809322 97.9999961205015
92.750004936178 97.7500015691608 96.0000011985702 82.2499911208993 92.2500015691608 94.0000053067639 98.9999997713057 98.7500029964244 99.7500003705902 96.7500029964223 100 100 99.4999990301245 100 100 97.0000023971378 99.4999990301245 99.5000000000005 100 99.4999999999996 99.7499994007151 99.2499994007156 100 99.5000007411812 100 100 99.7499996294094 100 100 100 100 100 100 75.4999854518677 96.9999982889416 86.5000029096265 84.2500012219723 84.4999835121167 86.249991870409 94.4999951506226 64.499927937144 77.2500197681012 97.000002909626 96.2500027677315 97.7500003705915 99.2500005992836 99.7500005992836 99.5000009698755 100 98.999999030125 99.5000007411846 95.2499959234933 99.7500005992845 91.5000080428 94.9999971454788 87.499999140345 99 100
96.2500044236902 90.4999893313697 96.7500003705906 94 94.7500001418951 93.5000022235435 97.2500003705893 99.7499996294099 100 94.9999970903722 100 100 99.7500003705906 100 100 100 100 99.4999990301245 99.5000009698755 98.9999990301241 99.4999990301245 99.7499994007151 100 100 100 98.7499986595326 100 99.2500015691604 100 96.4999932108716 100 100 97.7499988882291 90.2499947800324 99.499999771307 90.4999966329883 96.2500053935614 76.2500015140577 93.0000149504225 95.2500035089105 98.4999990301245 99.7499996294086 94.4999970903735 69.2500561357893 99.5000009698755 99.4999999999996 100 100 100 100 97.7500001419006 99.2499996294081 97.4999999449 98.500002680933 98.9999990301241 98.4999990301245 99.0000002286926 99.5000009698755
99.5000009698751 91.4999970903748 95.2500006543809 99 94.4999959468983 96.9999978315564 93.2500056773543 91.0000058192504 99.75000037059 99.500000969875 100 99.74999962941 100 100 100 100 99.4999990301249 99.5000009698751 97.749995978605 98.2499996294092 100 100 100 99.5000009698751 99.7500005992842 100 97.5000039346016 100 100 100 100 99.2500011117724 100 100 93.5000088390851 91.5000014823645 94.9999980602499 99.0000014272623 93.7500056773556 99.2500005992843 99.500000969875 99.2499994007166 98.9999990301245 100 88.2499968299892 96.5000067891254 0 99.4999988014306 100 99.0000019397501 100 98.7499979183512 99 96.2500000867969 95.5000048493753 99.2499991720253 95.4999951506247 97.7499998581018
94.5000064419405 98.7499970035723 99.4999990301241 95.2500047074838 100 99.7499994007149 100 98.0000017110576 99.2499991720185 98.0000019397518 98.9999978315539 100 86.2499908922194 100 100 100 100 100 100 100 100 100 99.5000000000004 100 100 98.2500003705917 97.750001569161 99.7499996294096 100 99.7499994007153 99.7500005992838 100 100 100 98.7499979183504 99.4999997713078 94.2500001418991 100 85.4999887554736 99.4999990301241 99.4999990301241 99.2499982021472 100 98.9999990301245 98.5000011985685 99.249998659532 99.5000009698759 0 90.2500096119592 98.2499996294083 98.4999995426178 99.4999990301241 99.7499996294092 100 96.9999997713065 99.4999990301241 100 99.7500005992842
