Data/Covariate_Data/Formatted/All_data/1deg/Relief_1.asc
NCOLS 83 
NROWS 51 
XLLCORNER -155 
YLLCORNER 22 
CELLSIZE 1 
NODATA_value -3.4e+38 
[rows 0 to 22 of 51, columns 0 to 52 of 83]
-339999999999999996123846586046231871488.000000000000000 -3.4e+38 -3.4e+38 -3.4e+38 -3.4e+38 -3.4e+38 -3.4e+38 -3.4e+38 -3.4e+38 -3.4e+38 -3.4e+38 -3.4e+38 -3.4e+38 -3.4e+38 -3.4e+38 -3.4e+38 -3.4e+38 -3.4e+38 -3.4e+38 -3.4e+38 -3.4e+38 -3.4e+38 -3.4e+38 -3.4e+38 -3.4e+38 -3.4e+38 -3.4e+38 -3.4e+38 -3.4e+38 96.6615429813454 253.704973947949 301.754630512927 270.355926218266 172.936307001391 317.113069614904 257.875459246115 288.322221657045 273.67169409229 328.758965330834 269.075680689957 294.530425546562 255.636680370499 369.414813898127 478.719083420803 508.923211641364 419.71431009861 147.090277149117 234.909360343473 152.181492696608 115.709772512883 0 -3.4e+38 92.8930757965467
0 -3.4e+38 -3.4e+38 -3.4e+38 -3.4e+38 -3.4e+38 -3.4e+38 -3.4e+38 -3.4e+38 -3.4e+38 -3.4e+38 -3.4e+38 -3.4e+38 -3.4e+38 -3.4e+38 -3.4e+38 -3.4e+38 -3.4e+38 -3.4e+38 -3.4e+38 -3.4e+38 -3.4e+38 -3.4e+38 -3.4e+38 -3.4e+38 -3.4e+38 -3.4e+38 -3.4e+38 -3.4e+38 28.7093252249253 241.108624889923 607.346758095596 577.23988294772 362.665622953972 342.287674895647 38.2878186640749 351.969500211059 345.910124080327 449.801682349633 475.924807153167 328.000660673785 295.374110600719 409.944018863008 284.815468460379 242.785697601371 341.779100382425 147.225752989353 166.95290690059 58.7861211831175 87.4622452569591 84.9293351657958 -3.4e+38 -3.4e+38
58.129451374385 62.1517810858712 54.5562645602722 41.2001053146177 103.268296849361 103.421526779751 41.9090506519026 39.3211899381746 35.518828424664 17.2395477215525 0.0718811602760105 23.4749917372031 5.46400810243172 -3.4e+38 -3.4e+38 -3.4e+38 -3.4e+38 -3.4e+38 -3.4e+38 -3.4e+38 -3.4e+38 -3.4e+38 -3.4e+38 -3.4e+38 1.11022302462516e-16 3.88475661881439 59.4457728460048 111.391734665132 -3.4e+38 7.73941833320584 19.4181027518706 -3.4e+38 -3.4e+38 -3.4e+38 -3.4e+38 -3.4e+38 162.081190039524 381.914406794542 513.900548601316 435.925777228035 438.520633957774 341.229757520846 316.970487048965 270.024466002801 243.425412018279 163.033414512784 107.170173821072 120.378142101123 101.448134603775 131.864987399779 137.1857360453 86.1301626399764 59.0374394737673
332.782745082564 259.568694522327 319.618925934235 311.322715509405 313.978462181246 449.121067033853 537.170668278212 1109.90374332332 1655.84856553056 1817.53738576701 2269.32424552074 2093.23864374109 1805.00595513374 1988.09356829259 1330.05966928124 963.563828871234 215.634924991987 3.16114820846225 0 5.06339459799579 49.3759321479281 55.5121319493089 54.9837901689324 81.8586470614717 71.986401945102 284.867548689849 298.464874211006 310.210445331458 360.583903343936 299.783311233762 306.337188265426 370.240070549715 708.903289026737 830.583091029574 732.916268445491 589.411598298431 213.138013801526 122.605877062041 262.656891260991 312.094808001136 391.186096084538 396.452936942858 310.649034025744 240.996570279227 100.472867625343 124.94028932976 182.204032843132 203.263916804933 144.691681477675 174.81355883048 141.532234579007 97.1409391590866 61.7467294735951
1587.42136419004 1364.83778661874 1383.91195174109 1486.62131198366 1453.95626758472 1415.52076159687 1640.7322910612 1394.44333413477 1110.30737827628 1302.9383655968 1163.19325736722 1394.17480090859 1175.90768818581 859.131756247926 752.545045056362 705.046707482762 738.427606463011 1115.34276166237 1138.58190261608 757.827277310109 171.380158814495 227.27515909056 278.543590260245 258.386836198346 281.456583528257 241.407330837814 226.066738736904 243.481367081825 186.268224061671 147.245536160696 285.484882614205 327.839826721701 310.141235091113 349.882731267268 247.805713049461 328.723887784236 441.411656192091 268.160132782757 303.412203193802 254.873678559906 91.483724857124 91 163.804961022176 176.174744446301 148.475703370429 163.604114271531 114.641790385465 181.988537589806 184.169266151116 166.985627728803 79.502550867321 89.6406887053459 57.6754835258266
1627.33170123565 1410.1334968389 1003.21591030498 1218.72221091809 1302.89367063492 1164.42623511706 1243.43553963509 1026.74896533835 965.310385387986 814.688170906982 741.352242800202 682.839512393969 459.344086240817 860.910318483346 480.476077654698 656.6610624187 487.716208329599 917.824023354524 1049.66946938041 1102.77323434468 288.156189727051 205.388914791428 269.31952780015 357.655811361511 401.757080611678 245.934588988059 211.570389146488 176.820539906224 332.280296417353 334.71414478655 272.306785028366 156.443095077338 243.637420945583 351.264333399841 429.622445950277 559.081474431833 294.864504320038 585.76344167872 587.195180883796 570.289012787224 548.836010842446 528.395539268796 463.675088317509 457.278609062924 394.756276325924 399.950106066666 340.891393247317 248.867995266739 189.24788250279 171.508001862728 188.00685569614 174.052216517607 144.266904491206
518.919762348543 685.219856868124 464.670270034318 558.012851151788 928.759365698689 1150.13525311393 979.904079698992 364.804445297122 169.622238636133 130.723001075186 106.769288234337 257.778834816378 470.278653073305 745.719585373653 788.268003286118 854.200639901156 479.465233610281 312.868344181873 646.309135267101 1024.84098988492 636.566465189341 299.888552333135 311.115145881006 278.841137168989 329.880566733883 327.066276812754 286.522098954067 485.643045792028 426.250173251879 272.185060499468 250.194505248607 327.236856943869 439.550299770676 421.000327809796 43.7179604509839 277.945120972365 400.664821323467 539.86812180733 347.243242296019 296.09016105334 287.774329737445 203.112965829735 260.564080987293 222.668079400197 310.316178025819 270.654373976872 528.836520291966 463.133426881717 292.537925934408 139.044802867792 127.984345269247 113.225181161021 132.184283407116
892.615528642702 857.222034604401 699.439062798173 1118.74978351845 1026.48413030575 821.291873076943 539.202007347044 964.961632154403 998.19761596992 933.097634726968 1247.0079454864 1126.04291025009 684.09801084116 974.937550203811 952.502999858879 903.724173117164 896.991046576261 1073.75592734518 1117.13405175252 1233.62870917661 1347.70282342257 1554.53149798167 1541.27296279107 1725.1814741429 1752.46877912695 1460.52796299859 1446.02940841591 1208.07167438528 806.34933893238 383.808614960134 264.626037973342 359.627308474074 401.466983879298 463.502831525817 462.850664706164 326.150279684307 266.216975503305 226.960385887145 168.146169688362 116.062842356698 146.37887388846 158.230541743796 170.68798585207 147.700995330463 120.793274397072 153.855797440172 126.151882092188 151.06593587948 151.398859809727 135.417046801465 133.392064814191 93.863744193091 97.2603391083477
766.751405347797 542.18706794518 467.579947174318 653.704597598099 313.332821292552 581.423716563954 936.209078530017 1050.77227254238 678.741760695694 864.690254488606 1062.85976406503 908.96445242208 1061.73803495836 1295.25607844735 1256.38049158606 1389.46851427992 1541.42126685351 1005.61818750048 1015.00119675286 1152.2461875678 1091.11496528224 1348.1055595748 1247.61637054238 1465.02796407332 1188.58949923576 1406.01265083473 1310.90219200083 1639.01851850796 1480.67313336169 822.737794963007 799.88935206076 773.759453005187 340.929537587337 167.973274127643 370.845340582038 337.600820173686 314.705186216042 200.594124565173 124.310109016905 169.131088670584 190.090909670342 111.377364678504 107.791180564112 79.9075593919551 89.1645934610645 88.4638636725414 111.194141639587 91.0644441316995 93.6597244966205 160.294284740853 159.56498210677 203.736772403552 186.786704083859
923.510296791317 506.04054956632 580.187357379434 3593.98471304766 3620.35373724767 1539.32931445688 1218.70290121766 2113.71538785565 3090.18383195751 1902.69308186658 2295.90238274184 1296.65894955427 728.586844035942 680.048918039554 1115.3177203674 615.593260969932 723.622103393173 1146.66583585145 1036.14849891088 1159.0019963143 927.273890440443 1191.38237119563 1141.97753014068 1293.43977838988 1277.08836094716 1027.25187033508 1042.24910237448 1320.51593953052 1357.70220272322 1018.33281211844 738.28605832537 838.393535928317 354.226429989802 302.162470073438 187.413176355159 408.054750950825 411.307091368678 117.618400346696 187.048798838062 182.1309236053 129.12185840014 162.436351270993 133.339016417231 57.5327929862761 70.2826032246996 111.167950946278 73.9276223974006 71.6321693655424 74.6168206958906 79.0474136318236 199.575155449141 229.332275971255 227.506709131537
1593.18386577891 1508.44445093015 1891.54550560756 4013.75639726034 2329.85659741371 1739.25918082948 1630.51356400006 1119.86285691989 704.19228583087 732.57214783084 3361.84669461231 3003.67003415844 2006.81469356279 1702.65104707482 1190.11797077923 893.311751189581 976.73503172566 1186.0492350125 973.005681743148 959.096903430651 1146.21525497852 1048.1241869466 995.603247787475 978.001698619893 903.640431021335 944.677585163686 1270.04510289942 1654.08944944415 1396.53748478057 1259.28245636757 1079.53592713369 935.22895384935 508.776840667077 275.504525202917 575.295852552212 593.101990801554 529.279344668279 191.777402688211 142.396431865815 74.5373446389655 128.568511570138 165.930727961957 260.717075882628 268.204787359553 261.835922787872 255.927907520147 247.569663513396 87.1420788634672 77.6604067664924 143.057495482854 169.726739598385 131.78323405171 106.878670915344
1649.57546634003 1768.62781745276 2602.31129615935 1329.10988406137 971.475042123298 1755.76831201717 2415.48429707207 3673.54649695767 2303.5952409306 1505.18966115819 2981.3358942637 4129.66784678382 3220.62475136398 3253.27284496615 3143.71666293844 2379.74074372536 1400.08709265884 1089.03698632293 1039.4512137775 848.542472689888 1048.33115234084 1134.52074109785 1080.25780702345 965.320249610703 979.004928416788 1070.88649358994 1232.16061656278 1553.8412114094 1289.81778122343 1132.50360696931 1264.89431218807 913.363809256016 447.637227265166 365.219082644259 571.350157325546 662.3543620894 180.145662862476 118.017820727315 86.6077393270455 83.6373301067069 23.9153914724757 5.55673579580539 90.0190863358563 175.663013533771 92.4167271028344 112.257618307544 159.323333410281 120.491557394498 96.8395177742659 61.2533063803098 54.9729107304932 119.172263928612 111.534549159118
956.907555552369 1631.67073010192 1754.1857821097 606.041887744649 1506.28114839342 1363.73326445242 1536.97180815009 691.597713078247 1341.03918931897 1644.86988456881 1586.75868099017 2294.53484232196 2137.16434750867 3005.95645738829 3555.33343784917 3885.06071562703 2165.86387237394 1437.23036872271 1345.47203577174 1314.38583499881 1068.70906369745 979.227608169947 862.720692576163 843.747862066748 938.1220403129 1004.31437827967 967.68676146031 866.139448751666 723.785384380732 901.636919777655 1266.80064449959 1129.15346709793 462.626750349239 274.475706872034 427.659521334188 399.755094487152 423.600954040185 632.538461244026 166.432363467492 137.607618981101 141.763919993227 134.103730556924 76.8711347257587 129.388528970952 116.750865219543 139.874728026342 112.858022786571 115.848714594352 84.3309790924662 102.779288887817 121.018258987846 145.033872812857 78.8457287120692
1038.40404225457 1061.29679824188 592.486149723613 1000.23348289613 1596.03921499346 1356.33168169188 490.844225425023 406.260263657383 -3.4e+38 -3.4e+38 54.1752745602952 -3.4e+38 -3.4e+38 263.416472794228 492.083402508419 1357.47057852708 2044.22243835287 2399.10182437696 2059.88365639198 2019.78429379061 1638.19643932745 1430.57448289932 1132.3046516226 985.138576702372 906.305633821177 1298.30543338944 1154.92623781116 649.754156019145 1396.16590982065 1335.65389624826 994.332287715234 610.31181577799 429.171259636441 309.678312322383 317.449058560993 401.96166564224 438.065602631109 415.309845494246 559.340527952183 692.320882015257 640.80266740136 466.47291664444 138.803595739577 86.3989114728385 167.955651519476 194.285775408184 247.616250389116 258.085680513077 264.62068424124 265.526217692193 182.985769579973 104.547846374135 100.749691082822
1527.92596477902 1575.50566509797 415.603231342161 0 -3.4e+38 -3.4e+38 -3.4e+38 -3.4e+38 -3.4e+38 -3.4e+38 -3.4e+38 -3.4e+38 -3.4e+38 -3.4e+38 -3.4e+38 -3.4e+38 0 3139.76711575998 1324.28898170802 1291.52784583847 2027.76120579387 1860.65167314148 1906.85147714272 1187.18004970752 1474.4609237797 1052.12307949387 1070.7996370877 1382.92504262699 1462.95202636431 1674.42001067422 1754.57746291401 1053.21648194723 586.271756392467 224.699407962367 304.948555178329 411.890142454191 341.754297319593 395.739759707452 627.388824479469 682.329200401441 688.139317688715 312.855295874115 547.33705762691 89.5468981783862 170.765211302296 268.54407000902 227.051108461913 203.951180787961 248.406890725457 246.227717323318 203.89259181436 105.03020654118 132.522251003219
604.366694776979 991.501134384196 733.597673968687 -3.4e+38 -3.4e+38 -3.4e+38 -3.4e+38 -3.4e+38 -3.4e+38 -3.4e+38 -3.4e+38 -3.4e+38 -3.4e+38 -3.4e+38 -3.4e+38 -3.4e+38 -3.4e+38 -3.4e+38 749.050127815134 1158.2020601566 908.850938232127 1524.74253506382 2293.9192870323 2142.76362590268 1673.97999899213 1206.10697013498 1133.9033161969 742.618035577023 1112.86438890482 1308.68108360273 1540.43037680896 1431.40255121916 1185.38494390962 504.93651041124 452.08826367738 398.6726210238 555.278273953622 571.833178112603 515.791258849513 533.178254020532 489.883829941466 502.825896823079 428.669922905052 590.677045983589 374.793629445216 158.655347532289 90.943937783752 170.884059038129 206.546635254938 148.570649771179 135.44215083809 125.840223565457 99.3131322956599
131.78417199093 180.311879193948 -3.4e+38 -3.4e+38 -3.4e+38 -3.4e+38 -3.4e+38 -3.4e+38 -3.4e+38 -3.4e+38 -3.4e+38 -3.4e+38 -3.4e+38 -3.4e+38 -3.4e+38 -3.4e+38 -3.4e+38 -3.4e+38 -3.4e+38 700.379599486755 1059.92008181194 438.240383686767 1658.87088195816 2181.34540051496 1902.02455953121 1877.51941038759 1300.06015531825 1464.91676248219 1130.44125457966 1175.49485611637 1216.77143136244 1328.00869741147 876.136445791787 488.51878838479 484.77023752089 586.42050527143 620.468435499676 443.396946734138 246.034843567308 322.797322180086 294.306899147547 203.344848807325 213.788227272125 474.837052652969 355.659120455207 220.943337317553 55.7826463618629 124.683960341816 179.624094909477 159.17567396294 142.139960879753 116.442287303899 76.3248434260713
-3.4e+38 -3.4e+38 -3.4e+38 -3.4e+38 -3.4e+38 -3.4e+38 -3.4e+38 -3.4e+38 -3.4e+38 -3.4e+38 -3.4e+38 -3.4e+38 -3.4e+38 -3.4e+38 -3.4e+38 -3.4e+38 -3.4e+38 -3.4e+38 -3.4e+38 -3.4e+38 111.458200473649 431.055469517737 592.076122330571 833.524227968098 1546.28711151911 1761.93757108516 1423.55202259202 1669.60951217996 1117.01596273024 1084.34162411494 1084.20208099859 1064.42591138413 1158.45907796834 1219.49447563501 599.225444749717 307.753239787134 444.977508028054 495.761390041127 241.887583838828 493.022275784399 406.91322057981 368.278280625916 337.258001298657 192.22503897886 268.759240200201 284.342185329497 209.892203770339 127.647072204078 118.880995385814 167.477012418095 158.213179322463 144.883582239375 119.615195686344
-3.4e+38 -3.4e+38 -3.4e+38 -3.4e+38 -3.4e+38 -3.4e+38 -3.4e+38 -3.4e+38 -3.4e+38 -3.4e+38 -3.4e+38 -3.4e+38 -3.4e+38 -3.4e+38 -3.4e+38 -3.4e+38 -3.4e+38 -3.4e+38 -3.4e+38 -3.4e+38 -3.4e+38 270.311896807131 282.816044075352 13.1007543567638 806.183332433881 1679.80743616461 2000.31862034218 1661.31996075092 1051.98577370471 952.754708990751 896.53450708219 676.238839421279 937.747740725654 1537.5957491438 1517.8600698664 1460.43249733605 866.566118146629 623.775223703563 422.192813254847 669.645294953338 276.387066743822 145.067393036697 171.804770665883 217.970328035085 209.307219665435 197.911880167235 286.084530573793 112.842657872547 245.651259179619 285.996518704746 367.334291170781 116.430924220141 102.06625595325
-3.4e+38 -3.4e+38 -3.4e+38 -3.4e+38 -3.4e+38 -3.4e+38 -3.4e+38 -3.4e+38 -3.4e+38 -3.4e+38 -3.4e+38 -3.4e+38 -3.4e+38 -3.4e+38 -3.4e+38 -3.4e+38 -3.4e+38 -3.4e+38 -3.4e+38 -3.4e+38 -3.4e+38 227.03735476767 603.849823202067 479.609071065865 459.624221764452 1305.21082446651 1869.64159700773 1710.03218436937 1107.15014780887 777.941927913428 913.418695086011 757.285499621197 894.215209677872 1184.20001221828 1870.04709373923 1803.78321799808 1337.00561102391 1185.26448915782 682.223954339908 527.651388298886 266.784220569131 273.704072648224 187.085100642342 200.221709305467 160.827588763148 178.654469194958 256.761898588299 289.689636728114 261.534979861301 167.617609205496 229.251367928102 321.164617283519 530.319227918661
-3.4e+38 -3.4e+38 -3.4e+38 -3.4e+38 -3.4e+38 -3.4e+38 -3.4e+38 -3.4e+38 -3.4e+38 -3.4e+38 -3.4e+38 -3.4e+38 -3.4e+38 -3.4e+38 -3.4e+38 -3.4e+38 -3.4e+38 -3.4e+38 -3.4e+38 -3.4e+38 -3.4e+38 -3.4e+38 472.189085189439 731.543170308042 -3.4e+38 306.986902873616 975.265318712776 1829.75365821702 2009.91848911933 1470.14281698343 973.191769814972 701.050648013239 868.47378603895 1156.82686937709 1736.37094612989 1810.86732474842 1926.6606064138 1875.90154180015 1464.5151346328 952.987668084593 316.013413702831 255.113708277695 227.837549515403 270.93278242335 241.887496742415 204.751346361889 254.973905262672 275.394347272156 111.621405487533 185.449468908206 176.685893392057 241.815827111325 331.501234306161
-3.4e+38 -3.4e+38 -3.4e+38 -3.4e+38 -3.4e+38 -3.4e+38 -3.4e+38 -3.4e+38 -3.4e+38 -3.4e+38 -3.4e+38 -3.4e+38 -3.4e+38 -3.4e+38 -3.4e+38 -3.4e+38 -3.4e+38 -3.4e+38 -3.4e+38 -3.4e+38 -3.4e+38 -3.4e+38 -3.4e+38 -3.4e+38 -3.4e+38 -3.4e+38 113.666953658068 1632.77071907419 2299.99661884511 2467.94416678657 2567.95717591179 1902.74595804522 1950.47323872661 1094.69304234284 1619.58881144381 1668.38397212284 2183.01011241685 2284.21039337885 2045.44484699701 1356.63474381895 677.970211015356 331.094687161009 289.677520851538 152.367909353963 149.316136754068 163.913783387273 161.083678395007 213.817354473581 187.561122381425 157.465585656609 222.81079171159 149.077229986187 129.800048017711
-3.4e+38 -3.4e+38 -3.4e+38 -3.4e+38 -3.4e+38 -3.4e+38 -3.4e+38 -3.4e+38 -3.4e+38 -3.4e+38 -3.4e+38 -3.4e+38 -3.4e+38 -3.4e+38 -3.4e+38 -3.4e+38 -3.4e+38 -3.4e+38 -3.4e+38 -3.4e+38 -3.4e+38 -3.4e+38 -3.4e+38 -3.4e+38 -3.4e+38 -3.4e+38 439.595708397186 987.270204564704 1281.01517542687 1900.18585560948 2585.07840120646 2236.05310295868 2000.98193523557 2249.29912278053 1347.31644957476 1354.12438095859 1913.6473834978 2062.33747581676 2515.00644875899 1878.73234850393 1430.14710620243 529.146621633368 300.658897268384 185.588291397848 218.81547206274 198.719930065499 318.766593986974 322.441954293011 184.994749671491 286.519781687023 183.950305212958 219.761351275066 225.090068129868
