Data/Covariate_Data/Formatted/All_data/1deg/WC_Temp_1.asc
NCOLS 83 
NROWS 51 
XLLCORNER -155 
YLLCORNER 22 
CELLSIZE 1 
NODATA_value -9999 
[rows 0 to 23 of 51, columns 0 to 54 of 83]
-9999.000000000000000 -9999 -9999 -9999 -9999 -9999 -9999 -9999 -9999 -9999 -9999 -9999 -9999 -9999 -9999 -9999 -9999 -9999 -9999 -9999 -9999 -9999 -9999 -9999 -9999 -9999 -9999 -9999 -13.3860329093303 -13.4216675295116 -13.5084132420143 -13.4517023084462 -13.5162079019839 -13.5701578386131 -13.5894771819189 -13.7228079189738 -13.9159169721692 -14.0320783397727 -14.3212854762639 -14.5798035100179 -14.8510410705668 -15.1321944035606 -15.408867598455 -15.5139424659598 -15.6296536071631 -15.6276224007654 -15.7137049868521 -15.9806476944719 -15.9439848790706 -15.9691240405009 -15.1612106600147 -15.2091512117059 -16.6652793318122 -16.6557184844552 -16.7447610320918
-12.0694416030519 -11.2428866148579 -11.2836153322325 -11.0852205776701 -10.9643769901173 -11.2074534188883 -11.3192540729831 -11.4769813077373 -11.491335407609 -10.9957216830522 -6.83230582946074 -11.4527896999561 -9999 -9999 -9999 -9999 -9999 -9999 -9999 -9999 -9999 0 -9999 -9999 -11.0226266728897 -11.2406792399429 -11.395348652446 -11.4505762562197 -11.8447749701535 -13.2076088347405 -12.6176748814937 -12.4717491936742 -12.4301096453261 -12.4880520696817 -8.87784449109181 -3.89829426633374 -13.0892160938218 -13.2287500975541 -13.5276230427141 -13.822543049725 -14.0745392584285 -14.324891655852 -14.5605485938421 -14.7954652439674 -14.9560157726766 -14.9942707387759 -15.0404331780237 -15.1601541440732 -15.26151074613 -15.5189481072419 -15.0431933935578 -14.6526239591863 -15.3642834050983 -15.3257528652831 -15.8299411204957
-10.9415246015664 -11.217542700657 -11.2600541542394 -11.0671929482399 -10.9481427642752 -11.187406415819 -11.2967977447313 -11.4489573196688 -11.45354780424 -10.9674043509529 -6.89516137306874 -11.4283268635019 -11.2948968864093 -9.97656079859626 -9.62507857473082 -9.68948365568446 -10.2084078460264 -9.25164377718574 -4.36157834559095 -9.82574989932592 -9.89874198331552 -9.90768735515637 -10.0199846409115 -10.2457029395363 -11.0037631177003 -11.2151238585995 -11.3690706711005 -11.4241914792511 -11.0571751857154 -10.3732138233029 -10.6308115321061 -9.67663214224226 -9.86962235126259 -10.184951850847 -10.1210708011474 -10.5863903006465 -12.0002135190533 -12.3230687870786 -12.6410096926815 -12.9605762033899 -13.27103541097 -13.5505743279635 -13.8252637660017 -14.0100606671602 -14.1141502875768 -14.2822270493927 -14.3862834954919 -14.4829955146814 -14.6126128145999 -14.9278219237218 -15.2510754243422 -15.3145838792649 -15.350867615091 -15.3176424372698 -15.2540385327024
-9.8473676527433 -9.99185160793453 -10.1241561915608 -10.1873765200647 -10.1552698779299 -10.2097739568129 -10.2076268836108 -10.1015977394176 -9.6672872887006 -9.62295985422291 -9.79730514176791 -10.2558623901833 -10.1321318493973 -9.96149315626536 -9.62760800590426 -9.68330895346567 -10.1797014926483 -9.24410532821381 -4.49174756198892 -9.79756086393466 -9.86755899762838 -9.8752880629516 -9.985944078556 -10.0505456937427 -10.0846332024895 -9.98657633327303 -10.1061114887347 -10.1598767414069 -10.1592420429178 -10.1348393050265 -9.98282044947953 -9.66292414630333 -9.86125286660498 -10.1737314603859 -10.1185032037411 -10.0452415125902 -10.2934972756832 -11.0665110043112 -11.777662074015 -12.0437252387938 -12.3562120502552 -12.5937899096942 -12.7801794033466 -13.0275569300232 -13.2531901219703 -13.463215288378 -13.6679915562054 -13.8665551827694 -14.0405431252546 -14.2054682922021 -14.39997744503 -14.5453400631024 -14.7103798162856 -14.9190688889023 -15.0012553171958
-8.40110696516868 -8.44387699541884 -8.79500613912679 -8.79459357470942 -8.86142505988194 -8.69382012147438 -8.72543150425852 -8.66789287163646 -8.76552661809819 -8.73934797322464 -8.84781743729637 -9.11945341846261 -9.21392547233497 -9.41629060448051 -9.67835220152379 -9.46114189001094 -9.21433705644145 -8.97435050098352 -8.7605302917318 -8.82871713215736 -8.8017222661132 -8.76907107485038 -8.8201986353213 -8.77801169941445 -8.71645237717022 -8.70432089895664 -8.7995969875228 -8.97127799632799 -9.07370747855192 -9.06254146787125 -9.06435301598162 -9.18254368873656 -9.54977701594616 -9.76523706065763 -9.99624787663826 -10.0124534854436 -9.99924227963816 -10.4543553412913 -10.7484954147991 -11.050123059112 -11.3445967962057 -11.7424012864598 -12.1689550797371 -12.4919548887365 -12.7862417064362 -12.9663787615754 -13.0676069531828 -13.082760352598 -13.1071973195474 -13.204389859994 -13.6061465746947 -14.0149098960286 -14.1631455330429 -14.1994827533326 -14.1997615811827
-6.47831208821856 -6.4906012744951 -6.76929322570793 -6.64732274255479 -6.40125426320477 -6.52986611501219 -6.79336846456147 -6.91726565958956 -7.05862870550647 -7.07769631314604 -7.24856734973612 -7.43929609338759 -7.80155129678649 -8.12644688553297 -8.76298815095318 -8.94906258193502 -8.72781375788377 -8.42247775739535 -8.05011417946125 -7.81373390918743 -7.83081860226796 -7.79350853352438 -7.70665504552998 -7.59259038619181 -7.52810839961243 -7.66242800131828 -7.7583677172182 -7.88423654547869 -8.03936744551682 -8.03295098182632 -8.1698594942794 -8.41697720347734 -8.59584783893707 -8.73626826313412 -8.97655804447474 -9.18624001188596 -9.43346366745498 -9.62060303589661 -9.86573865850487 -10.1912046027014 -10.5393857903175 -10.8254358151655 -11.0337913984469 -11.2203399704267 -11.4799321062728 -11.5941160931744 -11.6683605415574 -11.9456505180422 -12.1543836307504 -12.4327640682512 -12.8168035783996 -12.9969874927821 -13.0812192264847 -13.1988450007361 -13.3914293928357
-4.60190656410308 -4.99980574248299 -5.27624732214617 -5.1927858509515 -4.97490940889642 -5.07240986907972 -5.14248606352793 -5.45072410856674 -5.86889048539648 -6.00822443176706 -6.23264513898768 -6.35537825815549 -6.49163087761296 -6.63802111376897 -7.02379156638836 -8.0142677276704 -8.12693784249371 -8.00297377037686 -7.42585490670925 -7.10579569160634 -7.07631831350712 -7.07730059212243 -6.97438828872042 -6.89181687939533 -6.75622866634561 -6.75081991804104 -6.78793689423936 -6.79135534176129 -6.913649261566 -7.12053707906625 -7.21405580161023 -7.27336085807274 -7.38122438575338 -7.51402349444316 -7.58237878552078 -7.71046212741172 -8.03736416501344 -8.46625333698249 -9.13139759145419 -9.62758567521813 -10.0306228238341 -10.3215040693778 -10.5951560053582 -10.9570641744047 -11.1149219641389 -11.1407949225742 -11.1029831843251 -11.1473588198462 -11.3571517824837 -11.7864908647212 -12.2994563098586 -12.5623997896025 -12.7298517801613 -12.9170081016924 -13.1148031017864
-3.56320247391597 -3.91306185838135 -4.07169511537261 -4.15545904750309 -4.36310473755709 -4.1593613268624 -4.06524948392901 -4.27957640949527 -4.63142579302889 -5.2553169127312 -5.59190380182145 -5.75569645046291 -5.63387835628772 -5.60134822600813 -6.37079099855785 -7.39612281830865 -7.35491012883701 -7.09552350223879 -6.76948045569505 -6.51635569153046 -6.36118419138679 -6.48772032505615 -6.62662402773189 -6.57146878347495 -6.47872735705784 -6.41424608511888 -6.20995262282524 -6.07569799459426 -6.01964014528262 -6.11078698877565 -6.19322436957744 -6.25789772875424 -6.36348437660569 -6.45370493641 -6.57617977399338 -6.69557081935645 -6.91042494940053 -7.32302271862461 -8.06078861204733 -8.75840956727394 -9.20907256599748 -9.48741525250324 -9.84089738454949 -10.1591210043587 -10.3779150043097 -10.4999601607254 -10.5175518485095 -10.505050075497 -10.6049355347055 -11.1627061146562 -11.7278117980009 -11.8062146476312 -11.8935571252222 -12.0902497884234 -12.3108880436659
-2.8959371648392 -2.94712379350572 -3.31883232719472 -3.45982083511286 -3.46051345771255 -3.20811214659359 -2.94153495800762 -2.99146902364562 -2.93020332465264 -3.36451083016234 -4.0623172713595 -5.29272062169547 -5.64102244480294 -5.36123403258661 -5.31563962322801 -5.78959224759794 -6.29201705421376 -6.37426864591635 -6.32565491215136 -6.21422703571603 -6.05690449830931 -6.1674654438596 -6.4376403324011 -6.74607693211062 -7.07738128951451 -6.92369166003908 -6.75953638633671 -6.46875335412676 -5.74620056511605 -5.27505838175734 -5.23071183236826 -5.54475395765459 -5.43856370050748 -5.43507084016707 -5.70318358312516 -6.05394746029244 -6.13529146455822 -6.28681707510404 -6.79369791423908 -7.3781023230128 -7.97776014999931 -8.45939969659977 -8.76422101244503 -8.99651091736642 -9.18207237186756 -9.36118696248081 -9.49434966581012 -9.61221380357673 -9.82077242616042 -10.3896901687565 -10.9724144914857 -11.0673255808786 -11.1493831766503 -11.3253505820928 -11.4936325081638
-2.37732639653405 -2.47337779098522 -3.06056956701558 -3.51409748693983 -3.4076218450737 -2.98838072189814 -3.32363447832563 -4.21549303428011 -4.53197822168398 -3.95788631094234 -3.87650867023064 -4.24503519110657 -4.96911778710806 -5.03810196783691 -4.88115306650476 -4.60393455321282 -4.44600012104264 -4.39554560467574 -4.36622759363657 -4.33455518374252 -4.39382951035038 -4.43521537858111 -4.84020920812125 -5.6036289153002 -6.31943302023969 -6.68295109886382 -6.70399781948464 -6.52009750076925 -6.01040151234208 -5.46645399196907 -5.05165762403219 -4.88915532729657 -4.91160413797953 -4.86982148644021 -4.97348228796825 -5.11316671273606 -5.20756231964903 -5.34610852179325 -5.64628226467277 -6.05529421059374 -6.51262407485422 -6.95476935791544 -7.45027464282831 -7.82673764602075 -8.02103236335225 -8.22546855765884 -8.41961420611397 -8.6257451352544 -8.86575399055655 -9.37937283313371 -9.97637136231571 -10.2536982751484 -10.5016289883321 -10.728853341321 -10.9707282690517
-2.22829348893281 -2.27948700649515 -2.46195784615023 -2.30006168355399 -1.02304488259543 -0.995244748836052 -3.09178834024883 -3.68956126937663 -3.54409863673026 -3.21794455752212 -3.61848527542396 -4.22906815528091 -4.6882366212955 -4.88498436545035 -4.56355531715761 -4.33793333562207 -4.13438545129635 -3.99324306378177 -3.4251576243283 -3.1695603842048 -3.40794642376601 -3.71858088479298 -4.1153535786964 -4.5303624743615 -5.07788440865286 -5.74867594487188 -6.18995309087385 -6.34638045216555 -6.1958108538144 -5.72808415290845 -4.95384079648323 -4.31507866686981 -4.04193737256758 -4.03293808953845 -4.14112821091712 -4.32513012100747 -4.25797702883696 -4.28191104717891 -4.50123374070328 -4.64916402332238 -4.89658161091179 -5.24949331056713 -5.67740961070322 -5.99837745909151 -6.21340086551352 -6.66115055662057 -7.22066231364682 -7.5874358055437 -7.81454301175359 -8.3209186815191 -9.00169785002676 -9.37602997096991 -9.59932916560732 -9.88092287906677 -10.2623889967836
-1.7772830120352 -2.53363678673122 -2.17597702461425 0.593928827813777 1.23559277838046 0.402843888183356 -1.83108188929272 -3.17314454183849 -2.84746618050354 -2.48561429341756 -2.63042829142819 -4.02161495794239 -4.34259710883588 -5.47711498328673 -5.3149871771916 -4.33512157650936 -3.85906891448116 -3.64411199041795 -3.12846784536199 -2.36387763713734 -2.56330793526878 -3.65952887355533 -3.72063094840428 -3.94549323713975 -4.33890910778538 -4.56005908275436 -5.15599415989147 -5.28357716941688 -4.87377885496015 -4.71045089589651 -4.39375831938297 -3.49505200619847 -3.18745972458151 -2.85414458374969 -2.77584657435588 -3.01369564742965 -3.11576366929048 -3.16225273112984 -3.31227761514922 -3.40572651772629 -3.44177741230793 -3.67256660552893 -4.12378004618905 -4.65295259544833 -5.29171658803739 -5.81080853514782 -6.30443731802482 -6.65348341933894 -6.95694555234305 -7.45882829650912 -8.0529351423397 -8.36311652727338 -8.62505578343134 -8.97477037613787 -9.35714706378227
-0.0774874974614493 -0.94060926619637 -0.361630937984443 2.29955671919661 2.09635596449228 0.863356141414863 0.729738022372185 2.9630151030497 2.60462535110316 0.169859929914264 0.559016303860454 -0.900713571546851 -1.85486392365248 -4.08104530543265 -5.28813862440885 -5.19493941560221 -4.19450161319397 -2.41480991575489 -2.02326122627727 -2.01681211747717 -1.77363671116477 -2.14200331237189 -2.47733819142706 -3.24179476139182 -3.42492632056138 -3.07957096015062 -3.11918127327594 -3.28387847327805 -3.34359299728537 -3.3929531448875 -3.11466475844536 -2.31565020510319 -2.51219959292346 -2.57112441261839 -2.42448940486828 -2.35727974860046 -2.43549923787718 -2.52281992854157 -2.58304884008776 -2.6658698181055 -2.78562673571692 -2.9076327572672 -3.10862099719445 -3.49037188071591 -4.10731250775438 -4.73805535857717 -5.3211614648764 -5.73264467651187 -6.01651025757885 -6.42002723816603 -6.93467201815001 -7.25331731200611 -7.55588747184358 -7.89863931897733 -8.20152863679119
1.66818359955846 0.996505674707253 1.66975887567436 2.74028954997199 1.11027100673911 1.16438864782993 2.74626217649974 4.15478997363471 5.55833327770233 -9999 5.03545204331806 4.4796289100823 4.11608680996377 2.40470536877805 1.72804227460558 1.81267027783659 0.115569500958834 -1.26252784830555 -1.39986152229222 -0.789630187110142 -1.36653601922748 -0.882632593194865 -1.53575948832898 -2.05099770166077 -2.72851431323146 -2.25291648648773 -1.8320320597475 -1.72274500886208 -1.86072873883278 -1.98312850208936 -1.34694288366976 -1.37395347878159 -1.57666895883436 -1.65089438673707 -1.68831613394289 -1.81810191956287 -2.00296122712556 -1.92147129704523 -1.95618708239227 -2.44908196736844 -2.37742902594981 -2.00451942545331 -2.04593603224906 -2.2703789985768 -2.70527781317071 -3.12622189949363 -3.66000776290457 -4.33947520696179 -4.64586530656191 -4.8539089487947 -5.34599810907395 -5.87863617131195 -6.31095575871618 -6.63753365396165 -6.85743224151249
1.59622955929333 1.99875707986238 3.96393470650525 4.05875874559085 -9999 -9999 -9999 -9999 -9999 -9999 -9999 -9999 -9999 -9999 -9999 -9999 4.00617631380803 0.178559879569018 2.66549441286174 2.76443911625636 0.999658838090458 0.0803752780863693 -0.623331162405971 -0.974681892073905 -1.5223361348584 -2.09260582682711 -2.4851222130182 -2.19523549168421 -2.25790681633344 -2.79173906514651 -2.03634039945891 -0.728980309670752 -0.532284350213812 -0.66802941589749 -0.594902310502608 -0.533574712240541 -0.602697966252162 -0.704120725373826 -0.995501496366117 -1.26979360051225 -1.10478183693877 -0.931001282704807 -1.02770274976532 -1.13307293166243 -1.42475800338674 -1.94435456998161 -2.69783295453425 -3.33712806507311 -3.50512116385941 -3.52266728262124 -3.98872336351209 -4.55195192426829 -4.99958754539435 -5.36197752909322 -5.66425837225826
3.85158378479074 3.56883047391231 4.14389281649364 -9999 -9999 -9999 -9999 -9999 -9999 -9999 -9999 -9999 -9999 -9999 -9999 -9999 -9999 -9999 5.26388539364197 5.17420527389144 4.75440792464877 3.21448311033866 0.00217474444098298 0.0657147107078436 -0.479565258555218 -1.24827549206921 -1.80605512302849 -2.196386233753 -2.29653085864696 -2.01824140481008 -2.35337891890622 -1.0798269395808 0.259738321650012 0.303005801790052 -0.0166818234986499 -0.126721438638765 0.132858395846032 0.270883495268029 0.17063150295616 -0.101635385727614 -0.201497211669499 -0.807591505174974 -1.00475110073819 -0.586445049935123 -0.828602636340645 -1.435050528877 -1.94642167673398 -2.32254028980431 -2.54841781972535 -2.90248927572413 -3.19147881437432 -3.39322248137447 -3.72834692126124 -4.14263215259434 -4.46305625803149
4.42881019663911 4.45021625374983 4.74479162568847 -9999 -9999 -9999 -9999 -9999 -9999 -9999 -9999 -9999 -9999 -9999 -9999 -9999 -9999 -9999 -9999 5.91709831230719 5.51338151844893 5.84846482015345 4.09823342256468 2.26637188961151 0.854712934185823 0.0156904042956767 0.0244905555981816 -0.706641019675406 -1.22832121609803 -1.04193466586173 -0.48233978143391 -0.571428395717961 0.766407802185393 1.35298150745477 1.11307197592628 0.916842006674272 0.899570962612282 1.04272130041402 0.977113276521168 0.772875504590535 0.468433004560904 0.178584668759642 0.123151891854775 0.0688801819713632 -0.199605331376415 -0.463711081208034 -0.686755299451638 -1.08972322551387 -1.54010677550261 -1.9059130199522 -2.14805743239587 -2.30311955476626 -2.62047570975997 -2.99497007380426 -3.20633777867363
-9999 -9999 -9999 -9999 -9999 -9999 -9999 -9999 -9999 -9999 -9999 -9999 -9999 -9999 -9999 -9999 -9999 -9999 -9999 -9999 6.5680941306515 6.68164778115782 6.25193673623667 5.45941774392217 3.71891203580041 2.44563254109826 2.58405495324757 1.49285042088145 0.72198088585573 0.474496364453394 0.606335391255643 1.1864244004039 1.2980369542314 2.0241829601756 2.23513389402541 2.19596800969968 2.13002084256259 2.02073542867515 1.73660469570787 1.50928677120325 1.23760514301373 0.935460875765614 0.601173776538425 0.32968604636852 0.302520695502298 0.219375358200538 0.236097689960465 0.0389849878583619 -0.241794697159568 -0.611025949010145 -1.04539130368585 -1.30180951403655 -1.48312741429615 -1.76003583352756 -2.09036203973183
-9999 -9999 -9999 -9999 -9999 -9999 -9999 -9999 -9999 -9999 -9999 -9999 -9999 -9999 -9999 -9999 -9999 -9999 -9999 -9999 7.53669213703442 7.2397361118994 7.00774146273937 6.99649951739579 5.97157167331776 3.95720192353663 3.16229773801342 2.00572372604691 2.14592372589289 2.03407151401471 2.08396900217881 2.31772983443955 2.36611390389682 1.42054900283094 1.41228928687908 2.09327295632332 2.4855909795937 2.5131351674842 2.14756364224966 1.7150353340548 1.76061282500685 1.57183691058891 1.43326004209662 1.2563025078284 1.02775649935161 0.82328957663737 0.668616797461368 0.607957168969684 0.321259340037883 -0.0335053068233628 -0.309902187850798 -0.307285327107754 -0.367247708505954 -0.571919530451294 -0.848914889761673
-9999 -9999 -9999 -9999 -9999 -9999 -9999 -9999 -9999 -9999 -9999 -9999 -9999 -9999 -9999 -9999 -9999 -9999 -9999 -9999 -9999 7.86436066872814 7.30140998532391 7.63165328241353 7.28757057589621 6.0153032892237 4.31901921966428 2.33590637035882 2.36395767447846 2.36813709305442 2.28560834260861 2.89139343338899 3.41812402681521 2.51417157055666 0.933305257823453 -0.0422665037970993 0.500642882148114 1.54900887902257 2.01814305725479 2.31614919793395 2.40539915624833 2.36388391117433 2.1092813481756 1.85410261531482 1.64466950838116 1.39838454566072 1.10410316334525 0.992956516157038 0.931475748666494 0.677606093399785 0.47530822312599 0.50806462294271 0.419695455185032 0.328281829810368 0.261257125460076
-9999 -9999 -9999 -9999 -9999 -9999 -9999 -9999 -9999 -9999 -9999 -9999 -9999 -9999 -9999 -9999 -9999 -9999 -9999 -9999 -9999 -9999 7.28790901937128 7.60454603593701 7.85135250048143 7.86437047447483 6.8439477303092 4.39394851015578 2.29627389773562 1.6168194779789 1.5722964102251 2.515671067631 3.34580641513818 3.13700001479344 1.76753432388375 0.668201069753364 0.0130230798173242 -0.62163335632423 0.240754889263248 1.83888198955934 2.50630838988316 2.70570700840497 2.72168051511371 2.50658984419573 2.29470025770761 2.185010493305 2.00058279195519 1.90055313879216 1.83967778312233 1.5313316280619 1.15465109189699 0.866708618844643 0.666088155157279 0.766904165772713 0.992267203757812
-9999 -9999 -9999 -9999 -9999 -9999 -9999 -9999 -9999 -9999 -9999 -9999 -9999 -9999 -9999 -9999 -9999 -9999 -9999 -9999 -9999 -9999 -9999 8.31927748404297 8.17589656511942 8.64565539771483 8.33654489485984 6.45186387237053 3.38824161771323 1.61714466528515 1.60037032102988 2.06886213622106 3.04093258291032 3.80237245048777 3.51952239074741 3.2317365897924 1.87774160343764 0.208368626101645 -0.546246647548736 0.284677525530645 2.34685887273896 3.24328393916326 3.3558317782367 3.14995812646773 2.98414231847003 2.99019985696466 2.95203239819284 2.93788997277467 2.74119906043622 2.37848838389452 1.94065160257955 1.46869097697017 1.22670703263323 1.01722033425313 1.16451415835716
-9999 -9999 -9999 -9999 -9999 -9999 -9999 -9999 -9999 -9999 -9999 -9999 -9999 -9999 -9999 -9999 -9999 -9999 -9999 -9999 -9999 -9999 -9999 -9999 -9999 -9999 8.47249275485433 7.71441507671976 6.53555978979897 5.2042013888121 3.41161204332923 1.85384930059784 2.66504783740204 3.79373547903835 4.2623249153911 4.53688008518116 3.71651880113341 2.05337452886042 1.05245635573857 1.15425376185554 1.97348564989088 4.06098122550168 4.55088871076447 4.5672365150202 4.23375475167624 3.92809281152366 3.79283496191038 3.67865840062719 3.66409736509353 3.53966457274876 2.97890184079954 2.34743191226094 2.11199235004488 1.84233487006637 1.53515359496807
-9999 -9999 -9999 -9999 -9999 -9999 -9999 -9999 -9999 -9999 -9999 -9999 -9999 -9999 -9999 -9999 -9999 -9999 -9999 -9999 -9999 -9999 -9999 -9999 -9999 -9999 -9999 8.01433765867344 7.08740287603532 7.04943850576058 7.53460211692563 6.12625950669465 5.740058832026 4.68858936795548 3.92273121269438 4.35171096934441 3.91831088299439 3.91370908176158 3.02984042200607 2.76739651882787 2.73221163819032 4.49366342158406 5.56564814957003 5.52838445386078 4.76887604409672 4.17166933166021 4.06251882665838 4.25518449758296 4.61657182469382 4.83947299732068 4.39248130964878 3.45448066945547 2.92260674769137 2.87926212933842 2.79894510315678
