Prepped_data/Covariate_Data/All_data/1deg/Palaeo/teyen_DEM_1.asc
NCOLS 360 
NROWS 180 
XLLCORNER -180 
YLLCORNER -90 
CELLSIZE 1 
NODATA_value -9999 
[rows 0 to 21 of 180, columns 300 to 349 of 360]
39.9999999890974 39.9999999890747 39.999999989052 -39.9999999890292 39.9999999890065 39.9999999889837 39.999999988961 39.9999999889383 39.9999999889155 0 39.9999999888701 -4.08135747348473e-09 -240.000000010982 -719.999999926536 -719.999999991837 -720 -720 -720 -759.999999995919 -720 -759.999999992724 -720 -720 -680.000000004081 -719.999999995919 -719.999999995919 -759.999999995919 -720 -800 -839.999999980275 -760 -760.000000004081 -760.000000004081 -760.000000004081 -800.000000004081 -800.000000004081 -800.000000004081 -760.000000007662 -760 -680 -759.999999995919 -719.999999995919 -680.000000004081 -759.999999995919 -799.999999988097 -640.0000000044 -560.00000002857 -480.000000028842 -360.000000052808 -320.000000048976
0 0 6.96731645014278e-19 79.9999999849933 80.0000000040586 1.91107574195994e-08 80.0000000069576 40.0000000150976 39.9999999889383 -39.9999999959414 39.9999999888928 7.07132130628291e-09 40.0000000040586 -79.9999999776492 0 -1.45344680913492e-18 -40 -39.9999999959414 -7.23048287909314e-09 -40 -79.9999999886654 -40 -40.0000000146429 -40 -40 -40 -40.0000000040586 -40 -40 -39.9999999959414 -1.15619513955255e-08 -1.56433088689658e-08 -39.9999999883926 -39.9999999883698 -39.9999999964643 -120.000000003558 -839.999999918828 -719.999999954446 -879.999999919692 -879.999999951297 -879.999999967145 -879.999999979707 -919.999999979707 -879.999999991883 -919.999999983766 -920.000000007845 -920.000000004059 -920 -920.000000011971 -920
-2920.00000001211 -2960.00000001211 -3040.00000000807 -3040.00000002992 -3160.00000000404 -3200.00000001501 -3240.00000001503 -3319.99999999706 -3320 -3320.00000001106 -3360 -3360 -3400 -3399.99999999596 -3400 -3400 -3400 -3400 -3400 -3400 -3400 -3400 -3360.00000000404 -3360.00000000404 -3360 -3360 -3360 -3360 -3359.99999992332 -1679.99999990836 -919.999999995964 -880.000000004036 -920 -960 -959.999999992406 -959.999999995964 -999.999999991928 -920 -920 -919.999999992292 -959.999999988233 -959.999999995964 -959.999999992224 -960 -920.000000004036 -959.99999998812 -960 -960 -960 -920
-1200.00000006301 -2280.00000004698 -2439.99999991305 -2479.99999999137 -2640.00000001494 -2160.00000005911 -1600.00000007919 -1480.00000002111 -1280.00000003211 -1040.00000004716 -880.000000021043 -2560.00000000401 -2560.00000004135 -2520.00000001605 -2480.00000002408 -2520.00000003525 -2480.00000002007 -2520.00000001605 -2480.00000001526 -2480.00000000725 -2480.00000000401 -2480 -2480 -2480 -2480.00000000401 -2480.00000000401 -2480.00000000401 -2519.99999999599 -2480 -2479.99999999599 -2440 -1479.99999987658 -239.999999972385 -1.15846887630715e-08 -80 -119.999999980753 -40.0000000116529 -79.9999999883244 -80 -80 -79.9999999959869 -80 -80 -40 -7.82165443446067e-09 -119.999999992156 -40.0000000078671 -40 -79.9999999801616 -40
-40 0 0 0 0 0 -6.94095006811764e-19 -6.98037183540927e-09 39.9999999820034 40 39.9999999859028 39.9999999960096 39.9999999929059 79.9999999960096 40.0000000111299 79.9999999888473 40.0000000031946 79.9999999927923 159.999999970328 1.45064404925513e-08 -119.999999977467 -519.999999901024 -1240.00000001995 -1400.0000000399 -1560.00000005126 -2280.00000001596 -2400.00000001197 -2480.00000000399 -2440.0000000229 -1599.99999998705 -39.9999999964871 -79.9999999884835 -79.999999980912 -7.57154339150257e-09 -1.15846887630736e-08 -80 -79.9999999960096 -40.0000000039904 -200.000000003695 -80.000000007708 -119.99999999601 -80 -119.999999992224 -80.0000000038085 -40.0000000078217 -40.0000000078444 -39.9999999921329 -39.9999999881197 -3.99040800323959e-09 -39.9999999960096
79.9999999920647 39.9999999960323 39.9999999891656 3.96767063648462e-09 0 -39.9999999960323 -39.9999999930424 -40.0000000030127 -40 -40 -40 -39.9999999960323 -39.9999999929059 -39.9999999960323 -39.9999999888928 -39.9999999888701 0 -1.11754161473185e-08 -39.9999999960323 -39.9999999960323 -3.96767063576291e-09 -79.999999988097 -79.9999999887109 -3.96767063648463e-09 -40 -7.38964445190336e-09 -39.99999998862 -39.9999999960323 -3.96767063574487e-09 -40 -1.54386725611057e-08 0 -39.9999999805482 -79.9999999844931 -39.9999999732495 -39.9999999884153 -7.63975549489086e-09 -40 -40 0 40.0000000039677 -3.96767063494647e-09 79.9999999882561 39.9999999882334 160 40.0000000195655 -80 -79.9999999960323 -40.0000000039677 -79.9999999920647
-1.36424205259258e-08 -80 -79.9999999891884 -39.9999999960551 -3.9449332689403e-09 -40 -1.48475010050735e-08 -79.9999999921101 -39.9999999929969 -39.9999999960551 -7.04858393873859e-09 -3.9449332682429e-09 -1.49839252103085e-08 -7.01882136796731e-19 0 -39.9999999888928 -3.9449332689403e-09 -1.11526787797783e-08 -39.9999999927695 -7.88986653644993e-09 -1.12208908816869e-08 -39.9999999927013 -3.9449332689403e-09 -39.9999999960551 -39.9999999960551 -39.9999999886654 -1.13573150876569e-08 39.9999999921101 1.84286363931976e-08 39.9999999960551 39.9999999810484 1.4844919314998e-18 3.94493327117377e-09 3.94493326744684e-09 40.0000000039449 -40.000000007617 -1.52795109897817e-08 -79.9999999844476 -7.68523022922155e-09 -39.9999999960551 -3.94493326970273e-09 40.000000011562 79.9999999960551 40 40.0000000039449 39.9999999921556 39.9999999960323 -7.88986653632435e-09 -3.92219590139822e-09 39.9999999881197
-40 -40 -40 -40 -79.9999999891656 -40 -40 -40 -40 -40 -40 -3.92219590139598e-09 -3.92219590139598e-09 -39.9999999960778 -7.13953340891586e-09 -39.9999999889155 -40 -3.92219590068922e-09 0 -7.25322024663745e-09 -40.0000000033538 -39.9999999960778 -39.9999999960778 -79.9999999848114 -1.52112988849839e-08 7.38964445117877e-09 159.999999988665 159.999999973363 2.27601049096707e-08 -39.9999999885972 -40.0000000039222 -3.92219590139598e-09 -3.92219590139598e-09 7.57154339077305e-09 0 40.0000000113118 -7.49115442243208e-19 79.9999999960778 119.999999972863 40.0000000193381 7.73070496506813e-09 39.9999999921556 39.9999999844476 -39.9999999922011 39.999999984334 40.0000000117666 40.0000000157115 39.9999999960778 40.0000000079126 40
-40 -40.0000000038995 -79.9999999892339 -40 -40.0000000038995 -40 -40.0000000038995 -40 -79.9999999961005 -39.9999999961005 -119.999999985152 -80.0000000038995 -80 -3.89945853385165e-09 0 -40 -79.9999999889155 -3.89945853314899e-09 0 7.070907897164e-19 -40 39.9999999961005 7.32143234927041e-09 40.0000000107889 159.999999973568 -39.9999999778311 39.9999999886882 -39.9999999886654 -79.9999999961005 -40.0000000038995 -1.9201706889717e-08 -119.999999996101 79.9999999961005 39.999999988529 80 79.9999999884835 80.0000000038995 160 120.000000023169 159.999999992201 119.999999992201 80.000000003854 7.7761796993987e-09 39.9999999961005 40.0000000156206 119.999999984357 40 79.9999999882107 -3.89945853308028e-09 -40.0000000079353
-80 -79.999999993156 -40 -40 -40 -40 -40 -40 -40.0000000038767 -39.9999999961233 0 -40 -80 -79.9999999890065 -79.9999999961233 -79.9999999922466 -79.9999999922466 -40 -1.11072040439989e-08 -39.9999999961233 -40 39.9999999927013 79.9999999961233 79.9999999887791 80.0000000073669 80.0000000112664 159.999999996123 159.999999988688 120 80 80.0000000075033 80 120 80.0000000075715 80 199.999999996123 160.000000011516 40.0000000077534 2.70688360592816e-08 80.000000034845 1.55296220297788e-08 -40 -3.87672116555367e-09 1.16301634958986e-08 -7.8216544352454e-09 -39.9999999961233 79.999999980389 -39.9999999724537 0 7.93534127219792e-09
0 0 -40 -79.9999999892566 -40.0000000069122 -40.0000000030809 -40 -39.999999996146 -40 -39.999999996146 39.9999999929514 1.09253051050459e-08 -39.999999992292 -1.48247636375261e-08 -40.000000003854 -40 -1.1038991941383e-08 -39.9999999889383 -6.96654096831455e-19 39.9999999888928 40 -3.85398379805978e-09 0 -39.9999999888018 -79.9999999772172 -79.9999999518081 120.000000003558 4.12683220858064e-09 4.10409484103413e-09 -40.000000003854 -79.999999992292 -80.0000000036721 -40.000000003854 -40.0000000152795 -1.90425453183675e-08 -160.000000015234 -80.000000003854 -120.000000011516 -119.999999976922 40.000000011562 80.0000000193154 80.0000000502837 200 399.999999949625 199.999999996032 279.999999984448 160.000000007867 160.000000019816 279.999999988438 399.999999964859
6.82121026329929e-09 6.8439476301881e-09 0 0 0 0 40 80.0000000069804 159.999999996169 160 120.000000003831 40.0000000109026 40 79.9999999928832 40.0000000071395 -7.16227077577417e-09 3.35376171347401e-09 -40.0000000072077 -39.9999999817078 1.1084466675772e-08 -39.9999999816168 80.0000000038312 79.9999999888473 40.0000000073442 80.0000000073669 2.6000179786221e-08 0 -80 39.999999981253 80.0000000036493 40.0000000189971 199.999999984811 159.99999998862 40 120.000000011357 79.9999999961688 159.999999980844 80.0000000114937 239.999999969282 199.999999996123 159.999999965314 199.999999969077 279.999999934073 280.000000007935 479.999999972863 320.000000011858 240 360 280.000000023488 280.000000011767
0 -6.51630914584514e-19 39.9999999931333 79.9999999961915 119.999999992383 160 40.000000007617 80 120 80.0000000178602 160.000000003809 119.999999992929 119.999999989097 40 39.9999999961915 3.80850906299241e-09 80.0000000109935 39.9999999966008 40.000000003422 7.25322024732805e-09 79.9999999965326 80.0000000072987 159.999999992679 239.999999996191 200.000000018542 160.000000015007 80 79.9999999738861 119.999999981276 2.84899097539114e-18 119.999999996305 119.999999988665 319.999999977354 200.0000000569 520.000000003831 519.999999961915 360.000000007617 399.999999988529 479.999999980821 599.999999957652 559.999999988461 679.999999996055 520.000000023169 679.999999933982 640.000000008026 599.999999968622 519.999999976399 400.000000003808 480.000000007321 239.999999988256
0 0 -3.78577169548014e-09 39.9999999931106 39.9999999893021 39.9999999962142 80 120 160 199.999999989188 160.000000003786 200.000000007071 239.99999998912 120.000000010903 119.999999996214 239.999999974318 280.000000010971 320.000000003786 439.999999984857 280.000000007253 320.000000011062 360.000000011084 399.999999992679 320.000000003558 319.99999997749 280.000000003604 439.999999996373 200.000000015143 240.000000022487 280.000000003695 320.000000026364 320.000000052773 480.000000026409 440.000000053001 799.999999893748 879.999999973409 759.999999950444 639.999999953934 560.000000049783 600.000000019065 639.999999988484 600.000000007572 639.999999976671 479.999999984402 320.000000027001 320.000000003786 240.000000065836 239.99999999211 199.999999988302 160.000000003786
0 -39.999999996237 -39.9999999931333 0 39.999999996237 80 160 199.999999985494 160.000000010766 200 159.999999989188 120.000000010834 160 239.999999996237 240.000000010903 319.999999989075 320.000000007185 360.000000025705 280.000000033276 440.000000000273 360.000000032867 479.999999988938 439.999999992679 280.000000011289 280 400.000000011016 519.999999996237 440.000000011198 400.000000011221 480.000000007481 719.999999951172 640.000000015052 640.00000003015 799.999999981048 680.000000022646 799.99999997724 799.99999999236 680.0000000039 600.000000007685 639.999999980821 560.000000015257 439.999999999773 440 279.999999995964 280.000000027228 319.999999964859 240.000000007526 120 160.000000003763 280.000000007935
0 0 3.74029696039929e-09 1.06297193263294e-08 80 199.99999999626 200.000000011221 200.00000000374 279.999999985516 120.000000007026 120.000000010789 199.999999989188 319.99999999626 400.000000025454 480.00000000714 320.000000025545 320.000000014666 239.999999989325 119.99999999626 239.999999992519 360.000000006867 320.000000022078 520.000000007321 359.999999988779 359.999999985152 359.99999995174 280 399.999999981344 519.999999977581 320.000000074806 799.999999951308 640.000000000045 720 600 799.999999988665 639.999999992383 480.0000000304 639.999999984675 679.99999999626 600 320.00000000374 199.999999992247 120 80.000000030559 200.00000000374 240.000000019429 360.000000015734 599.999999980889 680.000000000432 519.999999992519
39.9999999894612 120 120 119.999999985675 120.000000003718 200 279.999999985607 200 320.000000018156 359.999999989257 360 400.000000007071 559.999999996282 719.999999978331 560.00000000714 560.000000006889 399.999999996032 480.000000025796 520.00000000723 519.999999999818 599.999999988847 679.999999988984 519.999999992679 360.000000014779 320.000000003718 439.999999996282 679.999999970282 600.000000018588 640.000000014916 639.999999992565 680.000000029945 719.999999988756 639.999999977354 480.000000011289 360.000000018906 200.000000003718 160 160.000000022533 200.000000003718 159.999999992292 200.000000011448 80.0000000077534 160.000000007776 200.000000004081 360.000000007822 679.999999988847 840.00000002317 760.000000015325 1000 919.999999996783
239.999999985789 359.999999985221 240.000000006867 200.000000003695 199.999999996305 359.99999998937 399.999999985653 399.999999989325 320.000000003695 359.999999985585 439.99999999261 520.000000003695 440.000000017883 719.999999982344 599.999999993111 560 519.999999981935 480.00000003289 480.000000036312 400.000000029422 320.000000047578 520.000000018383 639.999999974341 360.000000025773 320.000000025818 399.999999977831 319.999999974068 240.000000014825 439.999999988847 360.000000003695 40.0000000110845 360.000000018474 280.00000000723 360.000000003877 200.000000007594 480.000000000227 199.99999998472 -39.9999999886427 199.999999988324 199.999999988597 80.0000000077307 160.000000004059 400.000000008163 320.000000018474 480.000000000432 440.000000011539 120.000000014779 160.000000002194 -320.000000005787 -759.999999951967
720.000000016269 520.000000014188 440.000000000477 159.999999996783 120.000000010584 160.000000006935 120.00000001063 199.999999996328 80.0000000106752 160.00000001437 400.000000003672 520.000000035629 480.000000003422 319.999999989211 319.999999985516 400.00000000349 359.999999996487 479.999999988984 439.999999996328 479.999999996328 519.999999992724 639.999999992656 440.000000014666 480.000000029377 599.999999974273 400.000000022169 479.999999974091 280.000000003672 239.999999996214 80 -3.83124643190537e-09 0 -39.9999999924512 120.000000029831 159.999999996078 -39.9999999889837 -40.0000000036721 -3.67208485770497e-09 119.99999998463 239.999999981276 320.000000015461 200.000000007344 -79.9999999963279 120.000000007344 -1359.99999999824 -2839.99999988901 -2400.00000000734 -2319.99999998898 -2320.00000003703 -3199.99999995783
960.000000013642 599.999999985403 359.999999978968 160.000000010948 439.999999985789 560.000000004013 720.000000049386 959.999999975091 639.999999960448 319.999999985675 279.999999985653 200.000000014143 319.999999992906 319.999999996351 320.00000000349 280.000000003649 400.000000007185 799.999999989234 560.000000025341 719.999999992656 600 480.000000025545 479.999999981708 479.999999992656 439.999999992633 639.99999999626 359.999999996351 319.99999998513 79.9999999850843 -40 0 39.9999999963507 -80 -119.999999996351 -479.999999992701 -79.9999999920647 439.999999988711 599.999999951103 240.000000014984 -79.9999999845841 -119.999999992269 -1.14027898227692e-08 -79.9999999963507 -1680.00000002855 -2720.00000000887 -3480 -3639.9999999618 -3440.00000002791 -3639.99999997384 -3719.9999999854
919.999999995941 1120.00000000123 1440.00000001697 1279.99999994379 919.999999946624 800.000000003627 399.999999985789 440.000000007253 599.99999999975 759.99999998912 480.000000032026 959.999999978604 919.99999998928 760.000000010607 599.99999999286 599.999999996373 600.000000007185 680.000000003627 799.999999992724 840.00000002176 799.999999930935 320.00000001088 520.000000007321 440.000000007253 480.000000003627 600.000000025796 560.000000003627 400.000000003627 -39.9999999852889 -40.0000000074806 0 -40 -160.000000003627 -200.000000007572 -3.62661012263122e-09 280.000000015234 640.000000037812 479.999999980639 39.9999999923148 -239.999999996828 -239.999999985016 -119.99999998862 -160.000000027478 -2720.00000001614 -3560.00000001259 -3720 -3720 -3720 -3720.00000000791 -3720
1120 1160.0000000245 1039.99999996893 1120.00000000721 1040.00000005228 1279.99999999307 919.999999989939 1040.00000004211 1040.00000001401 1159.99999999297 1120.00000002507 1200.00000002149 959.999999992792 800.000000003695 639.99999999286 760.00000001437 640.000000007185 679.999999996396 679.999999985539 599.999999989188 559.99999999626 720.000000029104 760.000000003717 760 600.000000003604 439.999999985221 439.999999985175 160.000000010812 39.9999999850843 -80.0000000036039 -79.9999999888928 -80 -160.000000015098 7.57154339225791e-09 120.000000018792 320.000000003604 1080.00000001081 279.99999998513 40 -40.0000000031037 -320.000000003604 -79.9999999886427 -560.000000081934 -2840.00000008159 -3720.0000000036 -3720 -3759.99999998853 -3720.00000000789 -3720 -3720.0000000036
