Prepped_data/Covariate_Data/All_data/1deg/Palaeo/teyen_sed_1.asc
NCOLS 360 
NROWS 90 
XLLCORNER -180 
YLLCORNER 0 
CELLSIZE 1 
NODATA_value -3.4e+38 
[rows 29 to 57 of 90, columns 65 to 129 of 360]
-3.4e+38 -3.4e+38 -3.4e+38 -3.4e+38 -3.4e+38 -3.4e+38 -3.4e+38 -3.4e+38 -3.4e+38 -3.4e+38 2665 2699 2955 2955 2955 2955 2955 2955 2955 2955 2955 2987 2987 2955 2955 3584 3584 3584 3584 3584 3584 3584 3584 3584 3584 3584 3584 3584 3584 3584 3584 3584 3584 3584 3584 3584 3584 3584 3584 3584 3584 3584 3584 3584 2798 2838 2826 2799 2817 2948 2754 2774 2705 2688 2718
-3.4e+38 -3.4e+38 -3.4e+38 -3.4e+38 -3.4e+38 -3.4e+38 -3.4e+38 -3.4e+38 -3.4e+38 -3.4e+38 2777 2801 2801 2955 2955 2955 2955 2955 2955 2955 2987 2987 2987 2987 3584 3584 3584 3584 3584 3584 3584 3584 3584 3584 3584 3584 3584 3584 3584 3584 3584 3584 3584 3584 3584 3584 3584 3584 3584 3584 3584 3584 3584 3584 3584 2838 2826 3223 2817 2948 2808 2944 2944 -3.4e+38 2818
-3.4e+38 -3.4e+38 -3.4e+38 -3.4e+38 -3.4e+38 -3.4e+38 -3.4e+38 -3.4e+38 -3.4e+38 -3.4e+38 -3.4e+38 2890 2862 2955 2955 2955 2955 2955 2955 2955 2987 2987 2987 2987 2987 3584 3584 3584 3584 3584 3584 3584 3584 3584 3584 3584 3584 3584 3584 3584 3584 3584 3584 3584 3584 3584 3584 3584 3584 3584 3584 3584 3584 3584 3584 3223 2838 3223 3223 2948 2944 2944 3447 3447 2892
-3.4e+38 -3.4e+38 -3.4e+38 -3.4e+38 -3.4e+38 -3.4e+38 -3.4e+38 -3.4e+38 -3.4e+38 -3.4e+38 2921 2943 2986 2986 2986 2955 2955 2955 2955 3289 2987 3289 2987 2987 2987 2987 3584 3584 3584 3584 3584 3584 3584 3584 3584 3584 3584 3584 3584 3584 3584 3584 3584 3584 3584 3584 3584 3584 3584 3584 3584 3584 3584 3584 3223 3223 3223 3223 3223 3223 2944 3447 3447 3447 3447
-3.4e+38 -3.4e+38 -3.4e+38 -3.4e+38 -3.4e+38 -3.4e+38 -3.4e+38 -3.4e+38 -3.4e+38 -3.4e+38 -3.4e+38 2984 3003 3289 3289 3289 3289 3289 3289 3289 3289 3289 2987 3584 2987 3584 3584 3584 3584 3584 3584 3584 3584 3584 3584 3584 3584 3584 3584 3584 3584 3584 3584 3584 3584 3584 3584 3584 3584 3584 3584 3584 3584 3584 3223 3223 3223 3223 3223 3447 3447 3447 3447 3447 3447
-3.4e+38 -3.4e+38 -3.4e+38 -3.4e+38 -3.4e+38 -3.4e+38 -3.4e+38 -3.4e+38 -3.4e+38 -3.4e+38 -3.4e+38 -3.4e+38 -3.4e+38 3075 3289 3289 3289 3289 3289 3289 3289 3289 3584 3584 3584 3584 3584 3584 3584 3584 3584 3584 3584 3584 3584 3584 3584 3584 3584 3584 3700 3700 3584 3584 3584 3584 3584 3584 3584 3584 3584 3584 3584 3223 3223 3223 3223 3223 3223 3447 3447 3447 3447 3447 3447
-3.4e+38 -3.4e+38 -3.4e+38 -3.4e+38 -3.4e+38 -3.4e+38 -3.4e+38 -3.4e+38 -3.4e+38 -3.4e+38 -3.4e+38 -3.4e+38 -3.4e+38 3289 3289 3289 3289 3289 3289 3289 3289 3289 3289 3584 3584 3584 3584 3584 3584 3584 3584 3584 3584 3584 3584 3584 3584 3584 3700 3700 3700 3700 3700 3700 3700 3584 3584 3584 3584 3584 3584 3223 3223 3223 3223 3223 3223 3223 3223 3447 3447 3447 3447 3447 3447
-3.4e+38 -3.4e+38 -3.4e+38 -3.4e+38 -3.4e+38 -3.4e+38 -3.4e+38 -3.4e+38 -3.4e+38 -3.4e+38 -3.4e+38 -3.4e+38 -3.4e+38 -3.4e+38 3289 3289 3289 3289 3289 3289 3289 3289 3584 3584 3584 3584 3584 3584 3584 3584 3584 3584 3584 3584 3584 3584 3584 3584 3700 3700 3700 3700 3700 3700 3700 3700 3584 3584 3584 3700 3700 3223 3223 3223 3223 3223 3223 3223 3223 3447 3447 3447 3447 3447 3447
-3.4e+38 -3.4e+38 -3.4e+38 -3.4e+38 -3.4e+38 -3.4e+38 -3.4e+38 -3.4e+38 -3.4e+38 -3.4e+38 -3.4e+38 -3.4e+38 -3.4e+38 -3.4e+38 3289 3289 3289 3289 3289 3289 3289 3289 3584 3584 3584 3584 3584 3584 3584 3584 3584 3584 3584 3584 3584 3584 3584 3700 3700 3700 3700 3700 3700 3700 3700 3700 3700 3700 3700 3223 3223 3223 3223 3223 3223 3223 3223 3223 3223 3447 3447 3447 3447 3447 3447
-3.4e+38 -3.4e+38 -3.4e+38 -3.4e+38 -3.4e+38 -3.4e+38 -3.4e+38 -3.4e+38 -3.4e+38 -3.4e+38 -3.4e+38 -3.4e+38 -3.4e+38 -3.4e+38 -3.4e+38 3289 3289 3289 3289 3289 3289 3289 3289 3584 3584 3584 3584 3584 3584 3584 3584 3584 3584 3584 3584 3584 3700 3700 3700 3700 3700 3700 3700 3700 3700 3700 3700 3700 3700 3223 3223 3223 3223 3223 3223 3223 3223 3223 3447 3447 3447 3447 3447 3447 3447
-3.4e+38 -3.4e+38 -3.4e+38 -3.4e+38 -3.4e+38 -3.4e+38 -3.4e+38 -3.4e+38 -3.4e+38 -3.4e+38 -3.4e+38 -3.4e+38 -3.4e+38 -3.4e+38 3203 3289 3289 3289 3289 3289 3289 3289 3289 3289 3584 3584 3584 3584 3584 3584 3584 3584 3584 3584 3584 3584 3584 3700 3700 3700 3700 3700 3700 3700 3700 3700 3700 3700 3700 3223 3223 3223 3223 3223 3223 3223 3223 3223 3447 3447 3447 3447 3447 3447 3447
-3.4e+38 -3.4e+38 -3.4e+38 -3.4e+38 -3.4e+38 -3.4e+38 -3.4e+38 -3.4e+38 -3.4e+38 -3.4e+38 -3.4e+38 -3.4e+38 -3.4e+38 -3.4e+38 3216 3222 3235 3235 3289 3289 3289 3289 3289 3289 3584 3584 3584 3584 3584 3584 3584 3584 3584 3584 3584 3584 3584 3700 3700 3700 3700 3700 3700 3700 3700 3700 3700 3700 3700 3223 3223 3223 3700 3700 3700 3700 3700 3700 3447 3447 3447 3447 3447 3447 3447
-3.4e+38 -3.4e+38 -3.4e+38 -3.4e+38 -3.4e+38 -3.4e+38 -3.4e+38 -3.4e+38 -3.4e+38 -3.4e+38 -3.4e+38 -3.4e+38 -3.4e+38 -3.4e+38 -3.4e+38 3301 3301 3301 3301 3289 3289 3584 3584 3584 3584 3584 3584 3584 3584 3584 3584 3584 3584 3584 3584 3584 3584 3700 3700 3700 3700 3700 3700 3700 3700 3700 3700 3700 3700 3700 3700 3700 3700 3700 3700 3700 3700 3700 3700 3447 3700 3700 3447 3447 3447
-3.4e+38 -3.4e+38 -3.4e+38 -3.4e+38 -3.4e+38 -3.4e+38 -3.4e+38 -3.4e+38 -3.4e+38 -3.4e+38 -3.4e+38 -3.4e+38 -3.4e+38 -3.4e+38 -3.4e+38 3263 3283 3301 3301 3289 3289 3584 3584 3584 3584 3584 3584 3584 3584 3584 3584 3584 3584 3584 3584 3584 3700 3700 3700 3700 3700 3700 3700 3700 3700 3700 3700 3700 3700 3700 3700 3700 3700 3700 3700 3700 3700 3700 3700 3700 3700 3700 3700 3447 3447
-3.4e+38 -3.4e+38 -3.4e+38 -3.4e+38 -3.4e+38 -3.4e+38 -3.4e+38 -3.4e+38 -3.4e+38 -3.4e+38 -3.4e+38 -3.4e+38 -3.4e+38 -3.4e+38 -3.4e+38 -3.4e+38 3300 3324 3497 3497 3571 3584 3584 3584 3584 3584 3584 3584 3584 3584 3584 3584 3584 3584 3584 3584 3700 3700 3700 3700 3700 3700 3700 3700 3700 3700 3700 3700 3700 3700 3700 3700 3700 3700 3700 3700 3700 3700 3700 3700 3700 3700 3700 3447 3447
-3.4e+38 -3.4e+38 -3.4e+38 -3.4e+38 -3.4e+38 -3.4e+38 -3.4e+38 -3.4e+38 -3.4e+38 -3.4e+38 -3.4e+38 -3.4e+38 -3.4e+38 -3.4e+38 -3.4e+38 -3.4e+38 -3.4e+38 3406 3407 3571 3571 3571 3571 3584 3584 3584 3584 3584 3584 3584 3584 3584 3584 3584 3700 3700 3700 3700 3700 3700 3700 3700 3700 3700 3700 3700 3700 3700 3700 3700 3700 3700 3700 3700 3700 3700 3700 3700 3700 3700 3700 3700 3700 3700 3447
-3.4e+38 -3.4e+38 -3.4e+38 -3.4e+38 -3.4e+38 -3.4e+38 -3.4e+38 -3.4e+38 -3.4e+38 -3.4e+38 -3.4e+38 -3.4e+38 -3.4e+38 -3.4e+38 -3.4e+38 -3.4e+38 -3.4e+38 3406 3497 3497 3571 3571 3571 3571 3584 3584 3584 3879 3584 3584 3584 3584 3584 3584 3700 3700 3700 3700 3700 3700 3700 3700 3700 3700 3700 3700 3700 3700 3700 3700 3700 3700 3700 3700 3700 3700 3700 3700 3700 3700 3700 3700 3700 3700 3447
-3.4e+38 -3.4e+38 -3.4e+38 -3.4e+38 -3.4e+38 -3.4e+38 -3.4e+38 -3.4e+38 -3.4e+38 -3.4e+38 -3.4e+38 -3.4e+38 -3.4e+38 -3.4e+38 -3.4e+38 -3.4e+38 -3.4e+38 -3.4e+38 3497 3497 3571 3571 3571 3879 3584 3879 3879 3879 3879 3879 3879 3879 3584 3700 3700 3700 3700 3700 3700 3700 3700 3700 3700 3700 3700 3700 3700 3700 3700 3700 3700 3700 3700 3700 3700 3700 3700 3700 3700 3700 3700 3700 3700 3700 3645
-3.4e+38 -3.4e+38 -3.4e+38 -3.4e+38 -3.4e+38 -3.4e+38 -3.4e+38 -3.4e+38 -3.4e+38 -3.4e+38 -3.4e+38 -3.4e+38 -3.4e+38 -3.4e+38 -3.4e+38 -3.4e+38 -3.4e+38 -3.4e+38 -3.4e+38 3571 3609 3609 3676 3676 3879 3879 3879 3879 3879 3879 3879 3879 3879 3879 3700 3879 3879 3879 3879 3879 3879 3700 3700 3700 3700 3700 3700 3700 3700 3700 3700 3700 3700 3700 3700 3700 3700 3700 3700 3700 3700 3700 3700 3655 3645
-3.4e+38 -3.4e+38 -3.4e+38 -3.4e+38 -3.4e+38 -3.4e+38 -3.4e+38 -3.4e+38 -3.4e+38 -3.4e+38 -3.4e+38 -3.4e+38 -3.4e+38 -3.4e+38 -3.4e+38 -3.4e+38 -3.4e+38 -3.4e+38 -3.4e+38 -3.4e+38 3611 3676 3676 3676 4567 3879 3879 3879 3879 3879 3879 3879 3879 3879 3879 3879 3879 3879 3879 3879 3879 3879 3700 3700 3700 3700 3700 3700 3700 3700 3700 3700 3700 3700 3700 3700 3700 3700 3700 3665 3665 3665 3656 3655 3645
-3.4e+38 -3.4e+38 -3.4e+38 -3.4e+38 -3.4e+38 -3.4e+38 -3.4e+38 -3.4e+38 -3.4e+38 -3.4e+38 -3.4e+38 -3.4e+38 -3.4e+38 -3.4e+38 -3.4e+38 -3.4e+38 -3.4e+38 -3.4e+38 -3.4e+38 -3.4e+38 3650 3676 3676 3676 4567 4567 4567 4567 3879 3879 3879 3879 3879 3879 3815 3815 3879 3879 3879 3879 3879 3879 3879 3700 3700 3700 3700 3700 3700 3700 3700 3700 3700 3700 3700 3700 3700 3700 3664 3664 3664 3665 3661 3655 3648
-3.4e+38 -3.4e+38 -3.4e+38 -3.4e+38 -3.4e+38 -3.4e+38 -3.4e+38 -3.4e+38 -3.4e+38 -3.4e+38 -3.4e+38 -3.4e+38 -3.4e+38 -3.4e+38 -3.4e+38 -3.4e+38 -3.4e+38 -3.4e+38 -3.4e+38 -3.4e+38 -3.4e+38 3671 3677 3676 4567 4567 4567 4567 3879 3879 3879 3879 3815 3815 3815 3815 3815 3815 3879 3879 3879 3697 3697 3697 3700 3700 3700 3700 3700 3700 3700 3700 3700 3700 3700 3700 3721 3721 3683 3672 3664 3666 -3.4e+38 -3.4e+38 -3.4e+38
-3.4e+38 -3.4e+38 -3.4e+38 -3.4e+38 -3.4e+38 -3.4e+38 -3.4e+38 -3.4e+38 -3.4e+38 -3.4e+38 -3.4e+38 -3.4e+38 -3.4e+38 -3.4e+38 -3.4e+38 -3.4e+38 -3.4e+38 -3.4e+38 -3.4e+38 -3.4e+38 -3.4e+38 3690 3690 3874 4567 4567 4567 4567 4567 4567 3815 3815 3815 3815 3815 3815 3815 3815 3815 3879 3879 3879 3772 3772 3697 3700 3700 3700 3700 3700 3700 3700 3935 3935 3935 3758 3749 3721 3683 3683 3681 -3.4e+38 -3.4e+38 -3.4e+38 -3.4e+38
-3.4e+38 -3.4e+38 -3.4e+38 -3.4e+38 -3.4e+38 -3.4e+38 -3.4e+38 -3.4e+38 -3.4e+38 -3.4e+38 -3.4e+38 -3.4e+38 -3.4e+38 -3.4e+38 -3.4e+38 -3.4e+38 -3.4e+38 -3.4e+38 -3.4e+38 -3.4e+38 -3.4e+38 3690 3874 3874 3874 4567 4567 4567 4567 4567 4567 3815 3815 3815 3815 3815 3815 3815 3815 3815 3879 3879 3772 3772 3697 3700 3700 3935 3935 3935 3935 3935 3935 3885 3798 3798 3749 3749 3721 3691 -3.4e+38 -3.4e+38 -3.4e+38 -3.4e+38 -3.4e+38
-3.4e+38 -3.4e+38 -3.4e+38 -3.4e+38 -3.4e+38 -3.4e+38 -3.4e+38 -3.4e+38 -3.4e+38 -3.4e+38 -3.4e+38 -3.4e+38 -3.4e+38 -3.4e+38 -3.4e+38 -3.4e+38 -3.4e+38 -3.4e+38 -3.4e+38 -3.4e+38 -3.4e+38 3713 3725 3874 3874 4567 4567 4567 4567 4567 4567 3815 4007 4007 3877 3877 3877 3877 3815 3815 3841 3879 3879 3772 3772 3764 3935 3935 3935 3935 3935 4025 3989 3885 3798 3798 3758 3749 3721 -3.4e+38 -3.4e+38 -3.4e+38 -3.4e+38 -3.4e+38 -3.4e+38
-3.4e+38 -3.4e+38 -3.4e+38 -3.4e+38 -3.4e+38 -3.4e+38 -3.4e+38 -3.4e+38 -3.4e+38 -3.4e+38 -3.4e+38 -3.4e+38 -3.4e+38 -3.4e+38 -3.4e+38 -3.4e+38 -3.4e+38 -3.4e+38 -3.4e+38 -3.4e+38 -3.4e+38 3755 3821 3874 3874 3874 4567 4567 4567 4567 4567 4567 4007 4007 4007 3875 3877 3877 3877 3838 3839 3842 3879 3880 3772 3764 3905 3935 3935 3935 4025 4088 3989 3885 3885 3798 3800 3760 3766 -3.4e+38 -3.4e+38 -3.4e+38 -3.4e+38 -3.4e+38 -3.4e+38
-3.4e+38 -3.4e+38 -3.4e+38 -3.4e+38 -3.4e+38 -3.4e+38 -3.4e+38 -3.4e+38 -3.4e+38 -3.4e+38 -3.4e+38 -3.4e+38 -3.4e+38 -3.4e+38 -3.4e+38 -3.4e+38 -3.4e+38 -3.4e+38 -3.4e+38 -3.4e+38 -3.4e+38 -3.4e+38 3821 3874 3874 4006 4567 4567 4567 4567 4567 4567 4129 4129 4007 4007 3928 3898 3877 3838 -3.4e+38 3842 3868 3880 3902 3955 3905 3935 3988 4024 4025 4088 3989 3989 3885 -3.4e+38 3827 -3.4e+38 3817 -3.4e+38 -3.4e+38 -3.4e+38 -3.4e+38 -3.4e+38 -3.4e+38
-3.4e+38 -3.4e+38 -3.4e+38 -3.4e+38 -3.4e+38 -3.4e+38 -3.4e+38 -3.4e+38 -3.4e+38 -3.4e+38 -3.4e+38 -3.4e+38 -3.4e+38 -3.4e+38 -3.4e+38 -3.4e+38 -3.4e+38 -3.4e+38 -3.4e+38 -3.4e+38 -3.4e+38 -3.4e+38 3941 -3.4e+38 4006 4092 4567 4567 4567 4567 4567 4129 4129 4129 4129 4007 4007 -3.4e+38 -3.4e+38 -3.4e+38 3997 -3.4e+38 3950 3952 3953 -3.4e+38 -3.4e+38 3970 3987 4024 4074 4069 4088 3989 -3.4e+38 -3.4e+38 -3.4e+38 -3.4e+38 -3.4e+38 -3.4e+38 -3.4e+38 -3.4e+38 -3.4e+38 -3.4e+38 -3.4e+38
-3.4e+38 -3.4e+38 -3.4e+38 -3.4e+38 -3.4e+38 -3.4e+38 -3.4e+38 -3.4e+38 -3.4e+38 -3.4e+38 -3.4e+38 -3.4e+38 -3.4e+38 -3.4e+38 -3.4e+38 -3.4e+38 -3.4e+38 -3.4e+38 -3.4e+38 -3.4e+38 -3.4e+38 -3.4e+38 -3.4e+38 4124 -3.4e+38 4143 4567 4567 4567 4567 4567 4129 4129 4567 4083 4095 4086 -3.4e+38 -3.4e+38 -3.4e+38 -3.4e+38 -3.4e+38 -3.4e+38 -3.4e+38 -3.4e+38 -3.4e+38 -3.4e+38 -3.4e+38 -3.4e+38 -3.4e+38 -3.4e+38 4152 4087 4103 -3.4e+38 -3.4e+38 -3.4e+38 -3.4e+38 -3.4e+38 -3.4e+38 -3.4e+38 -3.4e+38 -3.4e+38 -3.4e+38 -3.4e+38
