Prepped_data/Covariate_Data/All_data/1deg/Palaeo/teyeo_sed_1.asc
NCOLS 360 
NROWS 90 
XLLCORNER -180 
YLLCORNER 0 
CELLSIZE 1 
NODATA_value -3.4e+38 
[rows 0 to 28 of 90, columns 65 to 129 of 360]
-3.4e+38 -3.4e+38 -3.4e+38 -3.4e+38 -3.4e+38 -3.4e+38 -3.4e+38 -3.4e+38 -3.4e+38 -3.4e+38 -3.4e+38 -3.4e+38 -3.4e+38 -3.4e+38 -3.4e+38 -3.4e+38 -3.4e+38 -3.4e+38 -3.4e+38 -3.4e+38 -3.4e+38 -3.4e+38 -3.4e+38 -3.4e+38 -3.4e+38 -3.4e+38 -3.4e+38 -3.4e+38 -3.4e+38 -3.4e+38 -3.4e+38 -3.4e+38 -3.4e+38 -3.4e+38 -3.4e+38 -3.4e+38 -3.4e+38 -3.4e+38 -3.4e+38 -3.4e+38 -3.4e+38 -3.4e+38 -3.4e+38 -3.4e+38 -3.4e+38 -3.4e+38 -3.4e+38 -3.4e+38 -3.4e+38 -3.4e+38 -3.4e+38 -3.4e+38 -3.4e+38 -3.4e+38 -3.4e+38 -3.4e+38 -3.4e+38 -3.4e+38 -3.4e+38 -3.4e+38 -3.4e+38 -3.4e+38 -3.4e+38 -3.4e+38 -3.4e+38
-3.4e+38 -3.4e+38 -3.4e+38 -3.4e+38 -3.4e+38 -3.4e+38 -3.4e+38 -3.4e+38 -3.4e+38 -3.4e+38 -3.4e+38 -3.4e+38 -3.4e+38 -3.4e+38 -3.4e+38 -3.4e+38 -3.4e+38 -3.4e+38 -3.4e+38 -3.4e+38 -3.4e+38 -3.4e+38 -3.4e+38 -3.4e+38 -3.4e+38 -3.4e+38 -3.4e+38 -3.4e+38 -3.4e+38 -3.4e+38 -3.4e+38 -3.4e+38 -3.4e+38 -3.4e+38 -3.4e+38 -3.4e+38 -3.4e+38 -3.4e+38 -3.4e+38 -3.4e+38 -3.4e+38 -3.4e+38 -3.4e+38 -3.4e+38 -3.4e+38 -3.4e+38 -3.4e+38 -3.4e+38 -3.4e+38 -3.4e+38 -3.4e+38 -3.4e+38 -3.4e+38 -3.4e+38 -3.4e+38 -3.4e+38 -3.4e+38 -3.4e+38 -3.4e+38 -3.4e+38 -3.4e+38 -3.4e+38 -3.4e+38 -3.4e+38 -3.4e+38
-3.4e+38 -3.4e+38 -3.4e+38 -3.4e+38 -3.4e+38 -3.4e+38 -3.4e+38 -3.4e+38 -3.4e+38 -3.4e+38 -3.4e+38 -3.4e+38 -3.4e+38 -3.4e+38 -3.4e+38 -3.4e+38 -3.4e+38 -3.4e+38 -3.4e+38 -3.4e+38 -3.4e+38 -3.4e+38 -3.4e+38 -3.4e+38 -3.4e+38 -3.4e+38 -3.4e+38 -3.4e+38 -3.4e+38 -3.4e+38 -3.4e+38 -3.4e+38 -3.4e+38 -3.4e+38 -3.4e+38 -3.4e+38 -3.4e+38 -3.4e+38 -3.4e+38 -3.4e+38 -3.4e+38 -3.4e+38 -3.4e+38 -3.4e+38 -3.4e+38 -3.4e+38 -3.4e+38 -3.4e+38 -3.4e+38 -3.4e+38 -3.4e+38 -3.4e+38 -3.4e+38 -3.4e+38 -3.4e+38 -3.4e+38 -3.4e+38 -3.4e+38 -3.4e+38 -3.4e+38 -3.4e+38 -3.4e+38 -3.4e+38 -3.4e+38 -3.4e+38
-3.4e+38 -3.4e+38 -3.4e+38 -3.4e+38 -3.4e+38 -3.4e+38 -3.4e+38 -3.4e+38 -3.4e+38 -3.4e+38 -3.4e+38 -3.4e+38 -3.4e+38 -3.4e+38 -3.4e+38 -3.4e+38 -3.4e+38 -3.4e+38 -3.4e+38 -3.4e+38 -3.4e+38 -3.4e+38 -3.4e+38 -3.4e+38 -3.4e+38 -3.4e+38 -3.4e+38 -3.4e+38 -3.4e+38 -3.4e+38 -3.4e+38 -3.4e+38 -3.4e+38 -3.4e+38 -3.4e+38 -3.4e+38 -3.4e+38 -3.4e+38 -3.4e+38 -3.4e+38 -3.4e+38 -3.4e+38 -3.4e+38 -3.4e+38 -3.4e+38 -3.4e+38 -3.4e+38 -3.4e+38 -3.4e+38 -3.4e+38 -3.4e+38 -3.4e+38 -3.4e+38 -3.4e+38 -3.4e+38 -3.4e+38 -3.4e+38 -3.4e+38 -3.4e+38 -3.4e+38 -3.4e+38 -3.4e+38 -3.4e+38 -3.4e+38 -3.4e+38
-3.4e+38 -3.4e+38 -3.4e+38 -3.4e+38 -3.4e+38 -3.4e+38 -3.4e+38 -3.4e+38 -3.4e+38 -3.4e+38 -3.4e+38 -3.4e+38 -3.4e+38 -3.4e+38 -3.4e+38 -3.4e+38 -3.4e+38 -3.4e+38 -3.4e+38 -3.4e+38 -3.4e+38 -3.4e+38 -3.4e+38 -3.4e+38 -3.4e+38 -3.4e+38 -3.4e+38 -3.4e+38 -3.4e+38 -3.4e+38 -3.4e+38 -3.4e+38 -3.4e+38 -3.4e+38 -3.4e+38 -3.4e+38 -3.4e+38 -3.4e+38 -3.4e+38 -3.4e+38 -3.4e+38 -3.4e+38 -3.4e+38 -3.4e+38 -3.4e+38 -3.4e+38 -3.4e+38 -3.4e+38 -3.4e+38 -3.4e+38 -3.4e+38 -3.4e+38 -3.4e+38 -3.4e+38 -3.4e+38 -3.4e+38 -3.4e+38 -3.4e+38 -3.4e+38 -3.4e+38 -3.4e+38 -3.4e+38 -3.4e+38 -3.4e+38 -3.4e+38
-3.4e+38 -3.4e+38 -3.4e+38 -3.4e+38 -3.4e+38 -3.4e+38 -3.4e+38 -3.4e+38 -3.4e+38 -3.4e+38 -3.4e+38 -3.4e+38 -3.4e+38 -3.4e+38 -3.4e+38 -3.4e+38 -3.4e+38 -3.4e+38 -3.4e+38 -3.4e+38 -3.4e+38 -3.4e+38 -3.4e+38 -3.4e+38 -3.4e+38 -3.4e+38 -3.4e+38 -3.4e+38 -3.4e+38 -3.4e+38 -3.4e+38 -3.4e+38 -3.4e+38 -3.4e+38 -3.4e+38 -3.4e+38 -3.4e+38 -3.4e+38 -3.4e+38 -3.4e+38 -3.4e+38 -3.4e+38 -3.4e+38 -3.4e+38 -3.4e+38 -3.4e+38 -3.4e+38 -3.4e+38 -3.4e+38 -3.4e+38 -3.4e+38 -3.4e+38 -3.4e+38 -3.4e+38 -3.4e+38 -3.4e+38 -3.4e+38 -3.4e+38 -3.4e+38 -3.4e+38 -3.4e+38 -3.4e+38 -3.4e+38 -3.4e+38 -3.4e+38
87 87 88 51 -3.4e+38 -3.4e+38 -3.4e+38 -3.4e+38 -3.4e+38 -3.4e+38 -3.4e+38 -3.4e+38 -3.4e+38 -3.4e+38 -3.4e+38 -3.4e+38 -3.4e+38 -3.4e+38 -3.4e+38 -3.4e+38 -3.4e+38 -3.4e+38 -3.4e+38 -3.4e+38 -3.4e+38 -3.4e+38 -3.4e+38 -3.4e+38 -3.4e+38 -3.4e+38 -3.4e+38 -3.4e+38 -3.4e+38 -3.4e+38 -3.4e+38 -3.4e+38 -3.4e+38 -3.4e+38 -3.4e+38 -3.4e+38 -3.4e+38 -3.4e+38 -3.4e+38 -3.4e+38 -3.4e+38 -3.4e+38 -3.4e+38 -3.4e+38 -3.4e+38 -3.4e+38 -3.4e+38 -3.4e+38 -3.4e+38 -3.4e+38 -3.4e+38 -3.4e+38 -3.4e+38 -3.4e+38 -3.4e+38 -3.4e+38 -3.4e+38 -3.4e+38 -3.4e+38 -3.4e+38 -3.4e+38
87 80 98 88 88 1364 77 89 142 321 75 689 -3.4e+38 -3.4e+38 -3.4e+38 -3.4e+38 -3.4e+38 -3.4e+38 -3.4e+38 -3.4e+38 -3.4e+38 -3.4e+38 -3.4e+38 -3.4e+38 -3.4e+38 -3.4e+38 -3.4e+38 -3.4e+38 -3.4e+38 -3.4e+38 -3.4e+38 -3.4e+38 -3.4e+38 -3.4e+38 -3.4e+38 -3.4e+38 -3.4e+38 -3.4e+38 -3.4e+38 -3.4e+38 -3.4e+38 -3.4e+38 -3.4e+38 -3.4e+38 -3.4e+38 -3.4e+38 -3.4e+38 -3.4e+38 -3.4e+38 -3.4e+38 -3.4e+38 -3.4e+38 -3.4e+38 -3.4e+38 -3.4e+38 -3.4e+38 -3.4e+38 -3.4e+38 -3.4e+38 -3.4e+38 -3.4e+38 -3.4e+38 -3.4e+38 -3.4e+38 -3.4e+38
450 450 450 450 450 1364 1364 142 142 321 689 689 106 571 330 310 310 -3.4e+38 -3.4e+38 -3.4e+38 -3.4e+38 -3.4e+38 -3.4e+38 -3.4e+38 -3.4e+38 -3.4e+38 -3.4e+38 -3.4e+38 -3.4e+38 -3.4e+38 -3.4e+38 -3.4e+38 -3.4e+38 -3.4e+38 -3.4e+38 -3.4e+38 -3.4e+38 -3.4e+38 -3.4e+38 -3.4e+38 -3.4e+38 -3.4e+38 -3.4e+38 -3.4e+38 -3.4e+38 -3.4e+38 -3.4e+38 -3.4e+38 -3.4e+38 -3.4e+38 -3.4e+38 -3.4e+38 -3.4e+38 -3.4e+38 -3.4e+38 -3.4e+38 -3.4e+38 -3.4e+38 -3.4e+38 -3.4e+38 186 -3.4e+38 -3.4e+38 110 188
450 450 450 450 450 1364 1364 1364 1364 321 689 689 689 571 310 310 342 247 -3.4e+38 -3.4e+38 -3.4e+38 -3.4e+38 -3.4e+38 -3.4e+38 -3.4e+38 -3.4e+38 -3.4e+38 -3.4e+38 -3.4e+38 -3.4e+38 -3.4e+38 -3.4e+38 -3.4e+38 -3.4e+38 -3.4e+38 -3.4e+38 -3.4e+38 -3.4e+38 -3.4e+38 -3.4e+38 -3.4e+38 -3.4e+38 -3.4e+38 -3.4e+38 -3.4e+38 -3.4e+38 -3.4e+38 -3.4e+38 249 250 298 289 207 251 208 240 224 252 252 552 186 187 455 455 352
1364 1364 1364 450 1364 1364 1364 1364 1364 321 689 689 689 571 342 342 342 322 331 469 304 613 312 -3.4e+38 -3.4e+38 -3.4e+38 346 395 616 -3.4e+38 522 399 -3.4e+38 640 -3.4e+38 -3.4e+38 -3.4e+38 -3.4e+38 -3.4e+38 -3.4e+38 -3.4e+38 -3.4e+38 -3.4e+38 -3.4e+38 -3.4e+38 306 351 432 308 432 298 535 324 587 587 510 510 510 552 552 552 455 455 455 648
1364 1364 1364 1364 1364 1364 1364 1364 1364 1364 689 689 689 571 922 922 613 469 613 613 613 613 462 586 436 559 551 548 616 538 521 503 504 640 632 465 495 -3.4e+38 -3.4e+38 534 452 607 633 497 474 508 560 560 560 573 453 535 587 587 587 587 510 510 552 552 552 455 455 648 648
1364 1364 1364 1364 1364 1364 1364 1364 1364 1364 689 689 689 922 922 922 613 613 613 613 613 613 572 586 586 559 847 616 616 651 651 640 640 640 632 626 627 627 627 627 617 607 633 633 641 621 621 621 603 573 573 562 687 687 587 587 587 587 587 552 962 552 648 648 648
1364 1364 1364 1364 1364 1364 1364 1364 1364 1364 689 689 922 922 922 922 922 690 667 685 692 712 716 720 720 847 847 847 651 651 651 640 2733 640 2733 626 627 627 2733 2733 850 850 633 641 641 628 668 623 -3.4e+38 724 635 687 687 687 687 687 687 687 962 962 962 1008 1008 1008 1008
1364 1364 1364 1364 1364 1364 1364 1156 1156 1156 2097 922 922 922 922 922 922 730 -3.4e+38 708 -3.4e+38 713 694 718 847 847 847 847 1212 1212 1212 2733 2733 2733 2733 2733 2733 850 850 850 850 3445 781 781 781 781 1261 742 732 751 724 736 -3.4e+38 725 866 866 866 962 962 962 962 948 1008 1008 1008
1681 1364 1364 1364 1364 1364 1496 1496 1156 2097 2097 2097 2097 922 922 922 922 1000 1228 860 -3.4e+38 -3.4e+38 -3.4e+38 -3.4e+38 847 847 1212 1212 1212 1212 2733 2733 2733 891 891 848 850 850 850 3445 3445 3445 3445 3445 3445 1261 1261 1261 1261 1002 830 865 961 961 961 866 1536 1536 962 962 962 948 1008 1008 1008
1681 1681 1681 1681 1496 1496 1156 1156 2097 2097 2097 2097 2097 2097 2097 2097 1000 1082 1228 995 944 1260 996 1037 -3.4e+38 1749 1212 1212 2733 2733 2733 2733 2733 2733 947 1038 1001 3445 3445 3445 3445 3445 3445 3445 3445 1261 1261 1002 1002 1002 1536 1536 1536 1536 961 1536 1536 1536 1536 1536 962 1008 1008 1008 1008
1681 1681 1681 1681 1496 1496 1496 1156 2097 2097 2097 2097 2097 2097 2097 2097 2097 1082 1228 1260 1260 1369 1369 1369 1535 1749 1749 2733 2733 2733 2733 2733 2733 2733 3445 3445 3445 3445 3445 3445 3445 3445 3445 3445 3445 1261 3445 1261 1261 1261 2494 1536 1536 1536 1536 1536 1536 1536 1536 1536 1536 1536 1588 1588 1370
1681 1681 1496 1496 1496 1496 -3.4e+38 1367 -3.4e+38 1649 1649 2097 2097 2097 2097 2097 2097 2097 2097 2733 1369 1369 1369 1535 1587 1749 1749 2733 2733 2733 2733 2733 3445 3445 3445 3445 3445 3445 3445 3445 3445 3445 3445 3445 3445 3445 3445 3445 3445 3445 2494 2494 1536 1536 1536 1536 1536 1536 1536 1588 1588 1588 1588 1370 1370
1681 1681 1681 2024 2024 2024 2024 2024 2052 2052 1649 1649 2097 2097 2097 2097 2097 2097 2733 2733 2733 2733 2733 2733 1587 1749 2733 2733 2733 2733 2733 2733 3445 3445 3445 3445 3445 3445 3445 3445 3445 3445 3445 3445 3445 3445 3445 3445 3445 3445 3445 2494 2494 2494 2494 2494 2494 2494 2494 2494 2494 1588 2077 2077 2077
-3.4e+38 1952 1954 2024 2024 2024 2024 2024 2052 2052 2052 2097 2097 2242 2479 2479 2097 2733 2733 2733 2733 2733 2733 2733 2733 2733 2733 2733 2733 2733 2733 3445 3445 3445 3445 3445 3445 3445 3445 3445 3445 3445 3445 3445 3445 3445 3445 3445 3445 3445 2494 2494 2494 2494 2494 2494 2494 2494 2494 2494 2494 2494 2077 2077 2077
-3.4e+38 -3.4e+38 2049 2062 2075 -3.4e+38 2083 2188 2188 2128 2169 2097 2242 2242 2479 2479 2097 2733 2733 2733 2733 2733 2733 2733 2733 2733 2733 2733 2733 2733 3445 3445 3445 3445 3445 3445 3445 3445 3445 3445 3445 3445 3445 3445 3445 3445 3445 3445 3445 3445 2494 2494 2494 2494 2494 2494 2494 2494 2494 2494 2494 2494 2494 2494 2494
-3.4e+38 -3.4e+38 -3.4e+38 -3.4e+38 2139 2161 2168 2168 2140 2162 2169 2242 2242 2242 2479 2479 2479 2733 2733 2733 2733 2733 2733 2733 2733 3445 3445 3445 3445 3445 3445 3445 3445 3445 3445 3445 3445 3445 3445 3445 3445 3900 3900 3445 3445 3445 3900 3900 3900 2494 2494 2494 2494 2494 2494 2494 2539 2494 2494 2494 2494 2494 2494 2494 2494
-3.4e+38 -3.4e+38 -3.4e+38 -3.4e+38 -3.4e+38 -3.4e+38 -3.4e+38 2331 2241 -3.4e+38 -3.4e+38 2267 2267 2479 2479 2479 2479 2733 2733 2733 2733 2733 2733 2733 3445 3445 3445 3445 3445 3445 3445 3445 3445 3445 4434 4434 4434 4434 3445 3445 3900 3900 3900 3900 3900 3900 3900 3900 3900 3900 2494 2494 2494 2494 2494 2539 2539 2539 2539 2508 2498 2494 2336 2336 2336
-3.4e+38 -3.4e+38 -3.4e+38 -3.4e+38 -3.4e+38 -3.4e+38 -3.4e+38 2387 -3.4e+38 -3.4e+38 -3.4e+38 2372 -3.4e+38 2479 2559 2479 2733 2733 2733 2733 2733 2733 2733 2733 3445 3445 3445 3445 3445 3445 3445 3445 3445 4434 4434 4434 4434 4434 4434 3445 3900 3900 3900 3900 3900 3900 3900 3900 3900 3900 2494 2494 2494 3249 3249 3249 2680 2539 2539 2539 2509 2462 2410 2396 2433
-3.4e+38 -3.4e+38 -3.4e+38 -3.4e+38 -3.4e+38 -3.4e+38 -3.4e+38 -3.4e+38 -3.4e+38 -3.4e+38 -3.4e+38 -3.4e+38 2557 2559 2732 3982 3982 3982 2733 2733 2733 2733 2733 3445 3445 3445 3445 3445 3445 3445 3445 3445 3445 4434 4434 4434 4434 4434 4434 3074 3074 3900 3900 3900 3900 3900 3900 3900 3900 3900 3249 3249 3249 3249 3249 3249 3249 2680 2632 2561 -3.4e+38 -3.4e+38 -3.4e+38 -3.4e+38 -3.4e+38
-3.4e+38 -3.4e+38 -3.4e+38 -3.4e+38 -3.4e+38 -3.4e+38 -3.4e+38 -3.4e+38 -3.4e+38 -3.4e+38 -3.4e+38 -3.4e+38 -3.4e+38 -3.4e+38 2732 3982 3982 3982 3982 3982 3445 3445 3445 3445 3445 3445 3445 3445 3445 3445 4434 4434 4434 4434 4434 4434 4434 4434 4434 3074 3074 3900 3900 3900 3900 3900 3900 3900 3900 3900 3900 3900 3249 3249 3249 3249 3249 3249 -3.4e+38 -3.4e+38 -3.4e+38 -3.4e+38 -3.4e+38 -3.4e+38 2765
-3.4e+38 -3.4e+38 -3.4e+38 -3.4e+38 -3.4e+38 -3.4e+38 -3.4e+38 -3.4e+38 2912 -3.4e+38 -3.4e+38 -3.4e+38 2939 2965 -3.4e+38 3982 3982 3982 3982 3445 3445 3445 3445 3445 3445 3445 3445 3445 4434 4434 4434 4434 4434 4434 4434 4434 4434 4434 4434 3074 3074 3074 3900 3900 3900 3900 3900 3900 3900 3900 3900 3900 3900 3249 3249 3249 3249 3249 2917 2918 -3.4e+38 -3.4e+38 -3.4e+38 -3.4e+38 -3.4e+38
-3.4e+38 -3.4e+38 -3.4e+38 -3.4e+38 -3.4e+38 -3.4e+38 -3.4e+38 -3.4e+38 -3.4e+38 -3.4e+38 -3.4e+38 -3.4e+38 -3.4e+38 3278 3982 3982 3982 3982 3982 3982 3445 3445 3445 3445 3445 4434 4434 4434 4434 4434 4434 4434 4434 4434 4434 4434 4434 4434 4434 4434 4434 4434 3248 3248 3900 3900 3900 3900 3900 3900 3900 3900 3900 3746 3249 3249 3249 3746 3136 -3.4e+38 3121 3123 -3.4e+38 3124 -3.4e+38
