Prepped_data/Covariate_Data/All_data/1deg/Palaeo/teyen_DEM_1.asc
NCOLS 360 
NROWS 180 
XLLCORNER -180 
YLLCORNER -90 
CELLSIZE 1 
NODATA_value -9999 
[rows 110 to 131 of 180, columns 50 to 99 of 360]
-4719.99999999153 -4039.99999995786 -3920.00000001268 -3520.00000001435 -4560.00000000991 -5079.99999999558 -4880.00000000158 -4719.99999999368 -4879.99999999684 -3960.00000001421 -4320.00000000887 -4360.00000000158 -4200 -3319.99999998398 -4200.00000000451 -4279.99999999702 -3919.99999999684 -3680.00000000004 -3520.00000000316 -3320 -3200.00000000318 -3240.00000000167 -3199.99999999505 -3160.0000000014 -3479.99999999514 -3319.99999998749 -4279.9999999842 -4520.00000000176 -4560.00000000357 -4560.00000000339 -4640.00000000183 -4719.99999999471 -4679.99999999496 -4520 -4440.00000000158 -4519.99999999453 -4599.99999999449 -4519.9999999976 -4559.99999999842 -4600.00000000361 -4679.99999999842 -4960.00000000366 -5000 -5000 -5000 -5000.00000000217 -5000 -5000 -5000 -5000
-3840.00000000156 -2960.00000002066 -3239.99999999304 -3719.99999999688 -4920.00000000559 -4959.99999999651 -3200.00000003485 -3480.00000003991 -4839.99999999711 -4720.00000000135 -4439.9999999912 -4240.00000000172 -4120.0000000027 -4120.00000000156 -2999.99999999551 -4039.99999999553 -3799.99999998928 -3599.9999999984 -3439.99999999844 -3279.99999999528 -3119.9999999984 -3119.99999999682 -3040.00000000485 -3240.00000000156 -3480.00000000014 -3440.00000000811 -4280.0000000033 -3840.00000001938 -3480.00000002077 -4440 -4559.99999999973 -4440.00000000712 -4479.99999999281 -4280.00000000623 -4039.99999999964 -4000.00000000351 -4399.99999999844 -4519.99999999489 -4560.00000000045 -4760.00000000048 -5000 -5000 -5000 -5000.00000000213 -5000 -5000 -5000.00000000219 -5000 -5000 -5000
-5000 -2639.9999999891 -3360.00000000188 -3560.00000000672 -4919.99999999445 -4840 -4879.99999999001 -4879.99999998465 -4760.00000000174 -4679.99999999097 -4120.00000003185 -4119.99999999287 -3119.99999999471 -4200.00000000442 -4119.99999999553 -3919.99999999702 -3919.99999999688 -3760 -3440.00000000002 -3239.99999999842 -2999.99999999072 -2840.00000000948 -3200.00000000011 -3120.00000000153 -4159.99999999338 -4079.99999999828 -4160.00000000174 -3879.99999999011 -3760.00000001838 -4240.00000000027 -4240.00000000183 -3480.00000003292 -2760.00000005269 -2680.00000009335 -4999.99999999654 -5000 -5000 -5000 -5000 -5000 -5000 -5000 -5000 -5000 -5000 -5000 -5000 -5000 -5000 -5000
-5000 -3280.00000001459 -2359.99999998369 -3240.00000000881 -4480.00000000151 -4599.99999999294 -4719.9999999972 -4759.99999999718 -4760.00000000532 -4999.99999999292 -4879.9999999956 -4640.00000000011 -4359.99999998337 -3680.00000001327 -4279.99999999551 -4160 -4000 -3800.00000000153 -3400.00000000151 -3279.9999999954 -2959.99999999368 -2320.00000001232 -3480.00000000165 -3799.99999999499 -3839.99999999716 -3679.99999998345 -3719.99999996605 -2600.0000000005 -3600 -4359.99999999783 -5000 -5000 -5000 -5000 -5000 -5000 -5000 -5000 -5000 -5000 -5039.99999999643 -5000 -5000 -5000 -5000 -5000.00000000151 -5000 -5000 -5000 -5000
-5000 -5000 -2279.99999999642 -2880.00000001812 -4279.99999999975 -4520.00000000424 -4720 -4639.99999999106 -4639.99999999734 -4640 -4760.00000000011 -4560.00000000429 -4440.00000000298 -4439.9999999986 -4119.99999999409 -3960.00000000298 -3959.99999998048 -3680.00000000307 -3639.99999999844 -3079.9999999842 -3039.99999997148 -3319.99999999377 -3840.0000000033 -4160.0000000028 -4239.99999999553 -3880.00000001351 -4439.99999999528 -4199.99999998714 -4359.99999999792 -4360.00000000298 -5000 -5000 -5000 -5000 -5000.00000000149 -5000.00000000194 -5000 -5000 -5000 -5000 -5000.00000000206 -5000 -5000 -5000.00000000213 -5000 -5000 -5039.99999999632 -5000 -5000 -5000
-4999.99999999885 -5000 -2519.99999999311 -3279.99999999313 -4520.00000000124 -4599.99999999853 -4599.99999999871 -4400.00000000555 -4519.9999999972 -4320.00000000564 -4640 -4559.99999999567 -4400.00000000147 -4199.99999999855 -3519.999999978 -2440.00000001471 -3400.00000000289 -3120.00000000559 -3000.00000000587 -2719.99999998962 -2759.99999999212 -2080.00000004571 -3040.00000001153 -4279.99999999666 -4079.99999999583 -3799.99999999607 -3919.99999999945 -4320.00000000117 -4160.00000000472 -4239.99999999345 -4119.99999998865 -5000 -5000 -5000.0000000019 -5000 -5000 -5000 -5000 -5000 -5000 -5000 -5000.00000000208 -5000 -5000 -4960.00000000723 -5000 -5000 -5000.00000000147 -5000 -5000
-5000 -5000 -3559.99999999975 -3839.99999999901 -4480.00000000309 -4479.99999999982 -4440.00000000144 -4439.99999999842 -4440.00000000144 -4400 -4399.99999999299 -4319.9999999986 -4319.99999999718 -3680.00000000433 -3439.99999999709 -2319.99999997658 -2479.99999997229 -1959.99999999982 -1719.99999999688 -2679.99999999842 -1440.00000000082 -4079.99999999711 -4200.0000000002 -4279.99999999688 -4040.00000000339 -3920.00000000975 -3599.99999998615 -4239.99999999648 -4079.99999999354 -4160.0000000047 -4279.99999999894 -4439.99999999815 -4760.00000000996 -5000 -5000 -5000 -5000.00000000144 -5000 -5000 -5000.00000000203 -5000.00000000206 -5000 -5000 -5000 -4959.99999998852 -4600 -5039.99999999636 -5000 -5000 -5000
-5000 -5000.00000000142 -4999.99999999761 -4479.99999999594 -4480.00000000922 -4400.00000000521 -4320 -4040.00000000438 -4240.00000000408 -4080.00000000832 -3720.00000000151 -3160.00000000699 -3479.99999999716 -3239.99999999853 -2719.99999999995 -2400.00000000298 -2400.00000000142 -1959.99999999551 -959.99999999161 -2240.00000000032 -2000.00000000871 -2240.00000001929 -4199.99999999881 -4120 -4120.00000000339 -4080.00000000456 -3600.00000000252 -4279.99999999682 -4279.99999999431 -4319.99999998993 -4200.00000000325 -4160.00000000241 -4599.99999999812 -4679.99999999668 -4840 -4640.00000001682 -4999.99999999519 -4999.99999999858 -5000 -4999.99999999654 -4760.00000000078 -5000 -4839.99999998249 -4520.00000001347 -4759.99999998704 -4840.00000000868 -4200 -5000.00000000222 -5000 -5000
-4999.9999999986 -5039.99999999743 -4960.00000000259 -4239.99999999738 -4400.00000000404 -4519.9999999986 -4160.00000000688 -4279.99999999301 -3440.0000000207 -3160.00000003446 -2160.00000003741 -3120.00000001119 -2480.00000000156 -2079.99999998425 -1120.00000001606 -1920.00000000857 -1880.00000000257 -1800.00000000447 -2199.9999999986 -2000.00000001495 -2679.99999999543 -3199.99999999418 -4080.0000000028 -4120.00000000474 -4119.9999999986 -4439.99999999237 -4440 -4359.9999999986 -4280.0000000014 -4360 -4399.9999999986 -4399.99999999353 -4359.99999999952 -4719.9999999995 -4799.9999999986 -4600.0000000014 -4480.00000000647 -4599.9999999972 -4400.00000000263 -4240.00000001386 -3840.00000000206 -3720.00000000559 -4519.99999999369 -3680.00000001672 -2800.00000003342 -5000 -4599.99999998881 -5000 -5000 -5000
-4960.00000000252 -5000.00000000117 -4999.99999999862 -4359.99999999466 -4440.00000000124 -4560 -4239.99999999871 -4200.00000000942 -4039.99999999725 -3959.99999999862 -3440.00000000275 -2999.99999999732 -3399.99999999014 -2879.99999999718 -2239.99999998157 -1839.99999998716 -1679.99999997868 -1759.99999999005 -2280.00000000311 -2759.99999999822 -3120.00000000618 -2880.000000003 -3720.00000001045 -3360.00000001828 -4040.00000000032 -4320.00000000034 -4439.99999999964 -4439.99999999961 -4280.00000000041 -4400 -4599.99999999542 -4160.00000000741 -4080.00000001913 -4480.00000000792 -4720.00000000989 -4799.99999999862 -4679.99999999803 -4520.00000000199 -4559.99999999661 -4360.00000000138 -4160 -3840.00000000963 -3959.99999998317 -3560.00000001563 -2720.00000002373 -4959.99999999645 -5039.99999999643 -5000 -5000 -5000
-5000 -5000 -5000 -4320.00000000122 -4319.99999999741 -4440.00000000135 -4120.00000001434 -4119.99999999599 -4000.00000000133 -4040.00000000135 -3880.00000000002 -2319.99999999869 -3439.99999999885 -2120.00000003906 -2599.99999999977 -2479.99999999324 -2040.00000002005 -2040.00000000252 -2520.00000000041 -2599.99999997858 -2759.99999999629 -3159.99999999865 -3199.99999999835 -4000.00000000605 -4000.00000000034 -4280.00000000614 -4159.99999999845 -4399.99999999959 -4480.00000000135 -4480.00000000045 -4599.99999999865 -4599.99999999865 -4520.00000000323 -4440.0000000065 -4719.99999999537 -4520.00000000854 -4680 -4480.00000000071 -4240.00000000271 -4520 -4240.00000000206 -4199.99999999792 -4359.99999999234 -3800.00000001063 -4239.99999998711 -4999.99999999865 -5000 -5000 -5000 -5000
-5000 -5000 -4960.00000000372 -4320.00000000243 -4199.99999999734 -3880.00000000225 -3880.00000000917 -3879.99999999342 -3960.00000000133 -4000.00000000401 -3919.99999999862 -3759.99999999567 -3480.00000000133 -3479.99999999457 -1999.99999999318 -1920.00000002357 -1600.0000000387 -1800.00000003121 -2680.00000000311 -2160.00000002245 -2800.00000000668 -3040.00000000133 -3200.00000000133 -3520.00000001033 -4279.99999999625 -4199.99999999961 -4440.00000000133 -4360 -4480 -4559.99999999867 -4520.00000000133 -4600.00000000318 -4399.99999999922 -4680 -4559.9999999935 -4639.99999999806 -4679.99999999803 -4440.00000000332 -4479.99999999464 -4240 -4519.99999999661 -4199.99999999792 -4079.99999999292 -3719.99999999761 -4720.00000001606 -4999.99999999783 -5000.00000000219 -5000 -5000 -5000.00000000133
-5000 -5000 -4999.9999999975 -4359.99999999766 -4080.00000000516 -4079.99999999748 -3359.99999999869 -3680.00000000261 -3520.00000000651 -3800.00000000261 -4039.99999999732 -3919.99999999729 -3759.99999999324 -3280.00000000248 -3160.00000000131 -2960.0000000041 -2560.0000000161 -2120.0000000108 -2919.99999999221 -2680.00000000501 -2520.00000000439 -2959.99999999675 -3359.99999999869 -3399.99999999811 -4119.99999999792 -4359.9999999991 -4280.00000000217 -4399.99999999954 -4480.00000000488 -4719.99999999688 -4520.00000000183 -4560.00000000371 -4480.00000000204 -4719.99999999869 -4479.99999999808 -4320.00000000389 -4560.00000000197 -4479.99999999801 -4399.99999999799 -4319.99999999796 -4079.99999999794 -4000.00000000131 -3440.00000000261 -3839.99999999951 -4039.99999999944 -4999.99999999869 -5000 -5039.99999999647 -5000 -5000
-5000 -5000 -5000 -4160.00000000365 -4039.99999999624 -3000.00000001666 -4040.00000000385 -4000.0000000039 -3720.0000000078 -3600.00000000527 -3839.99999999862 -3839.9999999986 -3799.99999999872 -3440.0000000016 -3159.99999999542 -3199.99999999851 -2960.00000000325 -2800.00000000232 -2600.00000001137 -3279.99999999802 -2759.9999999878 -2680.00000000873 -4000.00000000366 -4039.99999999833 -4040.00000000087 -4120.000000003 -4360.00000000476 -4399.99999999824 -4360.00000000178 -4320.0000000049 -4480.00000000311 -4440.0000000164 -4720 -4759.99999999553 -4439.99999999936 -4480.00000000451 -4440.00000000128 -4559.99999999672 -4359.9999999967 -4239.99999999668 -4119.99999999794 -3880.0000000008 -4040.0000000021 -3880.00000000128 -4480.0000000185 -5000 -5000 -5000.00000000222 -5000 -5000
-4999.99999999874 -4999.99999999874 -5000 -4159.99999999504 -3959.99999999995 -2720 -3960.00000000383 -3560.00000002448 -4200.00000000259 -4159.99999999991 -3839.9999999821 -2240.00000006524 -3719.99999999337 -3280.0000000038 -3360.00000000167 -2720.00000000161 -2639.99999998967 -2800.0000000028 -2080.00000000542 -2640.0000000019 -2519.99999999383 -2640.00000000704 -3919.99999999835 -4119.99999999454 -4119.9999999983 -4359.99999999586 -4399.99999999952 -4559.99999999824 -4519.99999999338 -4560.00000000181 -4440.00000000057 -4799.99999999874 -4999.99999999062 -4639.99999999494 -4520.00000000192 -4440.00000000321 -4559.99999999677 -4320.00000000126 -4240 -4239.99999999796 -4119.99999999668 -3960.00000000208 -4039.99999999453 -3639.99999998126 -4320.00000000341 -5000 -5000 -5000 -5000.00000000224 -5000
-5000 -4960.00000000241 -5000 -3880.00000000739 -4080.00000000248 -3880.00000000376 -4079.99999999624 -4039.99999999243 -4200.0000000078 -4239.99999999989 -4160.00000000124 -3879.99999998605 -3600.00000000886 -3679.99999999587 -3719.99999999752 -3399.99999999231 -3080.00000000701 -1999.99999997644 -2759.99999998757 -2519.9999999947 -2800.00000000145 -2680.00000000859 -3600.0000000066 -4039.99999999208 -4079.99999999954 -4439.9999999958 -4400 -4400.00000000248 -4440.00000000357 -4480.00000000124 -4560.00000000307 -4800.00000000618 -4400.0000000137 -4600.00000000124 -4320.0000000158 -4400.00000000124 -4359.99999998841 -4079.99999999925 -4119.99999999923 -4119.99999999796 -4000.00000000288 -3879.99999999916 -3999.99999999208 -4199.99999998937 -5000 -5000 -5000 -5039.99999999654 -5000 -5000
-5000 -5039.99999999761 -5000 -4200 -3880.00000000739 -4079.9999999963 -4159.99999999493 -4119.99999999364 -4200.00000000255 -4079.99999999 -4159.99999999635 -3880.00000000906 -3920.00000000162 -3600.00000000798 -3600.0000000039 -3320.00000000608 -3279.99999999908 -3079.99999999815 -1599.99999998395 -2439.99999999526 -2600.00000001045 -2919.99999999675 -2800.00000000243 -4000.00000000578 -4160.00000000122 -4359.99999999878 -4399.99999999826 -4360.00000000176 -4560.00000000057 -4559.99999999878 -4760.00000000183 -4800 -4720.00000000309 -4679.99999999499 -4599.99999999686 -4439.99999999101 -4319.99999999607 -4199.9999999916 -3920.00000000201 -4079.99999999593 -3920 -3960.0000000033 -3919.99999999579 -3720.00000001611 -4919.99999999392 -5000.00000000122 -5000 -5000 -5000 -5000
-5000 -5000 -4999.99999999522 -4479.99999999759 -3959.99999999633 -4240.00000000119 -4240 -4280 -4280.00000000133 -4159.99999999523 -4200.00000000257 -3680.00000000099 -3919.99999999738 -3879.9999999887 -3640.00000000651 -3320.00000000119 -3120.00000000032 -2759.99999999523 -2680 -2679.999999981 -2080.00000001999 -2679.99999999393 -2559.99999999642 -3440.00000000525 -3999.99999999322 -4240.00000000067 -4320.00000000174 -4280.00000000176 -4479.9999999988 -4599.999999997 -4680 -4720.00000000185 -4760.00000000068 -4720 -4559.99999999808 -4399.99999999806 -3960.00000000555 -3520.00000000796 -3840.00000000402 -3880 -3960.00000000119 -4040.00000000119 -3880.00000000091 -3639.99999999549 -4999.9999999957 -5000 -5000 -5000 -5000.00000000224 -5000
-5000 -5000 -4799.99999999287 -4519.99999999519 -3960.00000000962 -4400.00000000369 -4400.00000000362 -4400 -4479.99999999883 -4399.99999999883 -4200.00000000371 -4199.99999999744 -3919.99999999949 -3519.99999999306 -3440.00000000673 -3239.99999999883 -3119.99999999499 -3039.99999999576 -2759.99999999611 -2680.00000000158 -2599.99999999679 -2640.00000000721 -2480.00000000358 -2520.00000001337 -4199.99999999037 -4279.99999999595 -4320 -4359.99999999824 -4480.00000000295 -4560.00000000297 -4679.99999999401 -4680.00000000116 -4839.99999999625 -4759.9999999981 -4559.99999999691 -4439.99999999922 -4199.99999999803 -3639.99999999403 -3560.00000000837 -3840.00000000203 -3960.00000000206 -4039.99999999675 -3960.0000000021 -3480.00000000617 -4960.00000000117 -5000 -5000 -5000 -5000 -5000.00000000116
-5000 -4999.99999999886 -4799.99999999881 -4639.99999999521 -4320.00000000714 -4440.00000000367 -4480.00000000257 -4479.99999999967 -4519.99999999886 -4479.99999999771 -4279.99999999977 -4319.99999999886 -4159.99999999972 -3960.0000000006 -3839.99999999739 -3639.99999998341 -3039.99999999963 -3199.99999999122 -2999.99999999886 -2999.99999999455 -2799.99999999725 -2640.00000000439 -2520.00000001218 -2879.99999999939 -3520.00000000847 -4199.99999999599 -4240.0000000006 -4320.00000000467 -4400 -4559.99999999819 -4560.00000000297 -4719.999999997 -4840.00000000073 -4720.00000000304 -4599.99999999694 -4320 -3960.00000000229 -3639.99999999915 -3720.0000000006 -3720.00000001271 -3840.0000000032 -3959.99999999792 -3879.99999999465 -2800.00000000641 -4480.00000000329 -5000 -5000 -5000 -5000.00000000224 -5000
-5039.99999999773 -4999.99999999888 -4760.00000000343 -4639.99999999869 -4519.99999999204 -4120.00000000786 -4519.99999999262 -4520.00000000579 -4439.99999999867 -4239.99999999888 -4359.9999999975 -4200.00000000224 -4279.99999999888 -4239.99999999888 -3960.00000000328 -3480.0000000041 -3719.99999998342 -2760.00000000166 -2839.99999999508 -2920 -2719.99999996908 -2840.00000000061 -2879.99999999829 -2839.99999999499 -2960.00000000902 -3960.00000000627 -4120 -4279.99999999888 -4400.00000000112 -4519.99999999888 -4560.00000000112 -4839.99999999703 -4800 -4839.99999999586 -4400 -4040.00000000194 -3839.99999999495 -3679.99999999689 -3639.99999999687 -3919.99999999684 -3720 -3799.99999999808 -3759.99999999481 -3160.00000000313 -3600 -5000.00000000217 -5000 -5000.00000000112 -5000 -5000
-5000.00000000115 -4919.99999996011 -4640.00000000348 -4480.00000000243 -4479.99999999781 -4480.00000000472 -4399.99999999376 -4599.9999999976 -4480.0000000011 -4159.99999999678 -4360.00000000028 -4240.0000000025 -4199.99999999858 -4200 -4080.00000000622 -3840.00000000666 -3760.0000000011 -3200.00000000263 -3039.99999999954 -3040.00000000158 -2760.00000000059 -2999.99999999293 -2959.99999999835 -3039.99999999666 -2919.9999999984 -3200.00000001016 -4199.9999999989 -4279.99999999714 -4360 -4520 -4600.00000000366 -4799.9999999989 -4720.00000000407 -4600.00000000219 -4160.00000000219 -3879.99999999806 -3720 -3600.00000000199 -3599.99999999689 -3720.0000000083 -3639.9999999989 -3720.0000000011 -3559.99999999159 -3359.99999999671 -4240.00000002688 -5000 -5000 -5000 -5000 -5000.0000000011
