Prepped_data/Covariate_Data/All_data/1deg/Palaeo/teyen_sed_1.asc
NCOLS 360 
NROWS 90 
XLLCORNER -180 
YLLCORNER 0 
CELLSIZE 1 
NODATA_value -3.4e+38 
[rows 0 to 28 of 90, columns 65 to 129 of 360]
-3.4e+38 -3.4e+38 -3.4e+38 -3.4e+38 -3.4e+38 -3.4e+38 -3.4e+38 -3.4e+38 -3.4e+38 -3.4e+38 -3.4e+38 -3.4e+38 -3.4e+38 -3.4e+38 -3.4e+38 -3.4e+38 -3.4e+38 -3.4e+38 -3.4e+38 -3.4e+38 -3.4e+38 -3.4e+38 -3.4e+38 -3.4e+38 -3.4e+38 -3.4e+38 -3.4e+38 -3.4e+38 -3.4e+38 -3.4e+38 -3.4e+38 -3.4e+38 -3.4e+38 -3.4e+38 -3.4e+38 -3.4e+38 -3.4e+38 -3.4e+38 -3.4e+38 -3.4e+38 -3.4e+38 -3.4e+38 -3.4e+38 -3.4e+38 -3.4e+38 -3.4e+38 -3.4e+38 -3.4e+38 -3.4e+38 -3.4e+38 -3.4e+38 -3.4e+38 -3.4e+38 -3.4e+38 -3.4e+38 -3.4e+38 -3.4e+38 -3.4e+38 -3.4e+38 -3.4e+38 -3.4e+38 -3.4e+38 -3.4e+38 -3.4e+38 -3.4e+38
-3.4e+38 -3.4e+38 -3.4e+38 -3.4e+38 -3.4e+38 -3.4e+38 -3.4e+38 -3.4e+38 -3.4e+38 -3.4e+38 -3.4e+38 -3.4e+38 -3.4e+38 -3.4e+38 -3.4e+38 -3.4e+38 -3.4e+38 -3.4e+38 -3.4e+38 -3.4e+38 -3.4e+38 -3.4e+38 -3.4e+38 -3.4e+38 -3.4e+38 -3.4e+38 -3.4e+38 -3.4e+38 -3.4e+38 -3.4e+38 -3.4e+38 -3.4e+38 -3.4e+38 -3.4e+38 -3.4e+38 -3.4e+38 -3.4e+38 -3.4e+38 -3.4e+38 -3.4e+38 -3.4e+38 -3.4e+38 -3.4e+38 -3.4e+38 -3.4e+38 -3.4e+38 -3.4e+38 -3.4e+38 -3.4e+38 -3.4e+38 -3.4e+38 -3.4e+38 -3.4e+38 -3.4e+38 -3.4e+38 -3.4e+38 -3.4e+38 -3.4e+38 -3.4e+38 -3.4e+38 -3.4e+38 -3.4e+38 -3.4e+38 -3.4e+38 -3.4e+38
-3.4e+38 -3.4e+38 -3.4e+38 -3.4e+38 -3.4e+38 -3.4e+38 -3.4e+38 -3.4e+38 -3.4e+38 -3.4e+38 -3.4e+38 -3.4e+38 -3.4e+38 -3.4e+38 -3.4e+38 -3.4e+38 -3.4e+38 -3.4e+38 -3.4e+38 -3.4e+38 -3.4e+38 -3.4e+38 -3.4e+38 -3.4e+38 -3.4e+38 -3.4e+38 -3.4e+38 -3.4e+38 -3.4e+38 -3.4e+38 -3.4e+38 -3.4e+38 -3.4e+38 -3.4e+38 -3.4e+38 -3.4e+38 -3.4e+38 -3.4e+38 -3.4e+38 -3.4e+38 -3.4e+38 -3.4e+38 -3.4e+38 -3.4e+38 -3.4e+38 -3.4e+38 -3.4e+38 -3.4e+38 -3.4e+38 -3.4e+38 -3.4e+38 -3.4e+38 -3.4e+38 -3.4e+38 -3.4e+38 -3.4e+38 -3.4e+38 -3.4e+38 -3.4e+38 -3.4e+38 -3.4e+38 -3.4e+38 -3.4e+38 -3.4e+38 -3.4e+38
-3.4e+38 -3.4e+38 -3.4e+38 -3.4e+38 -3.4e+38 -3.4e+38 -3.4e+38 -3.4e+38 -3.4e+38 -3.4e+38 -3.4e+38 -3.4e+38 -3.4e+38 -3.4e+38 -3.4e+38 -3.4e+38 -3.4e+38 -3.4e+38 -3.4e+38 -3.4e+38 -3.4e+38 -3.4e+38 -3.4e+38 -3.4e+38 -3.4e+38 -3.4e+38 -3.4e+38 -3.4e+38 -3.4e+38 -3.4e+38 -3.4e+38 -3.4e+38 -3.4e+38 -3.4e+38 -3.4e+38 -3.4e+38 -3.4e+38 -3.4e+38 -3.4e+38 -3.4e+38 -3.4e+38 -3.4e+38 -3.4e+38 -3.4e+38 -3.4e+38 -3.4e+38 -3.4e+38 -3.4e+38 -3.4e+38 -3.4e+38 -3.4e+38 -3.4e+38 -3.4e+38 -3.4e+38 -3.4e+38 -3.4e+38 -3.4e+38 -3.4e+38 -3.4e+38 -3.4e+38 -3.4e+38 -3.4e+38 -3.4e+38 -3.4e+38 -3.4e+38
-3.4e+38 -3.4e+38 -3.4e+38 -3.4e+38 -3.4e+38 -3.4e+38 -3.4e+38 -3.4e+38 -3.4e+38 -3.4e+38 -3.4e+38 -3.4e+38 -3.4e+38 -3.4e+38 -3.4e+38 -3.4e+38 -3.4e+38 -3.4e+38 -3.4e+38 -3.4e+38 -3.4e+38 -3.4e+38 -3.4e+38 -3.4e+38 -3.4e+38 -3.4e+38 -3.4e+38 -3.4e+38 -3.4e+38 -3.4e+38 -3.4e+38 -3.4e+38 -3.4e+38 -3.4e+38 -3.4e+38 -3.4e+38 -3.4e+38 -3.4e+38 -3.4e+38 -3.4e+38 -3.4e+38 -3.4e+38 -3.4e+38 -3.4e+38 -3.4e+38 -3.4e+38 -3.4e+38 -3.4e+38 -3.4e+38 -3.4e+38 -3.4e+38 -3.4e+38 -3.4e+38 -3.4e+38 -3.4e+38 -3.4e+38 -3.4e+38 -3.4e+38 -3.4e+38 -3.4e+38 -3.4e+38 -3.4e+38 -3.4e+38 -3.4e+38 -3.4e+38
-3.4e+38 -3.4e+38 -3.4e+38 -3.4e+38 -3.4e+38 -3.4e+38 -3.4e+38 -3.4e+38 -3.4e+38 -3.4e+38 -3.4e+38 -3.4e+38 -3.4e+38 -3.4e+38 -3.4e+38 -3.4e+38 -3.4e+38 -3.4e+38 -3.4e+38 -3.4e+38 -3.4e+38 -3.4e+38 -3.4e+38 -3.4e+38 -3.4e+38 -3.4e+38 -3.4e+38 -3.4e+38 -3.4e+38 -3.4e+38 -3.4e+38 -3.4e+38 -3.4e+38 -3.4e+38 -3.4e+38 -3.4e+38 -3.4e+38 -3.4e+38 -3.4e+38 -3.4e+38 -3.4e+38 -3.4e+38 -3.4e+38 -3.4e+38 -3.4e+38 -3.4e+38 -3.4e+38 -3.4e+38 -3.4e+38 -3.4e+38 -3.4e+38 -3.4e+38 -3.4e+38 -3.4e+38 -3.4e+38 -3.4e+38 -3.4e+38 -3.4e+38 -3.4e+38 -3.4e+38 -3.4e+38 -3.4e+38 -3.4e+38 -3.4e+38 -3.4e+38
-3.4e+38 -3.4e+38 -3.4e+38 -3.4e+38 -3.4e+38 -3.4e+38 -3.4e+38 -3.4e+38 -3.4e+38 -3.4e+38 -3.4e+38 -3.4e+38 -3.4e+38 -3.4e+38 -3.4e+38 -3.4e+38 -3.4e+38 -3.4e+38 -3.4e+38 -3.4e+38 -3.4e+38 -3.4e+38 -3.4e+38 -3.4e+38 -3.4e+38 -3.4e+38 -3.4e+38 -3.4e+38 -3.4e+38 -3.4e+38 -3.4e+38 -3.4e+38 -3.4e+38 -3.4e+38 -3.4e+38 -3.4e+38 -3.4e+38 -3.4e+38 -3.4e+38 -3.4e+38 -3.4e+38 -3.4e+38 -3.4e+38 -3.4e+38 -3.4e+38 -3.4e+38 -3.4e+38 -3.4e+38 -3.4e+38 -3.4e+38 -3.4e+38 -3.4e+38 -3.4e+38 -3.4e+38 -3.4e+38 -3.4e+38 -3.4e+38 -3.4e+38 -3.4e+38 -3.4e+38 -3.4e+38 -3.4e+38 -3.4e+38 -3.4e+38 -3.4e+38
-3.4e+38 -3.4e+38 -3.4e+38 -3.4e+38 -3.4e+38 -3.4e+38 -3.4e+38 -3.4e+38 -3.4e+38 -3.4e+38 -3.4e+38 -3.4e+38 -3.4e+38 -3.4e+38 -3.4e+38 -3.4e+38 -3.4e+38 -3.4e+38 -3.4e+38 -3.4e+38 -3.4e+38 -3.4e+38 -3.4e+38 -3.4e+38 -3.4e+38 -3.4e+38 -3.4e+38 -3.4e+38 -3.4e+38 -3.4e+38 -3.4e+38 -3.4e+38 -3.4e+38 -3.4e+38 -3.4e+38 -3.4e+38 -3.4e+38 -3.4e+38 -3.4e+38 -3.4e+38 -3.4e+38 -3.4e+38 -3.4e+38 -3.4e+38 -3.4e+38 -3.4e+38 -3.4e+38 -3.4e+38 -3.4e+38 -3.4e+38 -3.4e+38 -3.4e+38 -3.4e+38 -3.4e+38 -3.4e+38 -3.4e+38 -3.4e+38 -3.4e+38 -3.4e+38 -3.4e+38 -3.4e+38 -3.4e+38 -3.4e+38 -3.4e+38 -3.4e+38
-3.4e+38 -3.4e+38 -3.4e+38 -3.4e+38 515 -3.4e+38 -3.4e+38 711 16 20 -3.4e+38 -3.4e+38 -3.4e+38 -3.4e+38 -3.4e+38 -3.4e+38 -3.4e+38 -3.4e+38 -3.4e+38 -3.4e+38 -3.4e+38 -3.4e+38 -3.4e+38 -3.4e+38 -3.4e+38 -3.4e+38 -3.4e+38 -3.4e+38 -3.4e+38 -3.4e+38 -3.4e+38 -3.4e+38 -3.4e+38 -3.4e+38 -3.4e+38 -3.4e+38 -3.4e+38 -3.4e+38 -3.4e+38 -3.4e+38 -3.4e+38 -3.4e+38 -3.4e+38 -3.4e+38 -3.4e+38 -3.4e+38 -3.4e+38 -3.4e+38 -3.4e+38 -3.4e+38 -3.4e+38 -3.4e+38 -3.4e+38 -3.4e+38 -3.4e+38 -3.4e+38 -3.4e+38 -3.4e+38 -3.4e+38 -3.4e+38 -3.4e+38 -3.4e+38 -3.4e+38 -3.4e+38 -3.4e+38
-3.4e+38 147 174 919 92 733 149 711 811 811 175 202 565 -3.4e+38 -3.4e+38 -3.4e+38 93 150 110 -3.4e+38 -3.4e+38 114 -3.4e+38 -3.4e+38 -3.4e+38 -3.4e+38 -3.4e+38 -3.4e+38 -3.4e+38 -3.4e+38 -3.4e+38 -3.4e+38 -3.4e+38 -3.4e+38 -3.4e+38 -3.4e+38 -3.4e+38 -3.4e+38 -3.4e+38 -3.4e+38 -3.4e+38 -3.4e+38 -3.4e+38 -3.4e+38 -3.4e+38 -3.4e+38 -3.4e+38 -3.4e+38 -3.4e+38 -3.4e+38 -3.4e+38 132 155 270 158 298 204 271 96 285 205 721 721 721 721
296 1720 1720 919 919 733 711 711 811 811 811 565 409 409 233 261 278 332 264 -3.4e+38 -3.4e+38 -3.4e+38 -3.4e+38 -3.4e+38 -3.4e+38 -3.4e+38 -3.4e+38 -3.4e+38 -3.4e+38 -3.4e+38 -3.4e+38 -3.4e+38 -3.4e+38 -3.4e+38 -3.4e+38 -3.4e+38 -3.4e+38 -3.4e+38 -3.4e+38 -3.4e+38 -3.4e+38 412 266 283 284 297 269 -3.4e+38 250 457 251 505 448 448 356 356 298 271 285 721 721 721 721 721 721
1720 1720 1720 919 919 733 711 711 811 811 811 565 409 666 666 443 2955 2955 591 692 609 453 -3.4e+38 -3.4e+38 -3.4e+38 -3.4e+38 -3.4e+38 734 734 445 376 659 -3.4e+38 550 568 642 682 504 481 434 489 412 412 583 456 456 663 663 643 457 457 457 505 448 448 448 721 721 721 721 721 721 721 721 721
1720 1720 919 919 919 733 711 711 811 811 811 565 666 666 666 641 2955 2955 692 609 609 592 566 635 -3.4e+38 681 518 734 734 734 659 659 624 550 568 642 682 682 682 682 682 682 682 583 663 663 663 663 663 643 643 643 505 505 721 721 721 721 721 721 721 721 721 721 721
1720 919 919 919 733 733 711 811 811 811 811 666 666 666 666 641 2955 692 692 609 692 2955 2955 635 623 681 734 734 734 734 734 659 659 624 642 642 682 682 682 682 682 2955 2955 2955 663 663 663 663 663 643 643 1985 1985 1985 721 721 721 721 1985 721 721 721 721 721 721
919 919 919 919 733 733 811 811 2955 2955 2955 2955 2955 2955 2955 2955 2955 2955 692 2955 2955 2955 2955 2955 2955 2955 2955 2955 2955 734 734 2955 2955 2955 2955 2955 2955 2955 2955 2955 2955 2955 2955 2955 2955 2955 2955 2955 2955 2955 1985 1985 1985 1985 1985 1985 1985 1985 1985 1985 1985 1985 721 721 721
1720 919 919 919 919 919 919 811 2955 2955 2955 2955 2955 2955 2955 2955 2955 2955 2955 2955 2955 2955 2955 2955 2955 2955 2955 2955 2955 2955 2955 2955 2955 2955 2955 2955 2955 2955 2955 2955 2955 2955 2955 2955 2955 2955 2955 2955 2955 2955 2955 1985 1985 1985 1985 1985 1985 1985 1985 1985 1985 1985 1985 1985 1985
1720 1720 1720 919 919 919 919 919 1720 2955 2955 2955 2955 2955 2955 2955 2955 2955 2955 2955 2955 2955 2955 2955 2955 2955 2955 2955 2955 2955 2955 2955 2955 2955 2955 2955 2955 2955 2955 2955 2955 2955 2955 2955 2955 2955 2955 2955 2955 1985 1985 1985 1985 1985 1985 1985 1985 1985 1985 1985 1985 1985 1985 1985 1985
1720 1720 1720 1720 1720 1720 1720 1720 1720 1720 1720 1720 2955 2955 2955 2955 2955 2955 2955 2955 2955 2955 2955 2955 2955 2955 2955 2955 2955 2955 2955 2955 2955 2955 2955 2955 2955 2955 2955 2955 2955 2955 2955 2955 2955 2955 2955 2955 1985 1985 1985 1985 1985 1985 1985 1985 1985 1985 1985 1985 1985 1985 1985 1985 1985
1720 1720 1720 1720 1720 1720 1720 1720 1720 1720 1720 1720 1720 2955 2955 2955 2955 2955 2955 2955 2955 2955 2955 2955 2955 2955 2955 2955 2955 2955 2955 2955 2955 2955 2955 2955 2955 2955 2955 2955 2955 2955 2955 2955 2955 2955 2955 1985 1985 1985 1985 1985 1985 1985 1985 1985 1985 1985 1985 1985 1985 1985 1985 1985 1985
1720 1720 1720 1720 1720 1720 1720 1720 1720 1720 1720 1720 1720 2955 2955 2955 2955 2955 2955 2955 2955 2955 2955 2955 2955 2955 2955 2955 2955 2955 2955 2955 2955 2955 2955 2955 2955 2955 2955 2955 2955 2955 2955 2955 2955 1985 1985 1985 1985 1985 1985 1985 1985 1985 1985 1985 1985 1985 1985 1985 1985 1985 1985 1985 1985
1744 1744 1720 1720 1720 1720 1720 1720 1720 1720 1720 1720 1720 1720 2955 2955 2955 2955 2955 2955 2955 2955 2955 2955 2955 2955 2955 2955 2955 2955 2955 2955 2955 2955 2955 2955 2955 2955 2955 2955 2955 2955 2955 2955 2955 2955 1985 1985 1985 1985 1985 1985 1985 1985 1985 1985 1985 1985 1985 1985 1985 1985 1985 1985 1985
1709 1744 1744 1744 1720 1720 1720 1720 1720 1720 2071 2071 1720 2955 2955 2955 2955 2955 2955 2955 2955 2955 2955 2955 2955 2955 2955 2955 2955 2955 2955 2955 2955 2955 2955 2955 2955 2955 2955 2955 2955 2955 2955 2955 2955 2955 1985 1985 1985 1985 1985 1985 1985 1985 1985 1985 1879 1879 1985 1985 1985 1985 1858 1903 1985
1726 1744 1744 1744 1792 1792 1792 1792 1720 2071 2071 2071 2955 2955 2955 2955 2955 2955 2955 2955 2955 2955 2955 2955 2955 2955 2955 2955 2955 2955 2955 2955 2955 2955 2955 2955 2955 2955 2955 2955 2955 2955 2955 2955 2955 1985 1985 1985 1985 1985 1985 1985 1985 2036 2036 2036 1879 1879 1879 1879 1858 1858 1858 1808 1903
-3.4e+38 1783 1790 1833 1819 1820 1786 1835 1835 2071 2071 2071 2071 2955 2955 2955 2955 2955 2955 2955 2955 2955 2955 2955 2955 2955 2955 2955 2955 2955 2955 2955 2955 2955 2955 2955 3584 2955 3584 3584 3584 3584 3584 2955 3584 3584 3584 1985 1985 1985 2036 2036 2036 2036 2036 2036 2036 1986 1879 1879 1896 1853 1858 1808 1869
-3.4e+38 -3.4e+38 -3.4e+38 1928 2136 1945 -3.4e+38 -3.4e+38 1916 2071 2071 2071 2071 2955 2955 2955 2955 2955 2955 2955 2955 2955 2955 2955 2955 2955 2955 2955 2955 2955 3584 3584 3584 3584 3584 3584 3584 3584 3584 3584 3584 3584 3584 3584 3584 3584 3584 1985 1985 1985 2305 2305 2172 2172 2172 2172 2036 1986 1918 1950 1920 -3.4e+38 -3.4e+38 -3.4e+38 1922
-3.4e+38 -3.4e+38 -3.4e+38 -3.4e+38 2136 2099 -3.4e+38 -3.4e+38 2049 2072 2196 2510 2510 2510 2955 2955 2955 2955 2955 2955 2955 2955 2955 2955 2955 2955 2955 2955 2955 3584 3584 3584 3584 3584 3584 3584 3584 3584 3584 3584 3584 3584 3584 3584 3584 3584 3584 3584 2305 2305 2305 2305 2305 2172 2172 2172 -3.4e+38 -3.4e+38 -3.4e+38 -3.4e+38 -3.4e+38 -3.4e+38 -3.4e+38 -3.4e+38 -3.4e+38
-3.4e+38 -3.4e+38 -3.4e+38 -3.4e+38 -3.4e+38 -3.4e+38 -3.4e+38 -3.4e+38 -3.4e+38 2225 2357 2510 2510 2510 2510 2955 2955 2955 2955 2955 2955 2955 2955 2955 2955 2955 2955 2955 2955 3584 3584 3584 3584 3584 3584 3584 3584 3584 3584 3584 3584 3584 3584 3584 3584 3584 3584 3584 2573 2573 2573 2573 2305 2305 2210 -3.4e+38 -3.4e+38 -3.4e+38 -3.4e+38 -3.4e+38 -3.4e+38 -3.4e+38 -3.4e+38 -3.4e+38 -3.4e+38
-3.4e+38 -3.4e+38 -3.4e+38 -3.4e+38 -3.4e+38 -3.4e+38 -3.4e+38 -3.4e+38 -3.4e+38 -3.4e+38 2510 2699 2510 2510 2955 2955 2955 2955 2955 2955 2955 2955 2955 2955 2955 2955 3584 3584 3584 3584 3584 3584 3584 3584 3584 3584 3584 3584 3584 3584 3584 3584 3584 3584 3584 3584 3584 3584 3584 2573 2573 2573 2573 2573 -3.4e+38 -3.4e+38 -3.4e+38 -3.4e+38 -3.4e+38 -3.4e+38 -3.4e+38 -3.4e+38 -3.4e+38 -3.4e+38 -3.4e+38
-3.4e+38 -3.4e+38 -3.4e+38 -3.4e+38 -3.4e+38 -3.4e+38 -3.4e+38 -3.4e+38 -3.4e+38 2561 2699 2699 2699 2955 2955 2955 2955 2955 2955 2955 2955 2955 2955 2955 2955 2955 3584 3584 3584 3584 3584 3584 3584 3584 3584 3584 3584 3584 3584 3584 3584 3584 3584 3584 3584 3584 3584 3584 3584 3584 2573 2573 3584 3584 3584 -3.4e+38 -3.4e+38 -3.4e+38 -3.4e+38 -3.4e+38 -3.4e+38 -3.4e+38 -3.4e+38 -3.4e+38 -3.4e+38
