Prepped_data/Covariate_Data/All_data/1deg/Palaeo/teyen_DEM_1.asc
NCOLS 360 
NROWS 180 
XLLCORNER -180 
YLLCORNER -90 
CELLSIZE 1 
NODATA_value -9999 
[rows 132 to 153 of 180, columns 100 to 149 of 360]
-5000 -5000 -5000 -5039.99999999657 -5000 -5000 -5000 -5039.99999999648 -5000 -5000 -5000 -5000.00000000107 -5000 -5000 -5000 -5000.00000000263 -4239.99999999255 120.000000001046 399.999999996231 1400.00000000543 1120.00000000107 1079.99999999893 1079.99999999721 640 280.000000001756 239.999999998926 120.000000003951 80.000000002899 1.07434061639116e-09 0 0 -80 -80 -79.9999999989257 -80 -200.000000004013 -760.00000001134 -2080.00000000821 -4159.99999999363 -4360.00000000317 -4719.99999999678 -4800 -4799.99999999893 -4799.99999999459 -4639.99999999893 -4559.99999999893 -4400.00000000548 -4359.99999999665 -4240 -4160
-5000.00000000105 -5000 -5000 -5000 -4999.99999999762 -5000 -5000.00000000242 -5000 -5039.99999999648 -5039.99999999646 -5000 -5000 -5000 -5000 -5039.99999999634 -4639.99999998529 -2919.99999990674 320.000000001052 639.999999995202 1400.00000000254 1320.00000000022 1080.00000000039 1079.99999999721 920.000000001757 999.999999994015 439.99999999219 -79.9999999989484 40.0000000039506 2.1032064977738e-09 -3.99609234576051e-09 -80 -80 -80 -79.9999999989484 -160.000000003058 -840.000000002933 -2160.00000000616 -3840.00000001774 -4560.0000000021 -4839.9999999979 -4960.00000000319 -4920 -4840.00000000219 -4759.99999999674 -4639.99999999777 -4479.99999999774 -4399.99999999562 -4279.99999999665 -4200 -4199.9999999966
-5000 -5000 -5000 -5000.00000000103 -5000.00000000103 -5000 -5000 -5000 -5000.00000000103 -5000 -5000 -5000.00000000103 -5000 -5000 -5000.0000000026 -4120.00000000525 -359.999999985727 159.9999999963 880.000000027336 1479.99999999045 1000.00000002055 1160.00000000553 1280.00000000206 1159.99999999616 599.999999998198 359.999999998175 -40.0000000039051 -39.9999999960721 -80 -80 -80 -80 -80 -240.000000000978 -880.00000000606 -2319.99999999897 -4080.00000000622 -4560.00000000625 -4880.00000000521 -5000.0000000042 -5039.99999999897 -4959.99999999678 -5039.99999999573 -4839.99999999674 -4599.99999999671 -4399.99999999669 -4319.99999999231 -4240 -4200 -4199.99999999897
-5000 -5000 -5000.00000000233 -5000 -5000 -5000.0000000024 -5000 -5000 -5039.99999999653 -5000 -5000 -5000 -5000.00000000101 -5000 -4959.99999997136 -3359.999999981 -39.9999999910472 160.000000000659 1040.00000002087 1440.00000000342 920.000000011966 1159.99999998041 720.000000007583 319.999999997402 120.000000002831 160 2.87627699435705e-09 -3.9051428756651e-09 -80 -80 -80 -80 -240.000000011045 -1559.99999999598 -2280.00000001328 -3840.0000000093 -4600.00000000109 -4920.00000000313 -5080.00000000101 -5160 -5079.99999999899 -5039.99999999779 -5080.00000000324 -4840 -4560 -4439.99999999238 -4240 -4200.00000000335 -4239.99999999325 -4200
-5000 -5000 -5000 -5000 -4960.00000000336 -5000 -5000 -5000.00000000098 -5000 -5000.00000000098 -5000.00000000098 -5000.00000000253 -5000 -5000 -4440 -2599.99999993796 120.000000000682 280.000000008998 1279.99999998529 1160 840.00000000295 879.999999990729 519.999999995248 280.000000000983 280.000000006645 280 -80 -79.999999997101 -80 -160 -80 -240.000000010976 -1720.00000000805 -2120.00000000517 -3880.00000001354 -4639.99999999803 -4800.00000000621 -5000.00000000724 -5199.99999999902 -5240.00000000416 -5039.99999999263 -4880.00000000197 -4759.99999999902 -4640.00000000197 -4480 -4399.99999999669 -4319.99999999803 -4160.00000000098 -4200 -4199.99999999902
-5000 -5000 -4960.00000000425 -5000 -5000 -5000 -5000.00000000242 -5000 -5000 -5000 -5039.99999999653 -5000 -5000 -5000 -4159.99999999904 -839.999999971624 160.000000000961 1160.00000000919 1399.99999998365 1000.00000000192 639.999999998221 639.999999991712 400.000000005667 279.999999999039 79.9999999981299 -39.9999999971465 -80 -80 -80 -119.999999996095 -80 -880.00000001495 -1679.99999998917 -3039.99999999935 -4320.00000000725 -4920.00000000096 -5039.99999999497 -5279.99999999808 -5359.99999999178 -5279.99999999683 -5119.99999999904 -4879.99999999904 -4640 -4479.99999999674 -4360 -4280.00000000096 -4159.99999999667 -4160.00000000096 -4160.00000000096 -4080.0000000034
-5000 -5000 -5039.99999999673 -5000 -5000 -5000 -5000 -5000.00000000338 -5000 -5039.99999999657 -5000 -5000 -5000 -5039.99999999648 -4159.9999999974 160.000000005065 240.000000001876 1319.99999999625 1199.99999997645 800.000000010965 719.99999999726 559.999999998175 360.000000004661 -39.9999999990621 -80 -80 -80 -80 -80.0000000009379 -80 -119.999999999062 -960.00000000299 -1920.0000000081 -3000.00000000607 -4520.00000000917 -5040.00000000188 -5120.0000000031 -5359.99999999906 -5400.00000000315 -5400 -5280.00000000319 -5120 -4839.99999999676 -4679.99999999906 -4519.99999999578 -4359.99999999906 -4159.99999999667 -4039.99999999906 -3999.99999999906 -4039.99999999379
-5000 -5000 -5000 -5000 -5039.99999999671 -5039.99999999668 -5000 -4960.00000000336 -5000 -5000 -5000 -5000 -5000 -4999.99999998876 -4079.99999995405 40.0000000052523 879.999999977075 960.000000007941 1160.00000001078 840 879.999999990865 760.000000001847 240.000000002746 159.999999998107 39.9999999971692 -80 -80 -159.999999996186 -80.0000000029218 -119.999999999085 -360.000000002052 -1040.00000000805 -2000.00000000694 -3520.00000000819 -4040.00000000795 -5080.00000000525 -5280.00000000402 -5480.00000000091 -5400.00000000315 -5439.99999999683 -5360 -5280.00000000091 -5039.99999999817 -4959.99999999256 -4679.99999999908 -4480 -4359.99999999667 -4160 -4200.00000000675 -4359.99999999477
-5000 -5000.00000000231 -5000 -5000 -5000 -5000 -5000 -5000 -5000.00000000089 -5000 -5000 -5000 -5000 -4559.99999996903 -1119.99999997404 320.000000003519 1120.00000002997 1120.00000001158 1279.99999999911 839.999999997283 879.999999999108 559.999999992605 199.999999996322 80.0000000037005 -1.93836058315341e-09 -80 -80 -160 -160 -120.000000002944 -440.000000006827 -840.000000013745 -1960.00000000692 -3280.00000002357 -3840.00000000612 -4760.00000000397 -5359.99999999911 -5440.00000000402 -5440 -5400.00000000406 -5399.99999999591 -5360 -5280 -5199.99999999584 -5000.00000000657 -5039.99999999401 -4839.99999999578 -4400.00000000335 -4440.00000000765 -4719.99999999732
-5000 -5040 -5000 -5000 -5000.00000000238 -5000 -5000 -5000 -5039.99999999666 -5000 -5000 -5000 -5000 -4120.00000000258 -479.999999981776 479.999999990382 1400.00000002024 919.999999991115 919.999999993742 440.000000001739 240.00000000087 239.99999999913 80.0000000027853 -80.0000000045475 -80.0000000008697 -80.0000000008697 -159.999999997124 -160 -160 -160 -320.000000002967 -560.00000000386 -720.000000001739 -800.000000002609 -1040.00000000348 -1520.00000001138 -3400.00000003254 -4960.00000001147 -5479.99999999598 -5400.00000000087 -5399.99999999594 -5320.00000000409 -5280 -5280 -5240 -5160 -5079.99999999493 -4760.00000000335 -4919.99999999826 -4799.99999999486
-5000 -5000 -5000.00000000233 -5000 -5000 -5000.00000000085 -5039.99999999673 -5000 -5000 -5000 -5000 -5000 -5000.00000000085 -4160 -159.999999993037 80.0000000095724 1199.99999998782 999.999999999022 519.999999999 400.000000000847 319.999999999153 2.54090082302049e-09 -79.9999999927354 -40.000000003655 -80 -120 -160 -159.999999997101 -160 -199.999999996209 -159.999999997033 -280 -320.000000000847 -320 -679.999999996942 -880.000000003928 -1240.00000000395 -1800.00000000795 -2400.00000000484 -3400.0000000235 -4520.00000000631 -5200.0000000171 -5159.99999999761 -5359.99999999589 -4840.00000000837 -5199.99999998669 -4960 -4720 -4360.00000001184 -4320.00000000508
-5000 -5000 -5000 -5000 -5000 -5000 -5000 -5000 -5000 -5000 -5000 -5000 -5000 -4120.0000000034 -199.999999997397 119.999999993923 400.000000007594 559.999999997328 319.99999999813 160.000000000824 80.0000000054797 -80 -80 -80 -159.999999999176 -160 -160 -160 -160.000000002922 -40.0000000016485 -120 -159.999999999176 -120.000000000824 -239.999999996965 -520.000000009175 -1040.00000000226 -1439.99999999918 -1839.99999999835 -2000.00000000397 -2199.99999999448 -2160.00000000319 -2680.00000000165 -2760.00000000082 -2680 -2600.00000000082 -2520.00000001074 -2640.00000000161 -2160.00000001242 -2080.0000000033 -1640.00000000165
-5000 -5039.9999999992 -5000 -5000 -5000 -5000 -5000 -5000 -5000 -5000 -5039.99999999668 -5000 -4919.99999998545 -4200 -1799.99999991809 -79.9999999923432 319.999999998954 40.0000000074806 240 239.999999999199 -39.9999999972601 -6.32667251909781e-09 -80 -80 -159.999999998397 -160 -199.999999994247 -160.000000002899 -160 0 5.37170308222844e-09 5.99108176861643e-20 -3.012701199623e-09 -360.000000002234 -920.000000001455 -1280.00000000388 -1600.00000000621 -1919.9999999992 -2119.9999999984 -2240.00000000317 -2400.0000000008 -2440.0000000008 -2520.00000000484 -2600 -2719.99999999591 -2480.0000000001 -2359.99999999932 -1959.99999999264 -1480 -1800.0000000102
-5000 -5000.00000000231 -5000 -5000.00000000235 -5000 -5000 -5000.00000000242 -5000 -5000 -5000 -5000.00000000329 -5000 -4999.99999999922 -4559.99999997677 -4079.99999997579 -39.9999999939689 359.999999999221 359.999999994657 40.0000000023363 -39.9999999914507 119.999999999221 39.9999999956799 -79.9999999972147 -80 -80.0000000064404 -160 -320 -360.000000005798 -360.000000005844 -519.999999995498 -359.999999994697 -440.000000000654 -759.999999999898 -1040.00000000373 -1600.0000000015 -1959.99999999688 -2239.99999999844 -2520.00000000235 -2679.99999999607 -2759.99999999922 -2879.99999999525 -3039.99999999445 -3039.99999999442 -3079.99999999922 -3359.99999999611 -3599.99999998949 -2880.00000000255 -3199.99999999221 -3200.00000001741 -2720.00000001466
-5000 -5039.99999999694 -5000 -5000 -5000 -5000 -5000.00000000242 -5000 -5000.00000000247 -5000 -5000 -5039.99999999671 -5000 -5000 -4160.0000000026 -3599.99999999359 -239.999999995839 39.9999999973284 199.999999995794 399.999999990644 399.999999994992 240.000000000756 119.999999996459 -40.0000000035641 -80 -120 -480.000000005753 -559.999999996976 -1560.00000000292 -1600.00000000446 -1840.00000000593 -2000.00000000821 -2559.99999999021 -2960.00000000151 -3080.0000000023 -3400.00000000081 -3959.99999999781 -3840.00000000928 -3600.00000000378 -3880.00000000242 -4920.00000000395 -4920.00000000322 -4959.99999999924 -4959.99999999674 -4959.99999999924 -4960 -4960 -4920.00000000411 -4920.00000000338 -4959.9999999966
-5000.00000000229 -5000 -5000 -5000 -5000 -5000 -5000 -5000.00000000073 -5000 -5000 -5000 -5000 -5000 -5000 -4999.99999999666 -4200.00000000073 -4239.99999999927 -4079.9999999966 -1359.99999989644 0 40.0000000036664 -79.9999999917122 39.9999999986812 -959.999999979485 -1480.00000000356 -1599.99999997366 -1999.99999999639 -1520.00000000663 -2079.99999998541 -1279.99999999632 -1240.00000000073 -1279.99999999628 -1240.00000000073 -1279.99999999696 -2559.99999999548 -4879.99999998856 -4959.9999999969 -4959.99999999927 -4959.99999999685 -4960 -4959.99999999607 -4920 -4959.99999999927 -4960 -4959.99999999927 -4959.99999999596 -4959.99999999667 -4959.99999999665 -4920.00000000411 -4959.99999999927
-5000 -5000 -5000 -5000 -5000 -5000 -5000 -5000 -5000 -5000 -5000.00000000071 -5000 -5000 -5000.00000000258 -5000 -5000 -4679.99999999238 -4239.99999999929 -4080 -2239.99999997045 -720.00000000893 -440.000000008527 -1040.00000000776 -1360.00000000981 -240.000000054541 -160.000000019241 -3.5868197300663e-09 -1239.9999999971 -1320 -1359.99999999706 -1320.00000000297 -1320.00000000071 -2520.0000000023 -4119.99999997726 -4960 -4959.99999999692 -4959.9999999969 -4920.00000000071 -4920.00000000315 -4920.00000000317 -4920.00000000071 -4920.00000000393 -4959.99999999929 -4959.99999999603 -4920.000000004 -4920.00000000402 -4959.99999999667 -4959.99999999594 -4920 -4959.99999999929
-5000.00000000069 -5000 -5000 -5000 -5000.00000000238 -5000 -5000 -5000 -5000 -5000 -5000 -5039.99999999678 -5000 -5000 -4320.0000000058 -3920.000000007 -3760.00000000884 -3840.00000000611 -2200.00000000413 -2120 -680.000000002052 -719.999999999312 -1359.99999997569 -800.000000009629 -599.9999999632 -159.99999999223 -959.99999999556 -2199.99999999258 -2479.99999999639 -2520.00000000138 -2480.00000002146 -4919.99999999013 -4920.0000000037 -4920.00000000069 -4920 -4920.00000000308 -4959.9999999969 -4920.00000000381 -4920.00000000384 -4959.99999999931 -4959.99999999931 -4920.0000000039 -4920.00000000393 -4920.00000000069 -4959.99999999671 -4959.99999999669 -4960 -4959.99999999596 -4960 -4960
-5000 -5000 -5000 -5000 -5000 -5000 -5000 -5000 -5000 -4919.99999999884 -3920.0000000048 -3479.9999999394 -800.000000017599 -280.000000021282 -400.000000016684 -200.000000000665 -240.000000004633 -680.000000002672 -800.000000000665 -840.000000000665 -800.00000000274 -840.00000000486 -2719.99999998724 -1799.99999999734 -1840.00000001516 -3359.99999999318 -3959.99999999934 -4400.00000000157 -4959.99999999708 -4960 -4959.99999999637 -4959.99999999701 -4920.00000000368 -4920.00000000303 -4959.99999999934 -4920.00000000375 -4920.0000000031 -4959.99999999934 -4920.00000000381 -4959.99999999934 -4959.99999999934 -4959.99999999678 -4959.99999999934 -4960 -4959.99999999671 -4959.99999999934 -4920.00000000333 -4920.00000000066 -4920 -4920.00000000066
-5000 -5000 -5000 -5000.00000000064 -5000 -5000 -3880.00000000064 -3799.99999998842 -920.000000000716 -119.999999998153 -79.9999999974875 319.99999999236 160.000000004485 -39.999999998073 -79.9999999980389 -239.999999999358 -239.999999996066 -439.999999994117 -1719.99999998844 -1920.00000000143 -2119.99999999872 -3640.00000002024 -4559.99999999679 -4600 -4560 -4639.99999999936 -4640 -4639.9999999971 -4680.00000000392 -4800.00000000037 -4920.00000000361 -4959.99999999637 -4920.00000000064 -4959.99999999936 -4959.9999999963 -4920.00000000372 -4920.0000000031 -4920.00000000377 -4920.00000000379 -4959.99999999936 -4959.9999999968 -4959.99999999614 -4959.99999999612 -4920.00000000326 -4959.99999999671 -4960 -4920.00000000333 -4920.000000004 -4959.99999999598 -4920
-5000.00000000229 -5000.00000000231 -4360.00000001924 -3840 -1919.99999995402 -439.999999996982 -320.000000001859 1.28068222692645e-08 160.000000006185 279.999999992554 999.999999999415 3.1548097467752e-09 -1.34093625091467e-08 -240.000000001239 -319.999999996157 -880.000000000148 -1840.00000003743 -4040.00000001131 -4480.00000000062 -4560.00000000272 -4640.00000000274 -4720.00000000062 -4760.0000000034 -4800.00000000281 -4800 -4840 -4840 -4920.0000000029 -4920 -4959.99999999706 -4959.99999999938 -4920.00000000361 -4920.00000000301 -4959.99999999634 -4920.00000000368 -4959.9999999963 -4959.99999999938 -4920.00000000062 -4920.00000000315 -4959.99999999938 -4920.00000000381 -4920 -4920.00000000062 -4959.99999999674 -4959.99999999938 -4959.99999999938 -4959.99999999667 -4959.99999999938 -4920.00000000062 -4879.99999998362
-3160.00000000348 -2319.99999997963 -600.000000010857 -360.00000000295 -279.999999994054 -199.999999995799 399.999999987927 959.999999989683 319.999999996339 -40 -120.000000005622 -440 -400 -320.000000003774 -560.00000000602 -2680.00000000812 -3999.99999999907 -4480 -4559.9999999994 -4640 -4720 -4760 -4760 -4800.0000000006 -4839.99999999657 -4839.99999999715 -4920.0000000006 -4920.0000000035 -4959.9999999994 -4920.00000000294 -4959.99999999703 -4920.00000000359 -4959.99999999639 -4959.99999999696 -4920.00000000366 -4920.00000000308 -4959.9999999969 -4959.9999999994 -4959.99999999625 -4960 -4920.0000000006 -4920.00000000322 -4920.00000000384 -4959.99999999674 -4920.00000000388 -4440.00000000331 -4479.99999998941 -4480.00000000335 -4560 -4600
