Prepped_data/Covariate_Data/All_data/1deg/Palaeo/teyeo_sed_1.asc
NCOLS 360 
NROWS 90 
XLLCORNER -180 
YLLCORNER 0 
CELLSIZE 1 
NODATA_value -3.4e+38 
[rows 29 to 57 of 90, columns 65 to 129 of 360]
-3.4e+38 -3.4e+38 -3.4e+38 -3.4e+38 -3.4e+38 -3.4e+38 -3.4e+38 -3.4e+38 -3.4e+38 -3.4e+38 -3.4e+38 -3.4e+38 -3.4e+38 -3.4e+38 3295 3982 3982 3982 3982 3982 3445 3445 3445 3445 3445 4434 4434 4434 4434 4434 4434 4434 4434 4434 4434 4434 4434 4434 4434 4434 4434 3296 3318 3900 3900 3900 3900 3900 3900 3900 3900 3900 3746 3746 3746 3746 3746 3746 3746 3349 3901 3361 3297 3393 3403
-3.4e+38 -3.4e+38 -3.4e+38 -3.4e+38 -3.4e+38 -3.4e+38 -3.4e+38 -3.4e+38 -3.4e+38 -3.4e+38 -3.4e+38 -3.4e+38 -3.4e+38 -3.4e+38 3426 3982 3982 3982 3982 3982 3982 3445 3982 3445 4434 4434 4434 4434 4434 4434 4434 4434 4434 4434 4434 4434 4434 4434 4434 4434 4434 4434 3900 3900 3900 3900 3900 3900 3900 3900 3900 3900 3746 3746 3746 3746 3746 3746 3746 3746 3901 3901 3901 3393 3457
-3.4e+38 -3.4e+38 -3.4e+38 -3.4e+38 -3.4e+38 -3.4e+38 -3.4e+38 -3.4e+38 -3.4e+38 -3.4e+38 -3.4e+38 -3.4e+38 -3.4e+38 -3.4e+38 3461 3500 3982 3982 3982 3982 3982 3982 3982 3982 4434 4434 4434 4434 4434 4434 4434 4434 4434 4434 4434 4434 4434 4434 4434 4434 4434 4434 3900 3900 3900 3900 3900 3900 3900 3900 3900 3746 3746 3746 3746 3746 3746 3746 3746 3746 3901 3901 3901 3901 4049
-3.4e+38 -3.4e+38 -3.4e+38 -3.4e+38 -3.4e+38 -3.4e+38 -3.4e+38 -3.4e+38 -3.4e+38 -3.4e+38 -3.4e+38 -3.4e+38 -3.4e+38 3507 -3.4e+38 3499 3528 3565 3982 3982 3982 3982 3982 3982 3982 4434 4434 4434 4434 4434 4434 4434 4434 4434 4434 4434 4434 4434 4434 4434 4434 4434 4434 4434 3900 3900 3900 3900 3900 3900 3900 3900 3746 3746 3746 3746 3746 3901 3901 3901 3901 3901 3901 4049 4049
-3.4e+38 -3.4e+38 -3.4e+38 -3.4e+38 -3.4e+38 -3.4e+38 -3.4e+38 -3.4e+38 -3.4e+38 -3.4e+38 -3.4e+38 -3.4e+38 -3.4e+38 -3.4e+38 3593 -3.4e+38 3579 3982 3982 3982 3982 3982 3982 3982 3982 4434 4434 4434 4434 4434 4434 4434 4434 4434 4434 4434 4434 4434 4434 4434 4434 4434 4434 4434 4434 3900 3900 3900 3900 3900 3900 3900 3900 3746 3746 3901 3901 3901 3901 3901 3901 3901 4049 4049 4049
-3.4e+38 -3.4e+38 -3.4e+38 -3.4e+38 -3.4e+38 -3.4e+38 -3.4e+38 -3.4e+38 -3.4e+38 -3.4e+38 -3.4e+38 -3.4e+38 -3.4e+38 -3.4e+38 -3.4e+38 -3.4e+38 -3.4e+38 3819 3982 3982 3982 3982 3982 3982 3982 4434 4434 4434 4434 4434 4434 4434 4434 4434 4434 4434 4434 4434 4434 4434 4434 4434 4434 4434 4434 3900 3900 3900 3900 3900 3900 3900 3900 3746 3746 3901 3901 3901 3901 3901 3901 3901 4049 4049 4049
-3.4e+38 -3.4e+38 -3.4e+38 -3.4e+38 -3.4e+38 -3.4e+38 -3.4e+38 -3.4e+38 -3.4e+38 -3.4e+38 -3.4e+38 -3.4e+38 -3.4e+38 -3.4e+38 -3.4e+38 -3.4e+38 -3.4e+38 3819 3982 3982 3982 3982 3982 3982 3982 4434 4434 4434 4434 4434 4434 4434 4434 4434 4434 4434 4434 4434 4434 4434 4434 4434 4434 4434 4434 4434 3900 3900 3900 3900 3900 3900 3900 3900 3901 3901 3901 3901 3901 3901 3901 3901 3901 4049 4049
-3.4e+38 -3.4e+38 -3.4e+38 -3.4e+38 -3.4e+38 -3.4e+38 -3.4e+38 -3.4e+38 -3.4e+38 -3.4e+38 -3.4e+38 -3.4e+38 -3.4e+38 -3.4e+38 -3.4e+38 -3.4e+38 -3.4e+38 3839 3982 3982 3982 3982 3982 3982 3982 4434 4434 4434 4434 4434 4434 4434 4434 4434 4434 4434 4434 4434 4434 4434 4434 4434 4434 4434 4434 4434 3900 3900 3900 3900 3900 3900 3900 3901 4706 3901 3901 4706 3901 3901 3901 3901 3901 4049 4049
-3.4e+38 -3.4e+38 -3.4e+38 -3.4e+38 -3.4e+38 -3.4e+38 -3.4e+38 -3.4e+38 -3.4e+38 -3.4e+38 -3.4e+38 -3.4e+38 -3.4e+38 -3.4e+38 -3.4e+38 -3.4e+38 -3.4e+38 3929 3982 3982 3982 3982 3982 3982 3982 4434 4434 4434 4434 4434 4434 4434 4434 4434 4434 4434 4434 4434 4434 4434 4434 4434 4434 4434 4434 3900 3900 3900 3900 3900 3900 3900 3900 4706 4706 4706 4706 4706 4706 4706 3901 3901 4049 4049 4049
-3.4e+38 -3.4e+38 -3.4e+38 -3.4e+38 -3.4e+38 -3.4e+38 -3.4e+38 -3.4e+38 -3.4e+38 -3.4e+38 -3.4e+38 -3.4e+38 -3.4e+38 -3.4e+38 -3.4e+38 -3.4e+38 -3.4e+38 3929 3929 3982 3982 3982 3982 3982 3982 3982 4434 4434 4434 4434 4434 4434 4434 4434 4434 4434 4434 4434 4434 4434 4434 4434 4434 4434 4434 4706 4706 4706 4706 4706 4706 4706 4706 4706 4706 4706 4706 4706 4706 4706 4706 4706 4049 4049 4049
-3.4e+38 -3.4e+38 -3.4e+38 -3.4e+38 -3.4e+38 -3.4e+38 -3.4e+38 -3.4e+38 -3.4e+38 -3.4e+38 -3.4e+38 -3.4e+38 -3.4e+38 -3.4e+38 -3.4e+38 -3.4e+38 -3.4e+38 3936 3947 3947 3982 3982 3982 3982 3982 4434 4434 4434 4434 4434 4434 4434 4434 4434 4434 4434 4434 4434 4434 4434 4434 4434 4706 4706 4706 4706 4706 4706 4706 4706 4706 4706 4706 4706 4706 4706 4706 4706 4706 4706 4706 4706 4049 4049 4049
-3.4e+38 -3.4e+38 -3.4e+38 -3.4e+38 -3.4e+38 -3.4e+38 -3.4e+38 -3.4e+38 -3.4e+38 -3.4e+38 -3.4e+38 -3.4e+38 -3.4e+38 -3.4e+38 -3.4e+38 -3.4e+38 -3.4e+38 -3.4e+38 3997 3997 3997 3982 3982 3982 3982 4434 4434 4434 4434 4434 4434 4434 4434 4434 4434 4434 4434 4434 4434 4434 4434 4706 4706 4706 4706 4706 4706 4706 4706 4706 4706 4706 4706 4706 4706 4706 4706 4706 4706 4706 4706 4706 4049 4049 4049
-3.4e+38 -3.4e+38 -3.4e+38 -3.4e+38 -3.4e+38 -3.4e+38 -3.4e+38 -3.4e+38 -3.4e+38 -3.4e+38 -3.4e+38 -3.4e+38 -3.4e+38 -3.4e+38 -3.4e+38 -3.4e+38 -3.4e+38 -3.4e+38 3966 3997 3982 4141 3982 3982 4434 4434 4434 4434 4434 4434 4434 4434 4434 4434 4434 4434 4434 4434 4434 4434 4434 4706 4706 4706 4706 4706 4706 4706 4706 4706 4706 4706 4706 4706 4706 4706 4706 4706 4706 4706 4706 4706 4706 4706 4706
-3.4e+38 -3.4e+38 -3.4e+38 -3.4e+38 -3.4e+38 -3.4e+38 -3.4e+38 -3.4e+38 -3.4e+38 -3.4e+38 -3.4e+38 -3.4e+38 -3.4e+38 -3.4e+38 -3.4e+38 -3.4e+38 -3.4e+38 -3.4e+38 3995 3997 4141 4141 4335 4335 4335 4434 4434 4434 4434 4434 4434 4434 4434 4434 4434 4434 4434 4434 4434 4434 4434 4706 4706 4706 4706 4706 4706 4706 4706 4706 4706 4706 4706 4706 4706 4706 4706 4706 4706 4706 4706 4706 4706 4706 4706
-3.4e+38 -3.4e+38 -3.4e+38 -3.4e+38 -3.4e+38 -3.4e+38 -3.4e+38 -3.4e+38 -3.4e+38 -3.4e+38 -3.4e+38 -3.4e+38 -3.4e+38 -3.4e+38 -3.4e+38 -3.4e+38 -3.4e+38 -3.4e+38 -3.4e+38 4029 4141 4141 4335 4335 4335 4434 4434 4434 4434 4434 4434 4434 4434 4434 4434 4434 4434 4434 4706 4706 4706 4706 4706 4706 4706 4706 4706 4706 4706 4706 4706 4706 4706 4706 4706 4706 4706 4706 4706 4706 4706 4706 4706 4706 4706
-3.4e+38 -3.4e+38 -3.4e+38 -3.4e+38 -3.4e+38 -3.4e+38 -3.4e+38 -3.4e+38 -3.4e+38 -3.4e+38 -3.4e+38 -3.4e+38 -3.4e+38 -3.4e+38 -3.4e+38 -3.4e+38 -3.4e+38 -3.4e+38 -3.4e+38 4067 4141 4141 4335 4335 4335 4434 4434 4434 4434 4434 4434 4434 4434 4434 4434 4434 4434 4434 4706 4706 4706 4706 4706 4706 4706 4706 4706 4706 4706 4706 4706 4706 4706 4706 4706 4706 4706 4706 4706 4706 4706 4706 4706 4706 4706
-3.4e+38 -3.4e+38 -3.4e+38 -3.4e+38 -3.4e+38 -3.4e+38 -3.4e+38 -3.4e+38 -3.4e+38 -3.4e+38 -3.4e+38 -3.4e+38 -3.4e+38 -3.4e+38 -3.4e+38 -3.4e+38 -3.4e+38 -3.4e+38 -3.4e+38 -3.4e+38 4141 4141 4335 4335 4335 4434 4434 4434 4434 4434 4434 4434 4434 4434 4434 4434 4434 4434 4706 4706 4706 4706 4706 4706 4706 4706 4706 4706 4706 4706 4706 4706 4706 4706 4706 4706 4706 4706 4706 4706 4706 4706 4706 4706 4706
-3.4e+38 -3.4e+38 -3.4e+38 -3.4e+38 -3.4e+38 -3.4e+38 -3.4e+38 -3.4e+38 -3.4e+38 -3.4e+38 -3.4e+38 -3.4e+38 -3.4e+38 -3.4e+38 -3.4e+38 -3.4e+38 -3.4e+38 -3.4e+38 -3.4e+38 -3.4e+38 -3.4e+38 4179 4335 4335 4335 4434 4434 4434 4434 4434 4434 4434 4434 4434 4715 4597 4434 4434 4706 4706 4597 4706 4706 4706 4706 4706 4706 4706 4706 4706 4706 4706 4706 4706 4706 4706 4706 4706 4706 4706 4706 4706 4706 4706 4706
-3.4e+38 -3.4e+38 -3.4e+38 -3.4e+38 -3.4e+38 -3.4e+38 -3.4e+38 -3.4e+38 -3.4e+38 -3.4e+38 -3.4e+38 -3.4e+38 -3.4e+38 -3.4e+38 -3.4e+38 -3.4e+38 -3.4e+38 -3.4e+38 -3.4e+38 -3.4e+38 -3.4e+38 -3.4e+38 4335 4417 4417 4417 4434 4434 4434 4434 4434 4434 4434 4715 4597 4597 4597 4597 4597 4597 4597 4706 4706 4706 4706 4706 4706 4706 4706 4706 4706 4706 4706 4706 4706 4706 4706 4706 4706 4706 4706 4706 4706 4440 4440
-3.4e+38 -3.4e+38 -3.4e+38 -3.4e+38 -3.4e+38 -3.4e+38 -3.4e+38 -3.4e+38 -3.4e+38 -3.4e+38 -3.4e+38 -3.4e+38 -3.4e+38 -3.4e+38 -3.4e+38 -3.4e+38 -3.4e+38 -3.4e+38 -3.4e+38 -3.4e+38 -3.4e+38 -3.4e+38 -3.4e+38 4417 4417 4417 4434 4434 4434 4434 4434 4434 4715 4715 4715 4715 4597 4597 4597 4597 4597 4597 4597 4706 4706 4706 4706 4706 4706 4706 4706 4706 4706 4706 4706 4706 4706 4706 4706 4706 4706 4706 4440 4440 4419
-3.4e+38 -3.4e+38 -3.4e+38 -3.4e+38 -3.4e+38 -3.4e+38 -3.4e+38 -3.4e+38 -3.4e+38 -3.4e+38 -3.4e+38 -3.4e+38 -3.4e+38 -3.4e+38 -3.4e+38 -3.4e+38 -3.4e+38 -3.4e+38 -3.4e+38 -3.4e+38 -3.4e+38 -3.4e+38 -3.4e+38 4406 4417 4417 4434 4434 4434 4434 4434 4434 4715 4715 4715 4715 4715 4715 4597 4597 4597 4597 4597 4706 4706 4706 4706 4706 4706 4706 4706 4706 4706 4706 4706 4706 4706 4706 4706 4706 4706 4912 4912 4440 4422
-3.4e+38 -3.4e+38 -3.4e+38 -3.4e+38 -3.4e+38 -3.4e+38 -3.4e+38 -3.4e+38 -3.4e+38 -3.4e+38 -3.4e+38 -3.4e+38 -3.4e+38 -3.4e+38 -3.4e+38 -3.4e+38 -3.4e+38 -3.4e+38 -3.4e+38 -3.4e+38 -3.4e+38 -3.4e+38 -3.4e+38 4425 4425 4417 4434 4434 4434 4434 4434 4434 4715 4715 4715 4715 4715 4715 4715 4715 4597 4597 4597 4597 4706 4706 4706 4706 4706 4706 4706 4706 4706 4706 4706 4706 4706 4706 4706 4912 4912 4912 4912 4440 4422
-3.4e+38 -3.4e+38 -3.4e+38 -3.4e+38 -3.4e+38 -3.4e+38 -3.4e+38 -3.4e+38 -3.4e+38 -3.4e+38 -3.4e+38 -3.4e+38 -3.4e+38 -3.4e+38 -3.4e+38 -3.4e+38 -3.4e+38 -3.4e+38 -3.4e+38 -3.4e+38 -3.4e+38 -3.4e+38 -3.4e+38 4430 4452 4452 4452 4906 4906 4434 4906 4906 4715 4715 4715 4715 4715 4715 4715 4715 4715 4715 4597 4597 4597 4706 4706 4706 4706 4706 4674 4674 4674 4706 4674 4674 4674 4674 4912 4912 4912 4912 4912 4440 4431
-3.4e+38 -3.4e+38 -3.4e+38 -3.4e+38 -3.4e+38 -3.4e+38 -3.4e+38 -3.4e+38 -3.4e+38 -3.4e+38 -3.4e+38 -3.4e+38 -3.4e+38 -3.4e+38 -3.4e+38 -3.4e+38 -3.4e+38 -3.4e+38 -3.4e+38 -3.4e+38 -3.4e+38 -3.4e+38 -3.4e+38 4452 4452 4452 4489 4489 4906 4906 4906 4906 4715 4715 4715 4715 4715 4715 4715 4715 4715 4715 4715 4715 4597 4706 4706 4706 4706 4674 4674 4674 4674 4674 4674 4912 4912 4912 4912 4912 4912 4912 4912 -3.4e+38 -3.4e+38
-3.4e+38 -3.4e+38 -3.4e+38 -3.4e+38 -3.4e+38 -3.4e+38 -3.4e+38 -3.4e+38 -3.4e+38 -3.4e+38 -3.4e+38 -3.4e+38 -3.4e+38 -3.4e+38 -3.4e+38 -3.4e+38 -3.4e+38 -3.4e+38 -3.4e+38 -3.4e+38 -3.4e+38 -3.4e+38 -3.4e+38 -3.4e+38 -3.4e+38 4489 4489 4489 4906 4906 4906 4906 4906 4784 4784 4784 4784 4715 4715 4715 4715 4715 4715 4715 4597 4706 4706 4706 4706 4674 4674 4674 4674 4674 4912 4912 4912 4912 4912 4912 4912 4912 4912 -3.4e+38 -3.4e+38
-3.4e+38 -3.4e+38 -3.4e+38 -3.4e+38 -3.4e+38 -3.4e+38 -3.4e+38 -3.4e+38 -3.4e+38 -3.4e+38 -3.4e+38 -3.4e+38 -3.4e+38 -3.4e+38 -3.4e+38 -3.4e+38 -3.4e+38 -3.4e+38 -3.4e+38 -3.4e+38 -3.4e+38 -3.4e+38 -3.4e+38 -3.4e+38 4502 -3.4e+38 4530 4530 4906 4906 4906 4906 4906 4836 4836 4836 4784 4715 4715 4715 4715 4715 4715 4715 4715 4706 4706 4706 4706 4674 4674 4674 4674 4674 4912 4912 4912 4912 4912 4912 4548 4533 -3.4e+38 -3.4e+38 -3.4e+38
-3.4e+38 -3.4e+38 -3.4e+38 -3.4e+38 -3.4e+38 -3.4e+38 -3.4e+38 -3.4e+38 -3.4e+38 -3.4e+38 -3.4e+38 -3.4e+38 -3.4e+38 -3.4e+38 -3.4e+38 -3.4e+38 -3.4e+38 -3.4e+38 -3.4e+38 -3.4e+38 -3.4e+38 -3.4e+38 -3.4e+38 -3.4e+38 -3.4e+38 4621 4585 4595 4906 4906 4906 4906 4906 4906 4836 4836 4836 4784 4715 4715 4715 4696 4701 4588 4715 4706 4706 4637 4706 4674 4682 4951 4951 4951 4912 4912 4912 4686 4617 4590 -3.4e+38 -3.4e+38 -3.4e+38 -3.4e+38 -3.4e+38
-3.4e+38 -3.4e+38 -3.4e+38 -3.4e+38 -3.4e+38 -3.4e+38 -3.4e+38 -3.4e+38 -3.4e+38 -3.4e+38 -3.4e+38 -3.4e+38 -3.4e+38 -3.4e+38 -3.4e+38 -3.4e+38 -3.4e+38 -3.4e+38 -3.4e+38 -3.4e+38 -3.4e+38 -3.4e+38 -3.4e+38 -3.4e+38 -3.4e+38 4796 -3.4e+38 4752 5039 5039 5039 5039 5039 4906 4906 4895 4836 4784 4755 -3.4e+38 -3.4e+38 -3.4e+38 -3.4e+38 -3.4e+38 -3.4e+38 4732 4744 4775 -3.4e+38 -3.4e+38 -3.4e+38 4735 4951 4951 4951 4912 4747 -3.4e+38 -3.4e+38 -3.4e+38 -3.4e+38 -3.4e+38 -3.4e+38 -3.4e+38 -3.4e+38
-3.4e+38 -3.4e+38 -3.4e+38 -3.4e+38 -3.4e+38 -3.4e+38 -3.4e+38 -3.4e+38 -3.4e+38 -3.4e+38 -3.4e+38 -3.4e+38 -3.4e+38 -3.4e+38 -3.4e+38 -3.4e+38 -3.4e+38 -3.4e+38 -3.4e+38 -3.4e+38 -3.4e+38 -3.4e+38 -3.4e+38 -3.4e+38 -3.4e+38 4853 4842 -3.4e+38 4873 5039 5039 5039 5039 5039 4892 4894 4836 -3.4e+38 -3.4e+38 -3.4e+38 -3.4e+38 -3.4e+38 -3.4e+38 -3.4e+38 -3.4e+38 -3.4e+38 -3.4e+38 -3.4e+38 -3.4e+38 -3.4e+38 -3.4e+38 -3.4e+38 4851 4901 4951 4912 4847 -3.4e+38 -3.4e+38 -3.4e+38 -3.4e+38 -3.4e+38 -3.4e+38 -3.4e+38 -3.4e+38
