Prepped_data/Covariate_Data/All_data/1deg/Palaeo/teyen_DEM_1.asc
NCOLS 360 
NROWS 180 
XLLCORNER -180 
YLLCORNER -90 
CELLSIZE 1 
NODATA_value -9999 
[rows 66 to 87 of 180, columns 100 to 149 of 360]
-40.0000000074465 -5.97992766445514e-09 -440.000000015234 -359.999999997874 -160.000000000409 -40.0000000051614 39.9999999974193 200.000000002444 480.000000000568 39.9999999949296 -839.999999992053 -3000.00000003006 -2440.00000015201 -4320.00000004645 -4799.9999999974 -4319.99999997935 -3839.99999998947 -3680 -4159.99999998687 -760.000000002444 -479.999999981776 -319.999999997601 -1600.00000000455 -1759.99999999932 -2240.00000017725 -4840.00000001603 -5080.00000000258 -5159.99999999968 -5000.0000000055 -5040.00000001105 -5159.99999999703 -5040.00000000856 -5079.99999999699 -5080.00000000212 -5000.00000000258 -4880.00000000308 -5040.0000000031 -4800.00000001345 -4840.00000001461 -4519.99999997581 -4399.99999999742 -4160.00000000643 -3959.99999998902 -3240.0000000057 -3600.00000000798 -4000.00000000146 -4200.0000000159 -4599.99999998478 -4479.99999998987 -4480.00000000598
599.999999989768 119.999999997442 79.9999999925535 39.9999999950887 0 1.53399998363123e-19 119.99999999502 199.999999994998 119.999999994975 -399.999999992394 -3599.99999998954 -2919.99999996439 -879.999999994884 -1200.00000004106 -2319.99999999479 -2360.00000003608 -4639.99999999991 -3919.99999999221 -3720 -4360.00000000272 -3999.99999991522 -840.000000004911 -1919.99999999954 -2119.99999998159 -1879.9999999779 -2920.00000001053 -4560.00000000767 -5080.00000000546 -5119.99999998904 -4880.00000000256 -5120.00000000297 -5200 -5119.99999999443 -5120 -5039.99999999183 -4999.99999999384 -4959.99999999945 -4879.99999999687 -4759.99999998918 -4559.99999998854 -4359.99999999553 -3520.00000000709 -3320.00000001467 -3759.99999998536 -3920.00000000108 -4399.99999999488 -4440.00000001511 -4719.99999998403 -4680.00000000164 -4759.99999998893
1160 759.999999995157 760.000000002126 919.999999982617 879.999999975444 80.0000000023988 160.000000002535 119.999999999909 -159.999999999795 -1520.00000000738 -4440.00000000507 -3759.99999998986 -2639.99999996942 -1599.99999996718 -840.000000017883 -1919.9999999818 -1879.99999999746 -4439.99999996958 -3720 -3680.00000000272 -3719.99999999746 -4200.00000001336 -4359.99999997186 -1759.99999999719 -1240.00000003173 -1799.99999990395 -1400.00000007898 -4600.00000001558 -5160.00000000253 -4879.99999999411 -4920.0000000055 -5080.00000000507 -5080.00000000555 -5079.99999999746 -5039.99999999388 -4960 -4879.99999999746 -4799.99999999628 -4719.9999999937 -4400.0000000019 -4360.00000000253 -4039.99999999932 -3400.00000003972 -3560.00000001847 -3960.00000000432 -4439.99999997585 -4719.99999996893 -4480.00000001848 -4800 -4880
-880.000000004798 -639.999999994975 160.000000012199 1120.00000000706 1160 640.000000007651 240 240.000000007401 -320.00000001736 -3320.00000006487 -4720.00000000251 -4439.99999998728 -4560.00000000009 -4159.9999999492 -3200.00000000763 -3039.99999997385 -2520 -1400.00000003394 -3760.00000000018 -3679.99999999979 -3639.99999999749 -3600.00000000276 -4999.99999999721 -4999.99999999749 -4999.99999999717 -1919.99999997202 -2519.99999998744 -1360.00000004619 -4240.00000004096 -4759.9999999916 -4759.99999999749 -4760.00000000203 -4800.00000001105 -4880.00000000251 -4760.00000000502 -4760.00000000251 -4719.99999999128 -4679.99999999062 -4520.00000000251 -4320.00000000754 -3960.00000001073 -3840 -3079.9999999795 -3479.99999999321 -3719.99999999478 -3760.00000002077 -4040.0000000142 -4280.00000001508 -4759.99999998987 -4720.00000000857
120.00000000706 -4.79758455156517e-09 -280.000000012449 -480.000000012449 -640.000000004979 -439.999999987551 -959.999999970123 -1559.99999992295 -1719.99999992062 -639.99999999751 -2720.00000000747 -520.000000052285 -920.000000047714 -1560.00000004296 -2680.0000000077 -2400.00000001562 -1279.99999999751 -2440.00000000516 -2720.00000004748 -5000.00000000272 -5000 -4640.00000001879 -5000 -4999.99999999751 -4960.00000000815 -5000 -5000 -4239.99999999625 -3320.00000005173 -5359.9999999871 -5119.99999998956 -4999.99999998904 -4559.99999999948 -4240.00000001657 -4560.00000000249 -4440.00000000616 -4559.99999999069 -4280.00000000122 -4199.99999999685 -4000.00000000249 -3640.00000001137 -3400.00000000249 -3279.9999999985 -3559.99999998772 -3559.99999999841 -3440.00000000413 -3759.99999998587 -3880.00000001839 -4280.00000000498 -4560.00000001427
40 -1.42336457670225e-19 -79.999999997533 -120.000000002353 -719.999999992417 -1120.00000001213 -200.0000000196 -720.000000108116 -1279.99999997533 -1640.00000000751 -2919.9999999651 -440.000000039472 120.000000015348 1159.99999999955 -320.000000015211 -1440.00000002093 -2360.00000000192 -1280.00000000267 -2519.99999999237 -3240.00000000418 -5039.99999999479 -5000 -5000.00000000278 -5000 -4960.00000000283 -5000.00000000247 -4999.99999999753 -4920.00000000826 -5000 -5000 -5000.00000000247 -5480.00000000792 -5600.00000001096 -5199.99999997306 -4879.99999999013 -4479.99999998644 -4160.00000001361 -3960.00000000181 -3640.00000000945 -3400.00000000987 -3119.99999999927 -3200.0000000015 -3559.99999999507 -3640.00000000573 -3719.99999999917 -3720.00000000247 -3559.9999999926 -3680.00000000335 -3999.99999999662 -4280.0000000142
1.39635195982356e-19 -239.999999993076 -679.999999994998 -1159.9999999952 -1439.99999994691 -520.000000002535 -440.000000009732 -1240 -1919.99999997058 -1519.99999999525 -2400.00000002736 -3359.99999995845 -2399.9999999514 -999.999999998784 -719.999999987779 -519.999999969396 -679.999999964348 -120.000000025352 -640.000000025443 -1520.00000002581 -3480.00000002133 -4720.00000001222 -4720.0000000216 -5040 -5199.99999999022 -4999.9999999947 -4960.00000000532 -5000 -5000 -4960.00000000539 -4999.99999999756 -5000.00000000299 -5000 -4960.00000000548 -5040.00000000306 -4839.99999999139 -4079.99999998336 -3759.9999999871 -3519.99999998496 -3200.00000000489 -2880.00000002481 -3359.99999999434 -3560.00000000648 -3799.99999999756 -3879.99999999098 -3879.99999999511 -3879.99999999422 -3999.99999999267 -3919.99999999755 -4120.00000000829
-639.999999994884 -919.999999983617 -1319.99999998807 -2159.99999998803 -2000.00000000247 -2239.99999998789 -1959.99999995883 -1879.99999999269 -1959.99999999753 -1879.99999999502 -1920.0000000095 -2320.00000000991 -2720.00000003298 -3640.00000001306 -4760.00000001041 -4519.99999995055 -3599.99999995399 -2839.99999995299 -1960.00000001859 -840.000000027524 -1439.99999999611 -2359.99999999062 -3840 -4360.00000001811 -4800.00000002302 -5040 -4960.00000000772 -5000.0000000029 -5000 -5000 -5000 -5000 -4999.99999999758 -5000 -4999.99999999694 -4999.99999999692 -4679.9999999969 -4239.99999999133 -3800.00000000557 -3439.9999999985 -3039.99999998238 -3200.00000000564 -3600 -3399.99999999674 -3720.00000001141 -3720.00000001146 -3959.99999999909 -3840.00000001397 -3920.00000000242 -3959.99999999758
-880.000000004457 -1440.00000000452 -1559.99999999746 -2240.00000000715 -1999.99999999765 -3239.99999997841 -2879.99999998556 -2759.99999998072 -2799.99999998801 -2999.99999997619 -3199.99999997841 -3279.99999999973 -3679.999999988 -3919.99999999742 -3960.0000000048 -4240.00000000502 -4559.99999999975 -4520.00000001281 -4440.0000000021 -3359.99999999936 -1839.9999999976 -1280.00000000829 -3919.9999999952 -3840 -4000.00000001113 -4920.00000000765 -5000 -4999.9999999971 -4999.9999999976 -4999.99999999706 -5039.99999999167 -5000 -4999.99999999699 -5000.00000000303 -5000.0000000024 -5000 -4839.99999999619 -4279.99999999375 -3440.00000002219 -3319.99999999288 -2800.00000002157 -3240.00000000971 -3600.00000000156 -3920.00000000086 -3840.0000000024 -3800.00000000182 -3799.9999999928 -3880 -3760.00000000578 -3800
-2479.99999997633 -2599.9999999738 -3039.99999997391 -3439.99999998577 -3399.99999999762 -3639.9999999833 -3759.99999995202 -3960.00000000007 -3959.99999999031 -4079.99999999751 -3599.99999998017 -3240.00000001711 -3720.00000001261 -4120.00000000237 -4039.9999999974 -4280.00000000287 -4679.99999999498 -4639.99999999495 -4320.00000000237 -3440.00000000713 -2279.99999999726 -1240.00000001658 -4319.99999998927 -4039.99999999482 -3800.00000000713 -4920.0000000076 -4999.99999999712 -5000 -4960.0000000053 -5000 -4960.00000000772 -5000 -4999.99999999699 -5000 -4999.99999999762 -4960.00000000475 -4679.99999999927 -4479.99999998749 -4079.99999998503 -3560.0000000103 -3680.00000000164 -3999.99999998728 -4119.9999999879 -4079.99999998872 -4120.00000000091 -4199.99999999762 -4279.99999998763 -4079.99999999762 -3999.9999999895 -3879.9999999871
-3160.00000000464 -3280.00000000235 -3559.99999999534 -3520.00000000235 -3840.00000000473 -3880.00000000711 -3960.00000000242 -3960.00000000471 -4039.99999999518 -4039.99999999765 -4079.99999999043 -3919.99999999529 -3840.00000000061 -4200.00000000729 -4599.9999999979 -4720.00000000525 -5039.99999999735 -4919.9999999923 -4319.99999999192 -3159.99999999964 -2240 -1240.00000000041 -3760.00000002142 -4359.99999999484 -3920.00000000518 -4959.99999999715 -5000 -5000 -5000 -5000 -5000 -5000 -4999.99999999463 -5000 -4999.99999999153 -4959.99999999927 -4919.99999999454 -4079.99999999139 -3320.00000000156 -3520.0000000001 -3480.0000000348 -4160.00000001585 -4599.99999998411 -4520 -4440.00000000657 -4519.99999999007 -4480 -4320.00000000235 -4239.99999999192 -3960.0000000115
-2680.00000001864 -3000.00000000697 -2920 -3320.00000000468 -3400.00000000471 -3479.99999999301 -3720.00000000233 -3719.99999999511 -3800.00000000233 -3879.99999999518 -3839.99999999982 -3520 -3640.00000000466 -4640.00000000491 -4760.00000000206 -4440.00000001631 -4960.00000000466 -4760.000000005 -4040.00000000197 -3119.99999999108 -2120.00000000274 -1320.00000001295 -4080.00000000602 -4440 -3760.00000000283 -4479.99999999429 -5000 -5039.99999999477 -4960.00000000525 -4960.00000000527 -4960.00000000297 -5000 -4960 -5000 -4999.99999999767 -4759.99999998768 -4640.00000000466 -3800.00000000773 -3599.99999999685 -3720 -4079.99999998662 -4079.99999999678 -4359.99999999858 -4720.00000000186 -4679.99999999438 -4720 -4599.99999999434 -4480.00000000335 -4359.99999999325 -4199.99999998281
-2719.99999999075 -2720.00000000692 -3120.00000000697 -3359.99999999534 -3360.00000000007 -3520 -3399.99999999285 -3279.99999999756 -3080.00000000923 -3200.00000000425 -3639.99999997692 -3959.99999999516 -3840.00000000486 -4240.00000000258 -4760.00000000751 -4799.99999997963 -4280.00000001086 -4639.99999999271 -3999.99999998422 -2599.99999999836 -2119.99999999366 -1559.9999999894 -4360.00000000557 -4439.99999999719 -4120.00000000052 -4040.0000000136 -5000 -5000 -5000 -4999.99999999769 -4960.00000000527 -4960.00000000299 -4999.99999999769 -4999.99999999466 -4999.99999999463 -4679.99999997228 -2840.00000000613 -3760.00000001318 -3960.00000000462 -3480.00000001298 -3640.00000001793 -4000.00000001105 -4440.0000000111 -4640.00000000231 -4600.00000000888 -4719.99999999108 -4759.99999999667 -4520.00000000797 -4479.99999999431 -4200
-1240.00000002057 -2599.99999999771 -2680.00000000224 -2920.00000001143 -2920.00000000219 -2760.00000000925 -3040.00000000471 -3279.99999998873 -3919.99999996097 -3799.9999999998 -3760.00000000686 -4040 -3439.99999999707 -4039.99999999086 -4040.00000000064 -4120 -4359.99999995606 -2879.99999999504 -1920.00000003322 -2359.99999999284 -2120.00000005251 -4120.00000001906 -4479.99999999493 -1840.00000001847 -1760.00000002568 -3920.00000001884 -5039.99999999484 -4999.9999999971 -4960.0000000052 -4999.99999999771 -5039.99999999475 -4999.99999999771 -5000 -4960.00000000532 -4999.99999999771 -4999.99999998459 -1520.00000000686 -3319.99999999543 -3520.00000000543 -3599.99999999366 -3280.00000000137 -3239.99999997426 -3640.00000000515 -4120.00000000098 -4719.99999999114 -4800.00000000788 -4680 -4719.99999998979 -4599.99999999434 -4359.99999999771
-40.0000000090722 -320.000000025022 -2760.00000008301 -3679.99999999086 -3000.00000001606 -3719.99999999308 -3560.00000001373 -3880.00000000018 -3920 -3920 -3920 -4160.00000000253 -3600.00000002981 -4519.99999998901 -4480 -3959.99999999475 -4080 -3960 -3560.00000000452 -2240.00000001132 -2840.00000000822 -2679.99999999274 -120.000000001216 119.999999989234 -240.000000006787 -160.000000014268 -1400.00000000061 -2520.00000014678 -5000 -5000 -3720.00000000226 -4080.00000000307 -4920.00000000528 -4999.99999999696 -5000 -3119.99999996568 -879.999999999159 -2720.00000000625 -3199.99999999685 -3320 -3280.00000000093 -3320 -3600.00000000648 -3919.999999999 -4320.0000000111 -4480.00000000783 -4639.99999999548 -4680.00000000671 -4679.9999999921 -4520
-2519.99999993213 40.0000000044793 319.999999997942 -280.000000022737 -2640.0000000112 -3760.00000001855 -3959.99999999534 -3920 -3920 -3920 -3920 -3920 -4040.00000002334 -4120.00000000774 -4359.99999999255 -4119.99999999513 -3960.00000000489 -3919.99999999285 -3439.99999999507 -2239.99999999185 239.999999973625 1239.99999997514 160.000000007265 0 399.99999999776 279.999999994293 -400.000000018224 -1639.99999997602 -119.999999932811 -519.999999977604 -80.000000031298 -199.999999992531 -40 -160.000000006719 -640.000000012233 -1639.99999994902 -920.000000000352 -2880.00000000537 -3320.00000000539 -3479.99999999459 -3480.00000000415 -3479.99999999776 -3279.99999999676 -2920.00000000019 -3320.00000001448 -3959.99999999679 -3920.00000002119 -4480.00000000225 -4759.99999999325 -4679.99999998532
-5160.00000000007 -4839.99999994236 -1080.00000002575 -80.0000000001364 519.999999990973 -320.000000056696 -2680.0000000061 -3920 -3920 -3920 -3920 -3920 -3879.99999999522 -4400.0000000262 -4479.99999999518 -4240 -4199.99999999248 -3600.00000000045 -2280.00000002991 -279.999999958743 1639.999999973 520.000000015996 40.0000000044338 7.83302311886416e-09 599.999999999386 959.999999981321 639.999999993588 759.999999999318 479.999999994054 159.999999992622 560.000000001535 439.999999998454 0 5.25233190257073e-09 -160.000000012767 -1320.00000000616 -1320.00000000887 -2640.00000000222 -2920.00000000851 -3080.00000000539 -3280.00000000541 -3360.00000000222 -3359.9999999913 -3040 -2960.00000000222 -3200.0000000177 -3680.00000000333 -4120.00000000665 -4479.99999999219 -4360.00000001921
-5079.99999998876 -5080 -4319.99999999095 -4160.00000000235 -3959.99999991882 -2239.99999986441 -920.0000000255 -2080.00000003566 -3560.00000002715 -3920.00000000219 -3920 -3920 -3920 -3839.9999999978 -4759.9999999978 -4560 -4200.00000000484 -2799.99999998731 -1999.99999997814 840.000000011494 1039.99999999726 679.99999998895 0 800.000000023692 439.999999993702 119.999999997146 40.0000000050704 120.000000002194 160.000000002194 119.999999994861 240.000000002967 120 0 0 -40 -520.000000027262 -1440.000000019 -2160.00000000219 -2480.00000000754 -2719.99999999683 -3479.99999999881 -3519.99999999678 -3519.99999999457 -3159.99999998802 -2640.00000001096 -3119.99999999669 -3679.99999999228 -3759.99999999665 -3960.00000001553 -4159.99999999901
-4960.00000000674 -4919.99999999335 -4800.00000000651 -4840 -4239.99999999545 -4119.99999999543 -3919.99999999273 -2360.00000000299 -2560.0000000003 -3880.00000000466 -3920 -3920.00000000253 -3920 -3920 -3760.00000000695 -4920 -4479.99999997907 -399.999999985482 1320.00000000322 599.999999997283 319.999999999432 1560.00000000059 639.999999987301 280.000000006514 120.000000002171 80 40.0000000050477 7.2418515625526e-09 80.0000000029217 80 119.999999997033 159.999999992667 199.999999985289 119.999999997829 39.9999999978286 -40 -320.000000004343 -1000.00000001494 -1960.00000001064 -2159.99999999583 -560.00000001188 -1520.00000008212 -3679.99999999135 -3479.99999999347 -3240 -3039.99999999566 -2599.99999998682 -3080.00000000651 -3440.0000000164 -3760.00000000217
-4959.99999999355 -5039.99999999554 -5040.00000000448 -4519.99999998885 -4480.0000000043 -4239.9999999976 -4160.00000000242 -4039.99999999541 -3920 -3239.99999996016 -2360.00000001147 -3160.00000001074 -3920 -3920 -3920 -3839.9999999957 -2600.00000000394 480.000000010163 1600.00000000754 759.999999989131 760.000000005104 2159.99999997391 640.000000000239 160 159.99999999502 79.9999999992951 80.0000000021487 80.0000000007503 799.99999998771 360.000000000796 559.999999990587 440.000000010277 439.999999997851 200.000000005184 159.999999989586 120.000000000932 -2.14868123277195e-09 -80 -960.000000008447 -480.000000006548 -280.000000020327 -800.000000016098 -2280.00000002374 -3519.99999999674 -3280 -3159.9999999957 -3039.99999999452 -2719.9999999957 -1999.99999999785 -2520.00000002899
-4960 -4919.99999999733 -4959.99999999787 -4840.00000001792 -5000 -5000 -4719.99999999758 -4639.99999997906 -4120 -3159.99999997158 520.000000022419 -440.000000032628 -3440.00000003661 -3920 -3920 -3759.99999999475 -1399.99999996448 399.999999994657 1120.00000000922 1000.00000001418 2319.9999999991 1080.00000000383 359.999999994429 120 80.0000000049567 80.0000000028535 79.999999997874 799.999999995168 1359.99999998698 1359.99999997219 520 600.000000002126 640.000000009038 559.999999995748 360.000000003058 119.999999994793 0 -39.999999997874 -119.999999994725 -80.0000000021259 -79.9999999946794 -119.999999997874 -1440.00000007097 -2960.00000001177 -3240.00000000329 -3079.99999999882 -2920.00000000333 -2840.00000000548 -2800 -2600.00000000298
-4999.99999999561 -4960.0000000002 -4959.9999999979 -4960 -5039.9999999979 -5000 -5000.0000000021 -5000 -4720 -4559.99999997227 -3639.99999997815 -2919.99999998447 -2519.99999999579 -3920.0000000021 -3920.0000000021 -3519.99999997899 -1479.99999999159 400.000000020805 1919.9999999952 1480.00000000543 999.999999997453 200 160.000000002785 160 159.999999997897 80.0000000028535 119.99999999502 1600.00000001029 1080 1319.9999999979 839.999999999625 919.999999992803 1599.99999995242 1240.00000002359 1079.99999998031 479.999999996919 79.9999999937927 0 0 0 3.19460013997759e-09 -79.9999999914621 -40.0000000032401 -320.000000066711 -2600.00000000749 -2560.00000000751 -2599.99999999877 -2560.0000000021 -2320.00000000548 -2520.0000000013
