Prepped_data/Covariate_Data/All_data/0.5deg/Palaeo/teyeq_DEM_0.5.asc
NCOLS 720 
NROWS 360 
XLLCORNER -180 
YLLCORNER -90 
CELLSIZE 0.5 
NODATA_value -9999 
[rows 264 to 287 of 360, columns 0 to 52 of 720]
-5149.99999999727 -5050.00000000267 -5049.99999999736 -5000 -5000 -5000 -5000 -5049.99999999707 -5150.00000000247 -5150.00000000298 -5149.99999999699 -5150.00000000304 -5149.99999999693 -5150.0000000031 -5200 -5150.00000000316 -5150.00000000318 -5150.00000000321 -5200 -5150.00000000327 -5150.0000000033 -5200 -5150.00000000335 -5200 -5150.00000000202 -5150.00000000344 -5149.99999999653 -5149.99999999807 -5150.00000000352 -5150.00000000355 -5150.00000000358 -5150.00000000361 -5150.00000000364 -5149.99999999633 -5149.99999999631 -5200 -5150.00000000168 -5149.99999999622 -5200 -5149.99999999616 -5200 -5200 -5149.99999999849 -5200 -5200 -5149.99999999599 -5150.00000000139 -5200 -5149.99999999591 -5149.99999999588 -5149.99999999585 -5150.00000000418 -5150.00000000122
-5100.00000000537 -5100 -5049.99999999739 -5000 -4950.00000000281 -4949.99999999716 -5000 -5000 -5049.99999999756 -5200 -5150.00000000239 -5200 -5149.99999999767 -5149.9999999977 -5150.00000000227 -5149.99999999775 -5150.00000000315 -5150.00000000318 -5150.00000000321 -5150.00000000324 -5200 -5200 -5200 -5149.99999999665 -5150.00000000199 -5149.99999999804 -5150.00000000193 -5150.00000000347 -5150.0000000035 -5200 -5149.99999999818 -5200 -5150.00000000361 -5150.00000000173 -5200 -5150.00000000369 -5200 -5200 -5149.99999999841 -5100 -5150.00000000384 -5150.00000000151 -5200 -5150.00000000392 -5150.00000000395 -5149.99999999602 -5150.00000000401 -5150.00000000404 -5149.99999999594 -5150.00000000409 -5150.00000000412 -5150.00000000122 -5150.00000000418
-5099.99999999997 -5150.0000000027 -5100 -5049.99999999724 -4949.99999999721 -4900 -5000 -5049.99999999756 -5049.99999999758 -5100 -5149.99999999704 -5149.99999999767 -5150.00000000301 -5200 -5200 -5150.00000000222 -5149.99999999781 -5149.99999999685 -5149.99999999682 -5200 -5200 -5150.00000000327 -5200 -5149.99999999667 -5150.00000000196 -5150.00000000338 -5149.9999999981 -5149.99999999812 -5200 -5149.9999999965 -5149.99999999821 -5200 -5149.99999999642 -5100 -5149.99999999832 -5150.00000000367 -5150.00000000162 -5149.99999999628 -5100 -5200 -5200 -5149.99999999852 -5149.99999999855 -5149.99999999858 -5150.00000000139 -5149.99999999864 -5150.00000000134 -5150.00000000131 -5200 -5150.00000000125 -5150.00000000122 -5200 -5149.99999999585
-5150.00000000264 -5100 -5099.99999999986 -5000 -4950.0000000025 -4900 -4900 -5000 -5049.99999999761 -5100.00000000054 -5100 -5149.99999999704 -5150.00000000227 -5200 -5149.99999999696 -5149.99999999693 -5149.99999999784 -5150.00000000313 -5150.0000000021 -5149.99999999682 -5150.00000000205 -5150.00000000202 -5149.99999999673 -5149.9999999967 -5149.99999999667 -5149.99999999665 -5100 -5200 -5200 -5200 -5150.00000000176 -5200 -5200 -5149.99999999642 -5150.00000000165 -5200 -5200 -5149.99999999844 -5149.99999999846 -5200 -5149.99999999622 -5149.99999999619 -5149.99999999616 -5150.00000000139 -5150.00000000389 -5200 -5149.99999999869 -5149.99999999602 -5150.00000000401 -5150.00000000122 -5150.00000000406 -5150.00000000409 -5100
-5150.00000000259 -5100.0000000052 -5050.00000000253 -5049.9999999973 -5000 -4900 -4900 -5000 -5049.99999999716 -5100.00000000054 -5200 -5149.99999999773 -5100 -5150.00000000298 -5149.99999999781 -5150.00000000304 -5200 -5149.9999999969 -5150.00000000208 -5149.99999999795 -5150.00000000202 -5149.99999999679 -5149.99999999676 -5150.00000000327 -5200 -5150.00000000188 -5149.99999999665 -5200 -5149.99999999659 -5150.00000000344 -5150.00000000173 -5100 -5200 -5149.99999999645 -5149.99999999642 -5200 -5149.99999999636 -5149.99999999847 -5150.00000000369 -5150.00000000148 -5150.00000000375 -5200 -5149.99999999619 -5200 -5149.99999999866 -5149.99999999869 -5150.00000000392 -5150.00000000395 -5149.99999999878 -5149.99999999881 -5150.00000000117 -5200 -5150.00000000409
-5150.00000000256 -5150.00000000261 -5050.0000000025 -5050.00000000247 -5000 -4899.99999999969 -4949.99999999724 -4949.99999999764 -5000 -5100 -5200 -5149.9999999971 -5149.99999999778 -5149.99999999781 -5149.99999999784 -5149.99999999787 -5149.9999999979 -5200 -5150.0000000031 -5200 -5200 -5200 -5150.00000000321 -5150.0000000019 -5149.99999999673 -5149.99999999815 -5149.99999999667 -5200 -5150.00000000338 -5150.00000000341 -5150.00000000344 -5150.00000000168 -5150.0000000035 -5149.99999999647 -5200 -5200 -5149.99999999639 -5150.00000000364 -5149.99999999852 -5149.99999999855 -5150.00000000142 -5149.99999999625 -5100 -5149.99999999619 -5149.99999999616 -5149.99999999872 -5100 -5200 -5150.00000000119 -5150.00000000398 -5200 -5149.99999999889 -5150.00000000406
-5149.99999999747 -5149.9999999975 -5050.00000000261 -5000 -5000 -4950.0000000027 -4899.99999999963 -5000 -5000 -5049.99999999773 -5150.00000000284 -5149.99999999778 -5200 -5150.00000000216 -5149.99999999704 -5149.9999999979 -5200 -5149.99999999795 -5200 -5150.00000000199 -5149.99999999804 -5150.00000000193 -5200 -5100 -5150.00000000185 -5150.00000000327 -5100 -5200 -5150.00000000335 -5150.0000000017 -5150.00000000341 -5150.00000000344 -5150.00000000347 -5200 -5150.00000000352 -5149.99999999847 -5149.99999999849 -5200 -5200 -5150.00000000367 -5200 -5150.00000000372 -5200 -5150.00000000378 -5149.99999999872 -5150.00000000125 -5100 -5200 -5149.99999999608 -5200 -5150.00000000111 -5200 -5150.00000000105
-5150.0000000025 -5149.99999999744 -5149.99999999756 -5099.9999999998 -5000 -5000 -5000 -4950.0000000023 -5000 -5049.99999999776 -5100 -5100 -5200 -5150.00000000213 -5200 -5200 -5150.00000000298 -5150.00000000202 -5200 -5150.00000000307 -5150.0000000031 -5200 -5150.00000000315 -5150.00000000318 -5200 -5149.99999999676 -5149.99999999673 -5149.9999999967 -5100 -5149.99999999665 -5149.99999999835 -5149.99999999659 -5150.00000000344 -5200 -5150.0000000035 -5200 -5200 -5150.00000000145 -5150.00000000361 -5149.99999999636 -5150.00000000136 -5150.00000000134 -5149.99999999628 -5149.99999999872 -5149.99999999622 -5149.99999999619 -5150.00000000119 -5200 -5149.99999999611 -5150.00000000392 -5200 -5150.00000000105 -5149.99999999599
-5149.9999999975 -5200 -5099.99999999503 -5100 -5050.00000000236 -5000 -5000 -5000 -5000 -5000 -5100 -5150.00000000216 -5100.00000000497 -5149.9999999979 -5150.00000000208 -5200 -5150.00000000296 -5150.00000000298 -5150.00000000196 -5150.00000000304 -5150.0000000019 -5200 -5150.00000000313 -5100 -5200 -5150.00000000321 -5150.00000000173 -5149.9999999983 -5200 -5200 -5200 -5200 -5149.99999999659 -5200 -5149.99999999653 -5150.0000000035 -5149.99999999855 -5149.99999999858 -5149.99999999642 -5149.99999999639 -5149.99999999636 -5149.99999999869 -5150.00000000369 -5150.00000000372 -5200 -5150.00000000378 -5150.00000000381 -5200 -5149.99999999889 -5149.99999999611 -5150.00000000105 -5149.99999999605 -5149.99999999602
-5150.00000000244 -5149.99999999758 -5200 -5149.99999999744 -5100 -5050.00000000261 -5000 -5000 -5000 -5049.99999999781 -5100 -5000 -5099.99999999929 -5100 -5100.00000000492 -5200 -5200 -5150.00000000196 -5150.00000000193 -5149.9999999981 -5149.99999999696 -5150.00000000307 -5100 -5150.00000000313 -5200 -5150.00000000318 -5149.99999999829 -5149.99999999832 -5150.00000000165 -5149.9999999967 -5149.99999999841 -5149.99999999665 -5150.00000000153 -5150.00000000151 -5149.99999999852 -5200 -5149.9999999965 -5200 -5149.99999999645 -5150.00000000134 -5150.00000000361 -5149.99999999872 -5149.99999999875 -5149.99999999878 -5200 -5200 -5150.00000000378 -5200 -5149.99999999892 -5149.99999999895 -5150.00000000102 -5200 -5150.00000000395
-5200 -5100 -5200 -5149.99999999767 -5149.99999999744 -5049.99999999773 -5100 -5100.00000000486 -5000 -5050.0000000027 -5000 -5100 -5100 -5150.00000000281 -5100 -5099.99999999912 -5150.0000000029 -5149.99999999707 -5200 -5200 -5149.99999999815 -5150.00000000304 -5200 -5150.0000000031 -5149.99999999687 -5200 -5200 -5150.00000000165 -5149.99999999838 -5149.99999999841 -5149.99999999844 -5149.99999999667 -5200 -5200 -5149.99999999855 -5100 -5200 -5200 -5200 -5150.00000000355 -5149.99999999872 -5149.99999999639 -5149.99999999878 -5149.99999999881 -5150.00000000117 -5149.99999999886 -5149.99999999889 -5150.00000000108 -5100 -5200 -5150.000000001 -5200 -5149.99999999608
-5100 -5149.99999999756 -5149.99999999767 -5150.0000000023 -5150.00000000253 -5149.99999999775 -5099.9999999952 -5100 -5099.9999999952 -5049.99999999733 -5050.0000000021 -5050.00000000273 -5050.00000000276 -5049.99999999722 -5149.99999999719 -5100 -5149.99999999807 -5149.9999999981 -5099.99999999895 -5100.0000000048 -5149.99999999702 -5100.0000000048 -5100 -5150.00000000307 -5100 -5200 -5099.9999999952 -5149.99999999838 -5100 -5200 -5150.00000000327 -5149.99999999849 -5150.00000000333 -5149.99999999665 -5150.00000000338 -5149.99999999659 -5149.99999999864 -5150.00000000347 -5200 -5150.00000000352 -5100 -5200 -5149.99999999639 -5149.99999999883 -5149.99999999886 -5149.9999999963 -5149.99999999892 -5149.99999999895 -5149.99999999622 -5149.999999999 -5100 -5200 -5149.99999999611
-5100 -5150.00000000242 -5200 -5150.00000000247 -5150.00000000224 -5149.99999999747 -5150.00000000256 -5149.99999999784 -5100.00000000048 -5150.0000000021 -5149.99999999733 -5100 -5099.99999999929 -5149.99999999724 -5100 -5099.99999999912 -5150.0000000019 -5100 -5100 -5150.00000000182 -5200 -5100.00000000475 -5200 -5149.9999999983 -5100 -5200 -5149.99999999838 -5200 -5150.00000000156 -5149.99999999679 -5150.00000000324 -5150.00000000327 -5100 -5200 -5149.99999999665 -5150.00000000136 -5150.00000000341 -5150.00000000131 -5150.00000000128 -5149.99999999875 -5149.99999999878 -5150.00000000355 -5150.00000000358 -5150.00000000361 -5149.99999999889 -5200 -5200 -5200 -5200 -5150.00000000378 -5150.00000000381 -5099.99999999525 -5200
-5200 -5149.9999999977 -5149.99999999773 -5150.00000000224 -5149.99999999778 -5150.00000000219 -5149.99999999747 -5149.99999999787 -5100.00000000469 -5049.99999999792 -5149.99999999736 -5200 -5100.00000000071 -5099.99999999923 -5100.00000000469 -5100 -5099.99999999531 -5100 -5099.99999999895 -5150.0000000029 -5150.00000000176 -5149.99999999827 -5100.00000000469 -5100.00000000469 -5149.99999999835 -5149.99999999693 -5200 -5100 -5200 -5200 -5149.99999999679 -5149.99999999676 -5150.00000000142 -5150.0000000033 -5150.00000000136 -5150.00000000134 -5149.99999999869 -5200 -5150.00000000344 -5149.99999999653 -5149.99999999881 -5149.99999999883 -5149.99999999886 -5200 -5150.00000000361 -5150.00000000105 -5100 -5149.999999999 -5200 -5150.00000000375 -5150.00000000378 -5150.00000000088 -5150.00000000085
-5150.00000000233 -5200 -5200 -5200 -5150.00000000244 -5200 -5149.99999999787 -5149.9999999979 -5149.99999999744 -5150.00000000205 -5200 -5149.99999999801 -5100.00000000071 -5149.9999999973 -5150.0000000019 -5149.99999999812 -5100.00000000094 -5149.99999999719 -5100 -5200 -5150.0000000029 -5149.99999999707 -5149.99999999704 -5200 -5200 -5200 -5200 -5149.9999999969 -5100 -5149.99999999685 -5150.00000000145 -5200 -5149.99999999676 -5149.99999999864 -5150.00000000134 -5200 -5150.00000000335 -5149.99999999875 -5149.99999999659 -5149.99999999881 -5150.00000000117 -5150.00000000114 -5150.00000000352 -5150.00000000355 -5149.99999999642 -5150.00000000102 -5200 -5149.99999999633 -5150.00000000369 -5100 -5100 -5149.99999999622 -5149.99999999619
-5000 -5100 -5100.00000000014 -5099.9999999998 -5150.00000000216 -5150.00000000213 -5149.9999999979 -5200 -5099.99999999952 -5150.00000000202 -5149.99999999741 -5200 -5100 -5150.00000000267 -5149.9999999973 -5200 -5100 -5150.00000000278 -5149.99999999824 -5149.99999999827 -5149.99999999829 -5149.9999999971 -5100 -5149.99999999704 -5149.99999999702 -5150.00000000301 -5149.99999999696 -5200 -5149.99999999852 -5150.00000000313 -5150.00000000142 -5149.99999999682 -5150.00000000321 -5150.00000000324 -5150.00000000327 -5200 -5150.00000000125 -5200 -5149.99999999881 -5149.99999999659 -5150.00000000114 -5150.00000000347 -5200 -5149.99999999895 -5149.99999999898 -5200 -5149.99999999903 -5150.00000000094 -5150.00000000091 -5149.9999999963 -5150.00000000085 -5149.99999999918 -5149.9999999992
-5000 -5000 -5050.00000000233 -5100.00000000452 -5150.00000000213 -5100.00000000031 -5100.00000000037 -5100.00000000043 -5150.00000000202 -5100.00000000452 -5200 -5150.00000000193 -5149.99999999739 -5150.00000000264 -5100.00000000452 -5149.9999999973 -5200 -5100 -5150.00000000173 -5150.0000000017 -5150.00000000284 -5150.00000000165 -5150.0000000029 -5150.00000000293 -5150.00000000296 -5149.99999999702 -5150.00000000151 -5149.99999999696 -5200 -5149.9999999969 -5149.99999999687 -5149.99999999864 -5150.00000000134 -5149.99999999679 -5149.99999999872 -5149.99999999673 -5149.9999999967 -5149.99999999881 -5200 -5200 -5149.99999999659 -5149.99999999656 -5100 -5150.0000000035 -5149.99999999648 -5100 -5149.99999999642 -5149.99999999909 -5149.99999999912 -5200 -5150.00000000369 -5150.00000000372 -5200
-4899.99999999554 -5000 -5049.99999999784 -5099.99999999554 -5049.99999999764 -5099.99999999554 -5099.99999999554 -5100 -5099.99999999952 -5100.00000000054 -5200 -5150.00000000256 -5150.00000000259 -5200 -5150.00000000264 -5200 -5149.9999999973 -5100 -5100.00000000446 -5100 -5100.00000000117 -5200 -5150.00000000159 -5200 -5200 -5150.00000000151 -5150.00000000298 -5150.00000000301 -5200 -5200 -5200 -5149.99999999687 -5149.99999999869 -5150.00000000128 -5149.99999999875 -5200 -5150.00000000119 -5150.00000000117 -5150.00000000114 -5100 -5150.00000000338 -5200 -5150.00000000344 -5150.00000000347 -5150.0000000035 -5100 -5150.00000000091 -5150.00000000358 -5200 -5149.99999999918 -5149.9999999992 -5200 -5200
-5149.99999999778 -5200 -5200 -5149.9999999979 -5150.00000000233 -5200 -5150.00000000239 -5200 -5200 -5149.99999999807 -5150.0000000025 -5200 -5150.00000000185 -5200 -5200 -5149.99999999736 -5200 -5150.0000000017 -5149.99999999832 -5200 -5150.00000000278 -5149.99999999841 -5200 -5149.99999999847 -5150.0000000029 -5200 -5150.00000000145 -5149.99999999702 -5149.99999999861 -5149.99999999696 -5149.99999999693 -5149.99999999869 -5150.00000000128 -5150.00000000316 -5149.99999999878 -5150.00000000119 -5200 -5149.99999999886 -5200 -5149.99999999667 -5150.00000000335 -5200 -5150.000000001 -5150.00000000097 -5150.00000000094 -5200 -5150.00000000088 -5150.00000000355 -5150.00000000358 -5149.99999999639 -5150.00000000364 -5100.00000000293 -5150.00000000071
-5150.00000000219 -5149.99999999778 -5149.9999999979 -5200 -5149.9999999977 -5200 -5149.99999999801 -5149.99999999761 -5150.00000000242 -5200 -5150.00000000247 -5149.9999999975 -5150.00000000253 -5200 -5150.00000000259 -5150.00000000261 -5149.99999999829 -5149.99999999733 -5150.00000000165 -5150.00000000273 -5149.99999999724 -5150.00000000278 -5200 -5150.00000000284 -5149.99999999713 -5200 -5149.99999999858 -5200 -5149.99999999702 -5149.99999999699 -5149.99999999696 -5149.99999999693 -5149.9999999969 -5150.00000000313 -5200 -5149.99999999682 -5150.00000000114 -5150.00000000324 -5150.00000000327 -5200 -5200 -5149.999999999 -5149.99999999662 -5200 -5200 -5150.00000000088 -5149.9999999965 -5200 -5150.0000000008 -5150.00000000358 -5149.99999999639 -5150.00000000364 -5150.00000000367
-5149.99999999787 -5200 -5149.99999999793 -5100 -5149.99999999798 -5149.9999999977 -5200 -5200 -5150.0000000019 -5149.99999999812 -5150.00000000244 -5150.00000000182 -5200 -5200 -5150.00000000173 -5149.99999999741 -5200 -5150.00000000165 -5150.00000000267 -5149.9999999973 -5200 -5149.99999999724 -5150.00000000278 -5150.00000000281 -5150.00000000284 -5200 -5149.9999999971 -5200 -5149.99999999866 -5150.00000000298 -5100 -5200 -5149.99999999878 -5200 -5200 -5200 -5149.99999999682 -5149.99999999892 -5200 -5150.00000000327 -5149.9999999967 -5149.99999999903 -5149.99999999665 -5200 -5200 -5200 -5150.00000000082 -5149.9999999992 -5149.99999999923 -5149.99999999926 -5149.99999999929 -5200 -5149.99999999636
-5149.99999999787 -5150.00000000216 -5149.99999999795 -5200 -5200 -5149.99999999804 -5100 -5149.99999999767 -5149.99999999764 -5149.99999999815 -5150.00000000242 -5149.99999999756 -5149.99999999824 -5200 -5150.0000000017 -5200 -5100 -5200 -5200 -5200 -5200 -5100 -5150.00000000276 -5200 -5149.99999999858 -5149.99999999716 -5200 -5150.00000000134 -5150.00000000293 -5150.00000000295 -5200 -5149.99999999699 -5149.99999999881 -5150.00000000117 -5150.00000000114 -5200 -5200 -5200 -5150.00000000321 -5200 -5150.00000000327 -5149.99999999906 -5200 -5149.99999999665 -5200 -5150.00000000341 -5200 -5150.00000000077 -5150.0000000035 -5149.99999999647 -5149.99999999932 -5149.99999999935 -5200
-5150.00000000208 -5200 -5150.00000000216 -5200 -5200 -5150.00000000225 -5149.9999999981 -5150.00000000188 -5200 -5150.00000000182 -5200 -5200 -5149.99999999756 -5150.0000000017 -5149.99999999832 -5150.00000000165 -5149.99999999744 -5150.00000000259 -5150.00000000261 -5150.00000000154 -5200 -5200 -5150.00000000273 -5150.00000000142 -5200 -5150.00000000136 -5150.00000000284 -5200 -5200 -5200 -5150.00000000122 -5150.00000000298 -5200 -5149.99999999696 -5149.99999999693 -5150.0000000031 -5150.00000000313 -5149.99999999898 -5200 -5150.00000000321 -5200 -5150.00000000327 -5150.00000000088 -5150.00000000085 -5200 -5150.00000000338 -5149.99999999659 -5149.99999999926 -5100 -5100 -5200 -5150.00000000063 -5149.9999999994
-5200 -5200 -5149.99999999801 -5200 -5149.99999999781 -5150.0000000019 -5150.00000000224 -5200 -5200 -5200 -5200 -5150.00000000173 -5149.99999999829 -5200 -5200 -5149.99999999838 -5200 -5150.00000000256 -5149.99999999741 -5150.00000000151 -5100 -5150.00000000267 -5150.0000000027 -5149.99999999727 -5150.00000000136 -5200 -5149.99999999719 -5150.00000000128 -5200 -5150.0000000029 -5200 -5149.99999999704 -5150.00000000114 -5200 -5149.99999999892 -5149.99999999693 -5200 -5149.99999999687 -5200 -5149.99999999906 -5150.00000000321 -5200 -5149.99999999915 -5149.99999999918 -5149.99999999667 -5200 -5149.99999999926 -5150.00000000341 -5100 -5149.99999999935 -5200 -5200 -5149.99999999943
