Prepped_data/Covariate_Data/All_data/0.5deg/Palaeo/teyen_sed_0.5.asc
NCOLS 720 
NROWS 180 
XLLCORNER -180 
YLLCORNER 0 
CELLSIZE 0.5 
NODATA_value -3.4e+38 
[rows 58 to 86 of 180, columns 264 to 329 of 720]
3187 3187 3187 3187 3187 3187 3187 3187 3187 3187 2673 2673 2673 3187 2707 2736 2736 2674 2674 2709 2721 2722 2810 2810 2810 2810 2810 2810 2746 2746 2746 2676 2738 2723 2677 2661 -3.4e+38 -3.4e+38 -3.4e+38 -3.4e+38 -3.4e+38 -3.4e+38 -3.4e+38 -3.4e+38 -3.4e+38 -3.4e+38 -3.4e+38 -3.4e+38 -3.4e+38 -3.4e+38 -3.4e+38 -3.4e+38 -3.4e+38 2712 -3.4e+38 -3.4e+38 -3.4e+38 2713 2695 2695 2926 2926 2926 2926 2926 2926
3187 3187 3187 3187 3187 3187 3187 3187 3187 3187 3187 3187 3187 3187 3187 3187 3187 2810 2810 2810 2810 2722 2810 2810 2810 2810 2874 2874 2779 2746 -3.4e+38 -3.4e+38 2738 2724 -3.4e+38 -3.4e+38 -3.4e+38 -3.4e+38 -3.4e+38 -3.4e+38 -3.4e+38 -3.4e+38 -3.4e+38 -3.4e+38 -3.4e+38 -3.4e+38 -3.4e+38 -3.4e+38 -3.4e+38 -3.4e+38 -3.4e+38 -3.4e+38 2743 2925 2745 2729 2758 2753 2758 3082 3082 2926 2926 2926 2926 2926
3187 3187 3187 3187 3187 3187 3187 3187 3187 3187 3187 3187 3187 3187 3187 3187 3187 3187 3187 2810 2810 2810 2810 2810 2810 2810 2874 2812 2779 2785 2791 2780 -3.4e+38 -3.4e+38 -3.4e+38 -3.4e+38 -3.4e+38 -3.4e+38 -3.4e+38 -3.4e+38 -3.4e+38 -3.4e+38 -3.4e+38 -3.4e+38 -3.4e+38 -3.4e+38 -3.4e+38 -3.4e+38 -3.4e+38 2793 2770 2854 2925 2925 2925 2821 3082 3082 3082 3082 3082 2926 3082 3082 3082 3082
3187 3187 3187 3187 3187 3187 3187 3187 3187 3187 3187 3187 3187 3187 3187 3187 3187 3187 3187 3187 2810 2810 2810 2810 2874 2874 2816 2812 2800 -3.4e+38 -3.4e+38 -3.4e+38 -3.4e+38 -3.4e+38 -3.4e+38 -3.4e+38 -3.4e+38 -3.4e+38 -3.4e+38 -3.4e+38 -3.4e+38 -3.4e+38 -3.4e+38 -3.4e+38 -3.4e+38 -3.4e+38 -3.4e+38 -3.4e+38 2805 2845 2854 2854 2925 2925 2925 2821 3082 3082 3082 3082 3082 3082 3082 3082 3082 3082
3187 3187 3187 3187 3187 3187 3187 3187 3187 3187 3187 3187 3187 3187 3187 3187 3187 3187 3187 3187 3187 2874 2874 2874 2874 2874 2874 -3.4e+38 -3.4e+38 -3.4e+38 -3.4e+38 -3.4e+38 -3.4e+38 -3.4e+38 -3.4e+38 -3.4e+38 -3.4e+38 -3.4e+38 -3.4e+38 -3.4e+38 -3.4e+38 -3.4e+38 -3.4e+38 -3.4e+38 -3.4e+38 -3.4e+38 -3.4e+38 -3.4e+38 2823 2845 2845 2854 2854 2925 2925 2925 3082 3082 3082 3082 3082 3082 3082 3082 3082 3082
3187 3187 3187 3187 3187 3187 3187 3187 3187 3187 3187 3187 3187 3187 3187 3187 3187 3187 3187 3187 3187 2874 2874 3043 3043 3043 2839 2841 -3.4e+38 -3.4e+38 -3.4e+38 -3.4e+38 -3.4e+38 -3.4e+38 -3.4e+38 -3.4e+38 -3.4e+38 -3.4e+38 -3.4e+38 -3.4e+38 -3.4e+38 -3.4e+38 -3.4e+38 -3.4e+38 -3.4e+38 -3.4e+38 -3.4e+38 2842 2852 2845 2845 2854 2925 2925 2925 2925 2925 3082 3082 3082 3082 3082 3082 3082 3082 3082
3187 3187 3187 3187 3187 3187 3187 3187 3187 3187 3187 3187 3187 3187 3187 3187 3187 3187 3187 3187 3187 3187 3043 3043 3043 3043 3043 -3.4e+38 -3.4e+38 -3.4e+38 2882 -3.4e+38 -3.4e+38 -3.4e+38 -3.4e+38 -3.4e+38 -3.4e+38 -3.4e+38 -3.4e+38 -3.4e+38 -3.4e+38 -3.4e+38 -3.4e+38 -3.4e+38 -3.4e+38 -3.4e+38 -3.4e+38 -3.4e+38 2883 2939 2939 3102 3102 3102 2925 2925 3082 3082 3082 3082 3082 3082 3082 3082 3082 3082
3447 3187 3187 3187 3187 3187 3187 3187 3187 3187 3187 3187 3187 3187 3187 3187 3187 3187 3187 3187 3187 3187 3043 3043 3043 3043 2973 -3.4e+38 2979 -3.4e+38 2949 -3.4e+38 -3.4e+38 -3.4e+38 -3.4e+38 -3.4e+38 -3.4e+38 -3.4e+38 -3.4e+38 -3.4e+38 -3.4e+38 -3.4e+38 -3.4e+38 -3.4e+38 -3.4e+38 -3.4e+38 -3.4e+38 -3.4e+38 2945 2951 3102 3102 3102 3102 3102 3102 3102 3082 3082 3082 3082 3082 3082 3082 3082 3082
3447 3187 3187 3187 3187 3187 3187 3187 3187 3187 3187 3187 3187 3187 3187 3187 3187 3187 3187 3187 3187 3043 3043 3043 3043 2973 3164 3164 2997 2979 -3.4e+38 -3.4e+38 -3.4e+38 -3.4e+38 -3.4e+38 -3.4e+38 -3.4e+38 -3.4e+38 -3.4e+38 -3.4e+38 -3.4e+38 -3.4e+38 -3.4e+38 -3.4e+38 -3.4e+38 -3.4e+38 -3.4e+38 -3.4e+38 -3.4e+38 3102 3102 3102 3102 3102 3102 3102 3102 3082 3082 3082 3082 3082 3082 3082 3082 3082
3447 3447 3187 3187 3187 3187 3187 3187 3187 3187 3187 3187 3187 3187 3187 3187 3187 3187 3187 3187 3187 3043 3043 3043 3043 3164 3164 3164 3164 2998 3016 -3.4e+38 -3.4e+38 -3.4e+38 -3.4e+38 -3.4e+38 -3.4e+38 -3.4e+38 -3.4e+38 -3.4e+38 -3.4e+38 -3.4e+38 -3.4e+38 -3.4e+38 -3.4e+38 -3.4e+38 -3.4e+38 -3.4e+38 -3.4e+38 3102 3102 3102 3102 3102 3102 3102 3102 3102 3082 3082 3082 3082 3082 3082 3082 3072
3447 3447 3187 3187 3187 3187 3187 3187 3187 3187 3187 3187 3187 3187 3187 3187 3187 3187 3187 3187 3187 3043 3043 3043 3043 3164 3164 3164 3164 3078 3045 -3.4e+38 -3.4e+38 -3.4e+38 -3.4e+38 -3.4e+38 -3.4e+38 -3.4e+38 -3.4e+38 -3.4e+38 -3.4e+38 -3.4e+38 -3.4e+38 -3.4e+38 -3.4e+38 -3.4e+38 -3.4e+38 -3.4e+38 -3.4e+38 3102 3102 3102 3102 3102 3102 3102 3102 3102 3102 3082 3082 3082 3103 3072 3072 3072
3447 3447 3447 3187 3187 3187 3187 3187 3187 3187 3187 3187 3187 3187 3187 3187 3187 3187 3187 3164 3187 3164 3164 3164 3164 3164 3164 3164 3078 3078 3078 -3.4e+38 -3.4e+38 -3.4e+38 -3.4e+38 -3.4e+38 -3.4e+38 -3.4e+38 -3.4e+38 -3.4e+38 -3.4e+38 -3.4e+38 -3.4e+38 -3.4e+38 -3.4e+38 -3.4e+38 -3.4e+38 -3.4e+38 -3.4e+38 3076 3102 3102 3102 3102 3102 3102 3102 3102 3082 3082 3082 3103 3068 3069 3072 3050
3447 3447 3447 3447 3187 3187 3187 3187 3187 3187 3187 3187 3187 3187 3187 3187 3187 3187 3187 3164 3164 3164 3164 3164 3164 3164 3164 3164 3104 3104 3078 3086 -3.4e+38 -3.4e+38 -3.4e+38 -3.4e+38 -3.4e+38 -3.4e+38 -3.4e+38 -3.4e+38 -3.4e+38 -3.4e+38 -3.4e+38 -3.4e+38 -3.4e+38 -3.4e+38 -3.4e+38 -3.4e+38 -3.4e+38 3081 3107 3114 3151 3151 3151 3102 3102 3102 3103 3103 3103 3103 -3.4e+38 -3.4e+38 -3.4e+38 -3.4e+38
3447 3447 3447 3447 3447 3187 3187 3187 3187 3187 3187 3187 3187 3187 3187 3187 3187 3187 3187 3164 3164 3164 3164 3164 3164 3164 3164 3158 3104 3104 3104 3104 -3.4e+38 -3.4e+38 -3.4e+38 -3.4e+38 -3.4e+38 -3.4e+38 -3.4e+38 -3.4e+38 -3.4e+38 -3.4e+38 -3.4e+38 -3.4e+38 -3.4e+38 -3.4e+38 -3.4e+38 -3.4e+38 -3.4e+38 3096 3107 3114 3151 3151 3151 3151 3102 3102 3103 3103 -3.4e+38 -3.4e+38 -3.4e+38 -3.4e+38 -3.4e+38 -3.4e+38
3447 3447 3447 3447 3447 3447 3187 3187 3187 3187 3187 3187 3187 3187 3187 3187 3187 3187 3187 3164 3164 3164 3164 3164 3164 3164 3164 3158 3158 3158 3158 3122 -3.4e+38 -3.4e+38 -3.4e+38 -3.4e+38 -3.4e+38 -3.4e+38 -3.4e+38 -3.4e+38 -3.4e+38 -3.4e+38 -3.4e+38 -3.4e+38 -3.4e+38 -3.4e+38 -3.4e+38 -3.4e+38 -3.4e+38 -3.4e+38 -3.4e+38 3115 3143 3151 3151 3151 3149 3116 3116 3125 -3.4e+38 -3.4e+38 -3.4e+38 -3.4e+38 -3.4e+38 -3.4e+38
3447 3447 3447 3447 3447 3447 3187 3187 3187 3187 3187 3187 3187 3187 3187 3187 3187 3187 3187 3164 3164 3164 3164 3164 3164 3164 3164 3158 3158 3158 3158 3138 -3.4e+38 -3.4e+38 -3.4e+38 -3.4e+38 -3.4e+38 -3.4e+38 -3.4e+38 -3.4e+38 -3.4e+38 -3.4e+38 -3.4e+38 -3.4e+38 -3.4e+38 -3.4e+38 -3.4e+38 -3.4e+38 -3.4e+38 -3.4e+38 -3.4e+38 3129 -3.4e+38 3151 3151 3151 3149 3149 3135 -3.4e+38 -3.4e+38 -3.4e+38 -3.4e+38 -3.4e+38 -3.4e+38 -3.4e+38
3447 3447 3447 3447 3447 3447 3187 3187 3187 3187 3187 3187 3187 3187 3187 3187 3187 3187 3187 3164 3164 3164 3164 3164 3164 3164 3164 3158 3158 3158 3147 3148 -3.4e+38 -3.4e+38 -3.4e+38 -3.4e+38 -3.4e+38 -3.4e+38 -3.4e+38 -3.4e+38 -3.4e+38 -3.4e+38 -3.4e+38 -3.4e+38 -3.4e+38 -3.4e+38 -3.4e+38 -3.4e+38 -3.4e+38 -3.4e+38 -3.4e+38 -3.4e+38 -3.4e+38 3156 3156 3153 3149 -3.4e+38 3146 -3.4e+38 -3.4e+38 -3.4e+38 -3.4e+38 -3.4e+38 -3.4e+38 -3.4e+38
3447 3447 3447 3447 3447 3447 3447 3447 3447 3187 3187 3187 3187 3187 3187 3187 3187 3187 3187 3231 3231 3231 3231 3231 3164 3196 3196 3196 3196 3196 3196 3196 -3.4e+38 -3.4e+38 -3.4e+38 -3.4e+38 -3.4e+38 -3.4e+38 -3.4e+38 -3.4e+38 -3.4e+38 -3.4e+38 -3.4e+38 -3.4e+38 -3.4e+38 -3.4e+38 -3.4e+38 -3.4e+38 -3.4e+38 -3.4e+38 -3.4e+38 -3.4e+38 -3.4e+38 -3.4e+38 3165 3173 3170 -3.4e+38 -3.4e+38 -3.4e+38 -3.4e+38 -3.4e+38 -3.4e+38 -3.4e+38 -3.4e+38 -3.4e+38
3447 3447 3447 3447 3447 3447 3447 3447 3447 3187 3187 3187 3187 3187 3187 3187 3187 3187 3231 3231 3231 3231 3231 3231 3231 3196 3196 3196 3196 3196 3196 3196 3180 3182 -3.4e+38 -3.4e+38 -3.4e+38 -3.4e+38 -3.4e+38 -3.4e+38 -3.4e+38 -3.4e+38 -3.4e+38 -3.4e+38 -3.4e+38 -3.4e+38 -3.4e+38 -3.4e+38 -3.4e+38 -3.4e+38 -3.4e+38 -3.4e+38 -3.4e+38 -3.4e+38 -3.4e+38 -3.4e+38 -3.4e+38 -3.4e+38 -3.4e+38 -3.4e+38 -3.4e+38 -3.4e+38 -3.4e+38 -3.4e+38 -3.4e+38 -3.4e+38
3447 3447 3447 3447 3447 3447 3447 3447 3379 3447 3379 3379 3379 3379 3379 3187 3379 3379 3379 3379 3231 3231 3231 3231 3231 3196 3196 3196 3231 3231 3196 3196 3190 3191 3193 -3.4e+38 -3.4e+38 -3.4e+38 -3.4e+38 -3.4e+38 -3.4e+38 -3.4e+38 -3.4e+38 -3.4e+38 -3.4e+38 -3.4e+38 -3.4e+38 -3.4e+38 -3.4e+38 -3.4e+38 -3.4e+38 -3.4e+38 -3.4e+38 -3.4e+38 -3.4e+38 -3.4e+38 -3.4e+38 -3.4e+38 -3.4e+38 -3.4e+38 -3.4e+38 -3.4e+38 -3.4e+38 -3.4e+38 -3.4e+38 -3.4e+38
3447 3447 3447 3447 3447 3447 3447 3447 3379 3379 3379 3379 3379 3379 3379 3379 3379 3379 3379 3231 3231 3231 3231 3231 3231 3231 3231 3231 3231 3231 3231 3231 3231 3231 3231 -3.4e+38 -3.4e+38 -3.4e+38 -3.4e+38 -3.4e+38 -3.4e+38 -3.4e+38 -3.4e+38 -3.4e+38 -3.4e+38 -3.4e+38 -3.4e+38 -3.4e+38 -3.4e+38 -3.4e+38 -3.4e+38 -3.4e+38 -3.4e+38 -3.4e+38 -3.4e+38 -3.4e+38 -3.4e+38 -3.4e+38 -3.4e+38 -3.4e+38 -3.4e+38 -3.4e+38 -3.4e+38 -3.4e+38 -3.4e+38 -3.4e+38
3447 3447 3447 3447 3447 3379 3379 3379 3379 3379 3379 3379 3379 3379 3379 3379 3379 3379 3379 3231 3231 3231 3231 3231 3231 3231 3231 3231 3231 3231 3231 3231 3231 3231 3207 3210 -3.4e+38 -3.4e+38 -3.4e+38 -3.4e+38 -3.4e+38 -3.4e+38 -3.4e+38 -3.4e+38 -3.4e+38 -3.4e+38 -3.4e+38 -3.4e+38 -3.4e+38 -3.4e+38 -3.4e+38 -3.4e+38 -3.4e+38 -3.4e+38 -3.4e+38 -3.4e+38 -3.4e+38 -3.4e+38 -3.4e+38 -3.4e+38 -3.4e+38 -3.4e+38 -3.4e+38 -3.4e+38 -3.4e+38 -3.4e+38
3447 3379 3379 3379 3379 3379 3379 3379 3379 3379 3379 3379 3379 3379 3379 3379 3379 3379 3379 3379 3379 3231 3298 3298 3285 3285 3231 3231 3231 3231 3231 3226 3226 3226 3226 3226 3220 -3.4e+38 -3.4e+38 -3.4e+38 -3.4e+38 -3.4e+38 -3.4e+38 -3.4e+38 -3.4e+38 -3.4e+38 -3.4e+38 -3.4e+38 -3.4e+38 -3.4e+38 -3.4e+38 -3.4e+38 -3.4e+38 -3.4e+38 -3.4e+38 -3.4e+38 -3.4e+38 -3.4e+38 -3.4e+38 -3.4e+38 -3.4e+38 -3.4e+38 -3.4e+38 -3.4e+38 -3.4e+38 -3.4e+38
3379 3379 3379 3379 3379 3379 3379 3379 3379 3379 3379 3379 3379 3379 3379 3379 3379 3379 3379 3379 3379 3298 3298 3298 3285 3285 3231 3231 3231 3231 3246 3226 3226 3226 3226 3238 3238 -3.4e+38 -3.4e+38 -3.4e+38 -3.4e+38 -3.4e+38 -3.4e+38 -3.4e+38 -3.4e+38 -3.4e+38 -3.4e+38 -3.4e+38 -3.4e+38 -3.4e+38 -3.4e+38 -3.4e+38 -3.4e+38 -3.4e+38 -3.4e+38 -3.4e+38 -3.4e+38 -3.4e+38 -3.4e+38 -3.4e+38 -3.4e+38 -3.4e+38 -3.4e+38 -3.4e+38 -3.4e+38 -3.4e+38
3379 3379 3379 3379 3379 3379 3379 3379 3379 3379 3379 3379 3379 3379 3379 3379 3379 3379 3379 3379 3379 3379 3298 3298 3285 3285 3285 3285 3231 3257 3246 3246 3248 3242 3238 3238 3238 -3.4e+38 -3.4e+38 -3.4e+38 -3.4e+38 -3.4e+38 -3.4e+38 -3.4e+38 -3.4e+38 -3.4e+38 -3.4e+38 -3.4e+38 -3.4e+38 -3.4e+38 -3.4e+38 -3.4e+38 -3.4e+38 -3.4e+38 -3.4e+38 -3.4e+38 -3.4e+38 -3.4e+38 -3.4e+38 -3.4e+38 -3.4e+38 -3.4e+38 -3.4e+38 -3.4e+38 -3.4e+38 -3.4e+38
3447 3379 3379 3379 3379 3379 3379 3379 3379 3379 3379 3379 3379 3379 3379 3379 3379 3379 3379 3379 3379 3379 3298 3298 3285 3285 3285 3285 3268 3255 3257 3246 3250 3242 3273 3274 -3.4e+38 -3.4e+38 -3.4e+38 -3.4e+38 -3.4e+38 -3.4e+38 -3.4e+38 -3.4e+38 -3.4e+38 -3.4e+38 -3.4e+38 -3.4e+38 -3.4e+38 -3.4e+38 -3.4e+38 -3.4e+38 -3.4e+38 -3.4e+38 -3.4e+38 -3.4e+38 -3.4e+38 -3.4e+38 -3.4e+38 -3.4e+38 -3.4e+38 -3.4e+38 -3.4e+38 -3.4e+38 -3.4e+38 -3.4e+38
3379 3379 3379 3379 3379 3379 3379 3379 3379 3379 3379 3379 3379 3379 3379 3379 3379 3379 3379 3379 3379 3298 3298 3298 3298 3285 3285 3271 3267 3260 -3.4e+38 -3.4e+38 -3.4e+38 -3.4e+38 3273 3274 -3.4e+38 -3.4e+38 -3.4e+38 -3.4e+38 -3.4e+38 -3.4e+38 -3.4e+38 -3.4e+38 -3.4e+38 -3.4e+38 -3.4e+38 -3.4e+38 -3.4e+38 -3.4e+38 -3.4e+38 -3.4e+38 -3.4e+38 -3.4e+38 -3.4e+38 -3.4e+38 -3.4e+38 -3.4e+38 -3.4e+38 -3.4e+38 -3.4e+38 -3.4e+38 -3.4e+38 -3.4e+38 -3.4e+38 -3.4e+38
3379 3379 3379 3379 3379 3379 3379 3379 3379 3379 3379 3379 3379 3379 3379 3379 3379 3379 3379 3379 3379 3298 3298 3298 3298 3285 3285 3277 -3.4e+38 -3.4e+38 -3.4e+38 -3.4e+38 -3.4e+38 3282 3280 -3.4e+38 -3.4e+38 -3.4e+38 -3.4e+38 -3.4e+38 -3.4e+38 -3.4e+38 -3.4e+38 -3.4e+38 -3.4e+38 -3.4e+38 -3.4e+38 -3.4e+38 -3.4e+38 -3.4e+38 -3.4e+38 -3.4e+38 -3.4e+38 -3.4e+38 -3.4e+38 -3.4e+38 -3.4e+38 -3.4e+38 -3.4e+38 -3.4e+38 -3.4e+38 -3.4e+38 -3.4e+38 -3.4e+38 -3.4e+38 -3.4e+38
3379 3379 3379 3379 3379 3379 3379 3379 3379 3379 3379 3379 3379 3425 3425 3425 3425 3379 3379 3379 3379 3379 3379 3298 3298 3306 -3.4e+38 -3.4e+38 -3.4e+38 -3.4e+38 -3.4e+38 -3.4e+38 3304 3327 -3.4e+38 -3.4e+38 -3.4e+38 -3.4e+38 -3.4e+38 -3.4e+38 -3.4e+38 -3.4e+38 -3.4e+38 -3.4e+38 -3.4e+38 -3.4e+38 -3.4e+38 -3.4e+38 -3.4e+38 -3.4e+38 -3.4e+38 -3.4e+38 -3.4e+38 -3.4e+38 -3.4e+38 -3.4e+38 -3.4e+38 -3.4e+38 -3.4e+38 -3.4e+38 -3.4e+38 -3.4e+38 -3.4e+38 -3.4e+38 -3.4e+38 -3.4e+38
