Prepped_data/Covariate_Data/All_data/0.5deg/Palaeo/teyep_DEM_0.5.asc
NCOLS 720 
NROWS 360 
XLLCORNER -180 
YLLCORNER -90 
CELLSIZE 0.5 
NODATA_value -9999 
[rows 276 to 298 of 360, columns 510 to 560 of 720]
-3200.00000000579 -3530.00000000243 -3709.99999999661 -3870.00000000922 -3980.00000000584 -4150.00000001907 -4329.99999999659 -4420.00000001081 -4490.00000001026 -4619.99999998135 -4560.00000000686 -4669.99999999159 -4610.00000000748 -4339.99999998311 -4700.00000002979 -4090.00000000631 -4219.99999999212 -4020.00000000979 -4180.00000002055 -4129.99999998544 -3810.00000000662 -2730.00000003334 -3410.00000001619 -2569.99999999839 -2460 -2200.00000000932 -3120.00000000475 -3460.00000004463 -4170.00000000923 -4260.00000001933 -4340.00000000095 -3999.9999999967 -3890.0000000064 -3860.00000002137 -3810.00000000641 -4210.00000001357 -3880.00000001095 -4339.99999999715 -4299.99999998279 -4500.00000000434 -4269.99999998618 -4510.00000001329 -4360.00000002225 -3759.99999994745 -1909.99999994374 -1210.00000001089 -1339.99999998546 -1119.99999999272 -1059.99999999905 -1080 -1080
-3340.00000000579 -3600.00000000487 -3690.0000000092 -3999.99999999906 -4030.00000000339 -4160.00000001265 -4310.00000000246 -4360 -4529.99999999471 -4560.0000000059 -4509.99999999066 -4439.99999999502 -4339.99999998126 -4540.00000001377 -4120.000000016 -3690.00000000942 -3909.99999999877 -4440.00000003689 -4239.99999998743 -4460.00000000039 -4259.99999995808 -3390.00000000296 -2450.00000004813 -2909.99999997226 -2529.99999999368 -2390.00000001567 -2880.00000001219 -3149.99999999506 -3810.0000000054 -3850.00000001297 -3829.99999997847 -3290.00000000062 -2830.00000000824 -3190.00000002583 -3570.00000003448 -3719.99999993221 -3840.00000003104 -4430.00000000264 -4539.99999999906 -4539.99999999282 -4319.99999995467 -4459.99999999812 -4540.00000001255 -4560.00000000535 -4509.99999994667 -3099.99999993545 -1849.99999999963 -1729.99999997713 -1280.00000000541 -1220 -1079.99999999551
-3570.0000000073 -3809.99999999571 -3809.99999999663 -4080.00000001259 -4080 -4190.00000001325 -4370.0000000034 -4389.99999999845 -4449.99999999659 -4470.00000000341 -4449.99999999843 -4270.0000000062 -4439.99999996217 -3209.9999999934 -3710.0000000094 -3660.00000001883 -3760.00000001011 -3989.99999999055 -4290.0000000164 -4169.99999997476 -3760.00000003475 -4300.00000008171 -4049.99999998071 -3670.00000002124 -3729.99999996203 -3800.00000000846 -3830.00000001384 -3710.00000004958 -4359.999999952 -4870.00000000966 -3289.999999936 -2489.9999999909 -2910.0000000174 -3350.00000002824 -3249.99999996119 -3750.00000000541 -3990.00000001163 -4020.00000002144 -4540.00000000623 -4310.00000003387 -4590.00000000984 -4560.00000000719 -4570.0000000036 -4539.99999999557 -4569.99999999824 -4369.99999999007 -3889.99999998913 -2669.99999993212 -1559.99999997819 -1260.00000000636 -609.999999984547
-3729.99999999756 -3830.00000000733 -3940.00000000582 -4110.00000000829 -4170.00000000831 -4200.00000000091 -4249.99999998579 -4320 -4229.99999998757 -4189.99999999934 -4290.0000000189 -3850.00000001074 -3879.99999998494 -3480.00000000869 -3639.99999999313 -3640 -3890.00000000162 -4090.00000000944 -4270.00000000946 -4420 -4440 -4409.99999999469 -3829.99999999067 -3210.000000002 -4320.00000001397 -4389.99999997642 -4350.00000002665 -4590.00000000351 -4649.99999999986 -4539.99999999725 -3519.99999994044 -3310.000000014 -3150.00000000195 -3400.00000006448 -3400.00000000366 -3649.99999998771 -3510.00000000722 -3790.00000002936 -4169.99999995905 -4139.99999996621 -4580.00000000275 -4530.00000000267 -4560 -4509.99999999731 -4509.99999999101 -4089.99999998112 -3249.99999996212 -1859.99999995842 -1379.99999999549 -969.99999998823 -439.999999987267
-3670.00000000824 -3960.0000000058 -4020.0000000009 -4119.99999999326 -4179.99999999325 -4260.0000000009 -4229.99999998669 -3979.99999999503 -3389.99999993634 -2939.99999998501 -2739.99999999179 -3039.9999999995 -3140.0000000347 -3529.99999999244 -3390.00000000524 -3680.00000002387 -4000.00000000508 -4230.00000001871 -4350.00000000255 -4369.99999999654 -4379.9999999991 -4229.99999999834 -4250.00000001648 -4639.99999998517 -3320.00000002609 -4260.00000004529 -4880.00000000181 -4810.0000000078 -4759.99999998346 -4459.99999998433 -3519.99999996136 -3259.99999997721 -2979.99999999836 -2919.9999999851 -2320.00000001161 -2410.00000001336 -2810.00000003019 -3410.00000003024 -4499.99999998754 -4550.00000000357 -4449.99999999733 -4589.99999999196 -4420.00000000181 -4290.00000000002 -3839.99999997933 -2739.99999996397 -1649.99999997833 -1100.00000000181 -709.999999999991 -479.999999995453 90.0000000018275
-3699.99999999421 -3750.00000000915 -3830.00000000829 -3960.00000000178 -4020.00000001932 -4110.00000000605 -3830.00000000338 -3849.99999999111 -3459.99999996966 -2949.99999998624 -2149.99999998812 -2320.00000004974 -3190.00000000341 -3380.00000001189 -3530.00000001177 -3930.00000000672 -4150.00000000254 -4309.99999999656 -4380.00000000089 -4360 -4290.00000000435 -4279.99999999307 -4139.99999999911 -4350.00000002255 -4789.9999999817 -3380.00000001054 -4340.00000001486 -4830.00000001749 -4679.99999997553 -3989.99999998346 -2999.9999999693 -2439.99999997718 -2319.99999999562 -2189.99999998591 -1859.99999998055 -2150.00000000706 -2560.00000001684 -3560.00000002398 -3830.00000003294 -4250.00000001159 -4069.99999999553 -4069.99999999014 -3749.99999999817 -3049.99999998647 -2109.99999997389 -1459.99999998101 -979.999999995464 -689.999999998172 -299.999999995441 -69.9999999909136 90.0000000091035
-3689.99999999843 -3610.00000000334 -3650.00000000423 -3489.99999998586 -3730.00000000336 -3490.00000000513 -3509.9999999758 -2550.00000000191 -2390.0000000025 -2179.99999999322 -1930.00000001081 -3020.00000000416 -3350.00000000758 -3630.00000000848 -3780.00000001191 -4030.00000000166 -4180.00000000088 -4200.00000000599 -4229.99999999832 -4249.99999999655 -4240.00000000088 -4190.00000000081 -4039.99999999483 -3699.99999999229 -4300.00000003388 -3649.99999986174 -3070.0000000924 -4460.00000000522 -4589.99999999738 -4109.99999991591 -2809.99999997281 -2659.99999999736 -2439.99999999031 -2259.99999998853 -2070.00000000353 -2500.00000001503 -3060.00000001594 -3500.00000003114 -3939.99999999553 -3589.99999998396 -3099.99999997763 -2689.99999999183 -2209.99999997661 -1679.99999999095 -1179.9999999874 -810.000000005357 -609.999999999923 -239.999999988216 -30.0000000036124 50.0000000090921 120
-3420.00000000753 -3360.00000000087 -3299.99999999853 -2659.99999998189 -2960.00000000198 -2840.00000000435 -3090.00000002835 -3300.00000000828 -3560 -3569.99999999817 -3659.99999999652 -3639.99999999739 -3700.00000000333 -3870.0000000008 -4030.0000000008 -4120 -4160 -4140.00000000087 -4149.99999999743 -4130.00000000946 -4120 -4100.00000000087 -3969.99999998531 -3709.99999999825 -3830.00000000347 -4070.00000004606 -4689.99999998868 -2359.99999993984 -4499.99999998603 -4100.00000001312 -4219.99999998859 -3320.0000000018 -2959.99999997006 -2539.99999999296 -2409.99999999116 -2550.00000000712 -3120.00000001688 -3369.9999999982 -3669.99999999732 -3299.99999998301 -2389.99999995528 -1579.99999999008 -1219.99999998291 -999.999999989166 -819.999999993702 -429.99999998553 -229.999999999883 -70.000000003601 20.0000000063437 150.000000009098 259.99999999913
-3119.99999999335 -2639.99999999612 -1669.99999999274 -1780.00000003603 -2420.00000000584 -3050.00000000078 -3390.00000000336 -3530.00000000337 -3580.00000001178 -3670.00000000338 -3760.00000000086 -3810.00000000846 -4000.00000000422 -4049.99999999151 -4100.00000000086 -4129.99999999744 -4060.0000000077 -4040.00000000685 -4080.00000000772 -3999.9999999957 -4000.00000001463 -3949.99999999741 -3909.99999999912 -3930.00000000346 -3870.00000000175 -3960.00000001653 -4120.00000000695 -4160.00000001736 -4060.00000007254 -4199.99999999216 -3989.99999999478 -4160.00000001402 -4169.99999996841 -3459.99999997204 -3089.99999999219 -2999.99999999828 -3120.0000000107 -3540.00000000536 -3379.99999998926 -2959.99999998213 -2199.99999996248 -1289.99999999558 -1049.99999999016 -869.999999996427 -519.999999982822 -169.999999985513 -100 -9.99999999640465 19.9999999991417 150.000000004465 180.000000012733
-2739.99999997117 -679.999999981742 -550.000000033285 -680.00000003509 -1840.00000003261 -3120.00000001086 -3409.99999999918 -3500.00000000588 -3699.99999999915 -3730.00000000253 -3790.00000000253 -3819.99999999915 -3849.9999999983 -3950.00000000255 -3899.99999999574 -3910.00000000425 -3910.00000000426 -3889.99999999144 -3879.999999994 -3879.99999998882 -3850.00000000344 -3799.99999999566 -3850.0000000078 -3949.99999999655 -4050.00000000868 -4240.00000001216 -4400.00000000085 -4359.99999998525 -3979.99999998692 -4150.00000002884 -4320.00000000614 -4380.00000001422 -4670.00000000605 -4649.99999999116 -3889.99999999843 -3600.00000000281 -3619.99999998504 -3449.99999999477 -3269.99999999731 -2929.99999998397 -2189.99999997229 -1389.99999997054 -1040 -760 -399.999999987403 -180.00000000631 -80.000000005474 0 29.9999999972516 100 140
-1249.99999998014 -529.999999980105 -379.999999993344 -810.000000013327 -1690.00000005593 -2770.00000001505 -3090.00000001172 -3420.00000000671 -3690.00000001598 -3780.00000001264 -3860.00000000167 -3819.99999998815 -3639.99999999833 -3570.00000000172 -3500.00000000512 -3489.99999999314 -3550.00000001189 -3679.99999998969 -3679.99999999483 -3719.99999999916 -3719.99999999833 -3790.0000000026 -3810.00000000261 -3830.00000000867 -4060.00000000607 -4420.000000013 -4109.99999994862 -4360.00000001388 -4269.9999999765 -4499.99999998607 -4310.00000001326 -4490.00000001746 -4620.00000000449 -4760.00000001852 -4829.99999999649 -4299.99999994793 -3939.99999999833 -3759.99999998589 -3449.99999999563 -2959.99999996712 -2399.99999999208 -1719.9999999787 -1059.99999999372 -780.000000000836 -299.999999986568 -180.000000000836 -9.9999999964217 7.16795511834789e-09 50.0000000027541 60.0000000063551 110.000000003601
-1639.99999996028 -839.999999996703 -940.000000002524 -1199.9999999967 -1930.00000002004 -2380.00000000668 -2680.00000000669 -3130.00000001593 -3309.99999999829 -3540.00000000082 -3740.00000000082 -3689.99999998396 -3589.99999998558 -3189.99999998372 -3399.99999999835 -3400.00000001276 -3420.00000000082 -3539.99999999918 -3590.00000001024 -3780 -3890.00000000178 -3800 -3860.00000001127 -3870.00000000097 -4100.00000001214 -4200.00000001464 -4539.99999999473 -4400.00000000528 -4460.00000001917 -4619.9999999947 -4529.99999999652 -4449.99999999816 -4530.00000001582 -4730.00000000515 -4860.00000000701 -4819.99999998761 -4579.99999998885 -4279.99999998591 -3969.9999999886 -3239.99999997174 -2709.99999998396 -2029.99999996975 -1089.99999998935 -830.000000002731 -539.999999985755 -169.999999996433 -119.999999986534 40.0000000008242 69.9999999972403 80 109.999999997229
-1549.99999998349 -1509.9999999975 -1650.00000001089 -1979.99999999837 -2070.00000000673 -2550.00000000252 -2820.00000001597 -3200.00000000588 -3410.00000000843 -3430.00000001434 -3660 -3770.00000000256 -3780.00000000593 -3679.9999999627 -3009.99999998767 -3019.99999998669 -3140.00000001196 -3720.00000002204 -3780.00000001007 -3750.00000000341 -4040.00000000765 -3879.99999999396 -4009.99999999332 -4000.00000001131 -4079.99999999393 -4219.99999998175 -4550.00000001645 -4449.99999999817 -4530.00000000346 -4600.00000000694 -4680 -4600.00000000615 -4499.99999999919 -4520 -4740.000000007 -4919.99999999919 -5009.99999998947 -4969.99999998864 -4699.99999997508 -3959.99999997097 -3360.000000003 -2449.99999995644 -1299.99999998036 -899.999999986613 -629.999999990146 -239.99999999369 -89.9999999925507 30.0000000035726 50.0000000027654 179.999999992832 189.99999999641
-1550.0000000041 -1630.00000001491 -1789.99999999829 -1970.00000001578 -2310.00000000836 -2650.00000000838 -2950.0000000092 -3200.00000001336 -3430.00000000254 -3530.00000000335 -3700.00000000671 -3769.99999999664 -3870.0000000093 -3910.00000000337 -3969.99999999147 -3929.99999998548 -3829.99999998742 -3740.00000002038 -3840.0000000096 -3570.00000002907 -4040.00000000282 -3989.99999997847 -4160 -3240.00000000481 -4230.0000000079 -4530.00000000585 -4280 -4310.00000000345 -4500.0000000008 -4510.00000000346 -4609.99999999733 -4539.99999999545 -4540 -4579.9999999992 -4760.00000001157 -4920.00000002558 -5090.0000000027 -5049.99999999729 -4949.99999998945 -4839.99999998591 -4159.99999995142 -3509.99999998153 -2179.99999996381 -1089.99999998388 -779.999999986602 -429.999999978317 -139.999999993679 -39.9999999920647 50.0000000035726 270.000000003578 280
-1379.99999999921 -1460.00000000079 -1410.00000000331 -1780.0000000175 -2400.00000001753 -2600.00000000585 -2870.00000001427 -3190.0000000143 -3400.00000001178 -3570.00000000925 -3749.99999999744 -3630.00000002034 -3839.99999999407 -3899.99999999721 -3950.00000000854 -3929.99999999583 -3699.99999999684 -3809.99999999931 -3349.99999998144 -3820.00000001646 -3860.00000000079 -4070.00000000471 -4060.0000000234 -3999.99999999605 -4410.0000000322 -4280.00000000134 -4190.00000000423 -4230.00000000955 -4259.99999999467 -4350.00000000346 -4400.00000000693 -4490.00000001498 -4639.99999999921 -4779.99999999921 -4809.99999999572 -4789.99999999572 -4800.00000000621 -4930.0000000113 -5000.00000000781 -4980.00000000079 -4829.99999998944 -4299.99999997099 -3679.99999996388 -1979.99999994654 -1019.99999998661 -549.99999999014 -189.999999990123 -29.9999999901064 19.9999999936563 100.00000001271 210.000000003578
-1409.99999999827 -1430.00000000407 -1439.99999999574 -1730.00000002741 -2149.99999999825 -2590.00000001581 -2830.0000000041 -3000.00000000744 -3040.00000000978 -3459.99999999332 -3289.9999999797 -3230.0000000085 -3749.99999999742 -3950.00000001447 -3970.00000000855 -4009.9999999974 -4040 -3930.00000000782 -3970.00000000784 -4069.99999998981 -4069.99999997774 -3310.00000004819 -4469.99999997611 -4400 -4319.99999998708 -4310.00000000187 -4299.99999998781 -4230.00000000188 -4169.99999999655 -4210.00000000112 -4330.00000000882 -4530.00000000346 -4730.00000000963 -4789.9999999973 -4790.00000000348 -4820.0000000062 -4849.99999999651 -4789.99999999806 -4770.0000000035 -4890.00000001053 -5100.00000000625 -4719.99999998747 -4069.99999998392 -2639.99999992061 -1429.99999998393 -849.999999983058 -399.999999978701 -9.9999999972232 40 129.999999997991 269.999999997206
-1130.00000001061 -1240.00000000811 -1280.00000000659 -1650.00000001573 -2190.0000000216 -2510.0000000107 -2580.00000000817 -2059.99999999489 -2740.00000004558 -3460.0000000059 -3419.99999999485 -3470.00000000411 -3669.99999998631 -3850.00000001371 -3830.00000000106 -3869.9999999922 -4059.99999998881 -3960.00000000599 -3860.00000001277 -4390.00000001235 -3639.99999999846 -3830.00000007871 -4569.99999998373 -4349.99999999659 -4189.99999999051 -4340 -4359.99999999391 -4239.99999999543 -4200 -4200 -4260.00000000077 -4420.00000000615 -4580.0000000077 -4730.0000000027 -4780.00000000077 -4789.99999999652 -4810.00000000272 -4840.00000001244 -4860.00000001323 -4899.99999999299 -4729.99999999726 -4679.99999998747 -4489.99999998393 -3399.99999994035 -2519.9999999977 -1469.99999997694 -969.9999999886 -149.999999981483 20.0000000063437 0 80.0000000063664
-2280.0000000073 -1989.9999999768 -1159.99999998586 -879.999999996436 -1090.00000001519 -1520.00000000605 -1690.00000002034 -1980.00000002502 -2520.00000000967 -2760.00000000302 -3350.00000003502 -3720.00000001109 -3770.00000002039 -4040.00000000595 -4099.99999999329 -3930.00000001001 -4150.00000000784 -4049.99999998685 -4579.99999997377 -2759.99999997223 -3490.0000001088 -4540.00000000227 -4359.99999999546 -4269.99999999204 -4100.00000001973 -4290.00000000417 -4219.99999999542 -4209.99999999733 -4270.0000000088 -4309.9999999958 -4320 -4390.00000000345 -4510.00000000346 -4650.00000000271 -4730.00000000347 -4720 -4739.99999999379 -4760.00000000697 -4750.00000001048 -4720.00000000076 -4809.99999999725 -4709.99999998947 -4579.99999998042 -4479.99999999296 -3629.99999993122 -2739.99999998561 -2059.99999995273 -919.999999939985 -119.9999999929 0 30.0000000099277
-3339.99999998734 -2509.99999998199 -2919.9999999803 -1609.999999907 -660.000000026239 -579.999999989035 -530.000000015783 -1100.00000000886 -1950.00000003716 -3190.000000035 -3920.00000000517 -4079.99999999777 -4149.99999999666 -4210.0000000026 -4359.9999999933 -4319.99999999403 -4309.99999999289 -4220.00000000074 -3589.99999988034 -2740.00000003379 -4219.99999998646 -4140.00000000529 -4300 -4299.99999998937 -4299.99999999467 -4310.00000000801 -4209.99999999733 -4320.00000002516 -4330.00000000268 -4380.00000000538 -4369.9999999973 -4430.00000000885 -4520 -4560 -4680 -4690.00000000347 -4680 -4699.99999999926 -4700.00000000074 -4580.00000000074 -4550.0000000035 -4530.0000000035 -4620.00000000776 -4499.99999999446 -4270.00000000129 -2999.99999993279 -2829.99999997304 -1549.99999996033 -619.999999978735 -59.9999999865452 10.0000000035556
-3120 -3070.00000002068 -3850.00000005136 -4290.00000000402 -4119.99999995978 -3079.99999997144 -2119.99999996114 -1830.00000001288 -2270.00000003349 -2960.00000005014 -3750.00000003288 -4120.00000000666 -4210.00000000187 -4220.00000000521 -4350.00000000261 -4389.99999999738 -4289.99999999066 -4250.00000000263 -4399.99999998653 -4050.00000001247 -4210.00000002072 -4530.00000000339 -4379.99999999395 -4230.00000000193 -4229.99999999126 -4330.00000000876 -4360 -4220.00000000147 -4379.99999999927 -4279.99999999167 -4410.00000000344 -4509.99999999656 -4529.99999999729 -4590.00000000345 -4610.00000000493 -4649.99999999034 -4649.99999999653 -4559.99999999305 -4619.99999999377 -4480 -4369.99999999651 -4470.00000000276 -4450.00000000277 -4409.99999999722 -4419.99999999927 -4359.99999998665 -4159.99999998104 -3169.99999994821 -1559.99999996608 -459.999999978002 -39.9999999992667
-3129.99999998444 -3019.99999999275 -2970.00000000327 -2349.99999994135 -3160.00000001667 -3859.99999997281 -2730.00000003118 -1950.00000003104 -2969.99999999369 -3330.0000000528 -3640.00000001038 -3880.00000000737 -4160.00000001187 -4330.00000000406 -4390.00000000334 -4249.99999998924 -4399.99999999474 -4380.00000000599 -4459.99999996543 -4090.00000001828 -3980.00000001061 -4350.00000003068 -4359.99999999323 -4329.99999999733 -4199.99999999856 -4420.00000000608 -4520 -4490.00000000269 -4490.0000000027 -4480 -4339.99999998628 -4400.00000000615 -4480 -4520 -4529.99999999655 -4600.00000000692 -4570.00000000274 -4589.99999999103 -4499.99999999305 -4500 -4509.99999999579 -4460.00000000072 -4480 -4439.99999999928 -4440 -4369.99999999576 -4279.9999999944 -4079.99999998661 -2279.99999988783 -859.999999953349 -99.9999999865451
-3269.99999999746 -3239.99999999858 -3140.00000000213 -3000.00000000583 -3030.00000001567 -2229.9999999669 -2129.99999995636 -2879.99999998715 -3049.99999998563 -3260.00000002289 -3859.99999999858 -3759.99999999028 -3980.00000000665 -4210.00000000262 -4269.99999998475 -4360.00000001265 -4349.99999999281 -4760.00000000528 -3959.99999996398 -3879.99999999858 -4290.00000001542 -4280.00000000142 -4380.00000002703 -4500.00000001709 -4340.00000000465 -4580.00000000537 -4669.99999999731 -4690.0000000027 -4659.99999999317 -4680 -4039.99999996459 -4440.00000000544 -4480 -4549.9999999911 -4469.99999999726 -4490.00000000345 -4500.00000000692 -4480 -4480 -4480.00000000695 -4480 -4549.99999999651 -4480 -4460.00000000558 -4439.99999999299 -4349.99999999649 -4230.00000000352 -4089.99999999719 -3199.99999996052 -1669.9999999174 -259.999999968878
-3040.0000000014 -3160 -3089.99999999674 -3189.99999999673 -3200 -3279.9999999972 -2409.99999993693 -2469.99999997727 -2560.0000000028 -2950.0000000377 -3760.00000001843 -4040.0000000021 -4100.00000000314 -3990.00000000262 -4189.99999998755 -3929.99999998543 -4470.00000003782 -4319.99999999471 -4380.0000000007 -4350.00000000937 -4379.9999999993 -4639.9999999979 -4549.99999999313 -4780.0000000007 -4800.00000000537 -4859.9999999979 -4619.99999999391 -4760.0000000007 -4879.99999998777 -4760.00000001156 -4620.0000000007 -4649.99999999042 -4510.00000000203 -4399.9999999986 -4380.00000000618 -4440 -4449.99999999795 -4480 -4460.0000000007 -4440.00000000624 -4449.99999999722 -4490.00000000348 -4470.00000000279 -4420 -4430.0000000035 -4290.0000000028 -4079.99999999438 -3899.9999999831 -3199.99999998307 -1619.9999999273 -399.999999980901
