Prepped_data/Covariate_Data/All_data/0.5deg/Palaeo/teyeo_DEM_0.5.asc
NCOLS 720 
NROWS 360 
XLLCORNER -180 
YLLCORNER -90 
CELLSIZE 0.5 
NODATA_value -9999 
[rows 23 to 45 of 360, columns 208 to 259 of 720]
159.999999988523 149.999999991627 209.999999993065 179.999999988523 129.999999996879 129.999999996874 120.000000006264 120.00000000245 119.99999999481 179.999999996174 129.999999991678 229.999999999335 230.000000003166 179.999999993656 159.999999996174 189.99999999045 149.999999996811 170.00000000702 190.000000009601 129.99999999938 180.000000006423 149.999999999392 149.999999999397 149.999999998209 160 200 189.99999999942 200.000000003826 180 229.999999994037 180.000000002711 210.0000000071 210.000000002188 189.999999995634 190.000000009874 249.999999995646 259.999999995128 319.999999993383 279.999999996174 249.99999999668 269.9999999995 319.999999997163 310.000000003337 270.000000002376 319.999999997129 350.000000003354 330.000000004292 320.000000007651 320 320.000000002927 259.999999996174 290.000000003388
360 349.999999996902 329.999999998317 299.999999996186 319.999999996186 300.000000010056 159.99999999481 99.9999999961858 109.999999996862 80.0000000024727 150.000000004479 130.000000001836 120.000000008828 190.00000000187 130.000000005701 120.000000003814 120.000000003814 149.999999996811 170.00000000577 170.0000000032 140 110.000000000603 130.000000000597 159.999999997368 180.000000001171 279.999999997345 320.000000002666 190.000000005923 220.000000010317 109.999999987529 220.000000004917 180.000000002723 170.00000000054 200.000000002746 169.999999996714 160 200.000000006594 210.000000002279 269.999999999494 310.000000003314 310.000000000494 400.000000002836 389.999999996669 359.999999996186 360 369.999999996652 340 329.999999999545 330.000000003365 340.000000003814 350.000000003376 320
329.999999996913 329.999999996908 339.999999996197 339.999999997203 399.999999998613 459.999999996197 469.999999993076 419.999999992394 439.99999998613 289.999999991729 239.999999993713 149.999999999346 119.999999994901 139.999999991161 129.999999984169 189.999999994287 190.00000000698 200.000000003803 199.999999997425 149.999999996805 229.999999998005 179.999999995003 179.999999993577 190.000000000585 120.000000006446 170.000000005525 209.99999998916 139.999999996197 139.999999979411 130.000000003251 240.000000006514 280.000000006526 290.000000010874 330.000000000529 329.999999999477 299.999999996197 309.999999998465 329.999999999494 310.000000001501 330.000000002319 380.000000003803 370.00000000332 370.000000000477 360 400 380.000000000921 300 270.000000000449 230.000000007162 269.999999999562 209.999999996629 249.999999995771
400 420.000000003791 449.999999999301 519.999999998613 560 570.000000006901 550.000000006906 540.000000001341 489.999999989291 549.999999987966 479.999999995032 329.99999999057 110.000000001864 160.000000002518 160 190.000000003166 180.000000010135 99.9999999936449 50.0000000145576 60.0000000368857 -19.9999999988063 100.000000002609 119.999999996209 170.000000003212 190.000000002069 169.999999996777 130.000000000563 130.000000000557 160.000000002689 199.9999999946 170.000000008123 159.999999996209 219.999999998943 250.000000003268 200 229.999999995697 280.000000003791 340.000000003791 310.000000003297 299.999999996208 309.999999996692 330.000000003314 329.999999995737 320 309.99999999954 269.999999996663 320 329.999999995765 340 320 329.999999996635 360
380.00000000378 400 450.000000000693 469.999999999312 520 530.000000006884 569.999999999329 560.00000000133 520 489.999999999346 519.999999993736 470.000000006918 409.999999999403 240.000000005042 140 149.99999999938 49.9999999892736 -20.0000000025636 -7.56017470848747e-09 39.9999999950262 59.9999999988176 159.999999998829 190.000000002041 200.000000016604 200.000000017764 320.00000000378 240.000000006446 289.999999992991 279.999999993531 309.99999999946 360 259.999999990774 239.999999993486 269.999999999483 269.999999999488 290.000000004286 280 309.999999996714 250.000000003291 259.99999999622 270.000000000477 289.999999999528 300.00000000378 300 320 300 259.999999997107 230.000000007122 240.00000000756 210.000000003354 220 230.000000003365
380 420.000000004763 440.000000003769 440.000000006173 410.000000006861 380.000000008879 430.00000001441 340.000000003769 260.000000008845 260.000000008833 210.000000004411 190.000000005627 170.000000003138 229.999999996857 209.99999999938 169.999999995617 149.999999996839 89.9999999993974 59.9999999962313 100.000000002586 89.9999999968167 160.00000000116 129.999999999426 129.9999999968 120.000000002251 89.9999999967883 29.9999999839133 10.0000000005457 120.000000003769 160.0000000027 310.000000007009 320 390.000000009754 410.000000010795 330.000000000506 339.999999996231 279.999999993452 249.999999993929 240.000000003769 250.000000006105 269.999999999528 260 250.000000007077 250.000000003314 250.000000000449 240 240 240.000000003769 220 219.999999993304 229.999999993707 219.99999999705
189.999999996936 220.000000006139 250.000000003075 269.999999999324 270.000000003087 300.000000003757 359.999999998681 350.000000003104 340.000000003757 360 310.00000000191 289.999999988097 129.999999993111 0 149.99999997554 209.999999995634 239.999999989933 209.99999999684 80 20.000000001171 40.0000000014381 89.9999999956685 150.000000002052 220.000000013904 249.9999999968 219.999999997345 169.999999989274 109.999999989268 60.0000000026887 99.9999999972999 130.000000002188 190.00000000324 260.000000006491 290.000000003251 280 280 280 260.000000002791 269.999999999522 250.000000004229 240.000000003757 260.000000003757 260 240 310.000000011715 240 260.000000003757 240 249.999999996663 209.999999999585 200 210.000000003354
99.9999999986244 139.999999996254 160 169.999999999329 159.999999996254 179.999999997573 199.999999994947 279.999999987466 379.999999976347 300.000000002473 329.999999999369 230.000000000625 319.999999997522 370.00000000436 260.000000003746 230.000000003143 259.999999997448 430.000000001972 299.999999977291 139.999999987602 79.999999996254 120.000000001472 149.999999995691 159.999999972664 19.999999988762 10.0000000032003 130.000000003206 210.000000017127 309.999999999471 370.000000013415 320 299.999999993531 289.999999985522 279.999999993508 250.00000000424 260.000000003746 269.999999999517 290.000000003268 259.999999996254 220.000000003746 200.000000003746 210.000000000455 209.999999996703 230.000000000443 220 209.999999996686 230.00000000332 250.000000000421 230.000000009993 230.000000000409 200.000000000807 180
80.0000000037346 150.000000000676 160.000000001341 130.000000010539 120.000000001319 190.000000003081 180.000000006173 220.000000008634 320 300.000000003735 220.000000006219 400 369.999999996879 319.999999990098 359.999999988796 369.999999995669 429.999999995674 349.999999999414 279.99999999884 339.999999996265 459.999999998863 440 430.000000003178 400.000000007469 360.000000002643 409.999999994645 339.999999997334 289.999999992002 259.999999991485 189.999999994083 260.000000003735 269.999999999494 270.000000003234 259.999999996265 249.999999995776 229.999999996748 230.000000003257 260 300 309.99999999954 259.999999996265 229.999999997613 200.000000004621 190.000000000438 220 189.999999996692 180.000000006628 210.000000000415 160.000000003735 180.000000002927 120.000000000796 140.000000003735
89.9999999993235 99.9999999962767 149.999999999335 149.999999994532 179.999999996277 180 219.999999998715 259.999999996277 309.999999996908 309.999999998124 309.999999990689 359.999999997505 229.999999996885 209.999999996879 430.000000008043 380.000000003723 369.999999996862 370.00000000058 310.000000003149 280 340 300.000000006332 400.000000001518 349.999999995731 380 439.999999998931 430.000000003195 380.000000003723 410.000000006929 430.000000000512 349.999999986625 239.999999992553 270.000000003229 260.000000003723 260.00000000469 260.000000003723 270.000000000472 249.999999996743 220 209.999999999545 179.999999992553 169.99999999672 140.000000002848 100.000000003723 130.000000003297 110.000000000421 59.9999999962767 79.9999999991814 99.9999999962767 119.999999999204 119.999999997061 129.999999999613
169.999999999329 169.999999996953 189.999999999341 180.000000002404 210.00000000548 269.999999994503 299.999999996288 329.999999993207 380.000000008635 350.000000001859 320 270.000000003104 190.000000000603 209.999999996885 270.000000006833 350.000000014262 389.999999994316 350.000000004286 430.000000000568 390.000000000563 390.000000000557 370.000000000551 340.000000003712 300.000000011136 340.000000003712 399.999999998943 430.000000003189 359.999999998965 410.000000005889 440.000000003712 410.000000004212 400 380 209.999999996771 220.000000008379 170.000000000472 209.999999997686 240 210.000000003257 139.999999996288 119.999999996288 100.000000001751 90.0000000069917 0 9.99999999957936 110.000000000415 160 179.999999996288 200 200 189.999999999613 179.999999996288
170.000000003035 180 180 200 190.000000003058 240.0000000037 280 289.999999999375 380 390.000000000614 429.999999999392 309.999999993201 299.999999987705 339.999999998818 449.999999995714 379.9999999963 289.999999995725 340.0000000037 360.000000009976 380.0000000037 350.000000000551 410.000000000546 369.99999999946 329.999999993133 289.999999996828 249.999999994168 230.000000003183 280.0000000037 360 380.0000000037 370.000000001484 190.000000004189 169.999999999517 160 179.9999999963 200 129.999999997681 159.999999997209 160 110.000000003257 100.0000000037 90.0000000024044 59.9999999991473 99.9999999962995 139.999999996299 229.999999997527 160 170.000000003303 180 179.9999999963 169.999999999619 150.000000003325
179.999999996311 180 170.000000003041 160.000000006094 189.999999996948 189.999999999369 229.999999998187 309.99999999817 380 380 299.999999997516 260 410.000000003098 330.000000000585 320 340 379.999999997448 390.000000000563 349.999999996868 329.999999999449 400.000000001091 409.999999995771 419.999999996311 399.999999994736 229.999999993145 219.999999996311 209.999999995799 279.999999997323 289.9999999995 339.9999999973 340.000000002711 199.999999987176 149.999999999522 220.000000002746 209.999999996777 219.999999997232 200 189.999999999551 160 159.999999989808 159.999999999136 179.999999996311 220.000000000841 200 170.000000000409 170.000000000404 169.999999996709 170.000000003297 180 170.000000003308 160 160
199.999999993952 189.99999999697 190.000000000642 210.000000000637 219.999999997584 210.000000003052 230.000000003058 279.999999998772 349.99999999693 360.00000000615 349.999999996919 379.999999996322 320 310.000000003098 349.999999998045 350.000000000568 379.999999997448 360 339.999999996322 339.999999996322 400 440 419.99999999738 330.000000000523 269.999999995805 259.999999992644 299.999999988967 309.999999996822 349.999999999505 320 330.000000006872 259.999999996322 289.999999999528 249.999999989433 279.999999996322 240 210.000000003229 200 229.999999999562 240 269.999999995896 240 229.999999999585 260.000000003678 220.000000003678 219.999999996322 180 170.000000000387 160 160 160 149.999999999636
190.000000000648 150.000000009072 149.999999999363 139.999999998738 180.000000002416 180 209.99999999572 300.000000003666 310.000000003064 300.000000003666 330.000000005559 380 350.00000000058 319.999999996334 340.000000001137 370.000000009311 330.000000000557 340.000000003666 360 330.00000000054 340 340.000000006275 360 360 290.000000007844 290.000000006827 260 240.000000003666 269.999999996822 229.999999994884 280 289.999999999528 280.000000000932 260 269.999999996788 269.999999999551 259.99999999722 269.999999996771 249.999999996766 250.00000000324 270.000000003246 240.00000000083 220.000000002848 219.999999997141 200 200 200 200 170.000000003291 160 149.999999996697 130.000000003308
180 180.000000002382 220.000000002393 240 219.999999998761 210.000000000614 179.999999995128 300.000000003655 369.999999996942 300.000000002473 330.000000000585 349.999999998261 359.999999994986 329.999999996913 269.999999999437 280.00000000731 300.000000003655 290.000000000546 290.000000003115 269.999999996879 290.000000003126 320.000000006264 300.000000010965 270.000000004167 240 280 269.999999996839 270.000000003166 280 280 280 290.000000003189 299.999999997266 289.9999999968 300 280 280 270.000000003223 250.000000003229 240 240 240 240 240 240 269.999999999613 229.999999996726 180 169.999999996714 150.000000003291 129.999999999642 129.999999999648
190.000000000637 209.999999994606 219.999999997607 240 220 220 229.999999999397 230.000000000597 359.999999997635 359.999999993884 359.999999997516 349.99999999693 329.999999999432 330.000000003081 309.999999996913 330.000000003092 289.999999996902 229.99999999946 260.000000002575 260.000000003644 300.000000002598 320 329.999999996868 280 310.000000003143 270.000000006793 260.000000003644 280 270.000000000477 240 229.999999999534 250.000000006827 270.000000002279 240.000000006389 240.000000007287 229.99999999315 200 240 220.000000002802 230.000000003229 240 240 240 270.000000000392 280 240 229.999999996731 200 160 169.999999999642 129.999999999648 99.9999999963563
140.00000000237 180.000000007265 200 210.000000000614 189.999999999392 200 209.999999999403 250.000000004223 280 290.000000006685 240.000000013193 240.000000001137 330.000000004195 250.000000003075 320.000000009794 280.000000003632 250.00000000054 249.999999999466 270.000000000529 260.000000002586 280 309.999999999488 310.000000003126 280.000000002632 289.999999996862 280 279.999999993702 320 300 270.000000000466 269.99999999954 340 280 200 220.000000003632 249.999999999568 220 200 229.999999996783 210.000000000409 189.999999999596 229.999999999602 240 210.000000003246 189.999999999619 200 190.000000003263 160 150.000000000358 130.000000003985 90.0000000003467 40
150.000000000625 160 169.999999999386 189.999999996987 240 220.000000003621 159.999999995123 169.999999999415 200 159.999999992758 99.9999999988631 99.9999999938836 159.999999996379 79.9999999927581 100.000000009771 229.999999996919 240 279.999999997436 249.999999996902 269.999999996896 280 280 269.999999996879 280 299.999999997357 310.000000003138 330.000000003143 290.00000000677 289.999999997777 180.000000003621 159.999999996379 160 160.000000006355 160 180.000000003621 170.000000000426 200 190.000000000415 200 200 219.999999996379 200 250.000000006855 180 160 169.999999996749 160 149.999999996737 100 130.000000000347 89.999999996038 89.9999999996646
179.99999999639 209.999999998232 230.000000006611 219.999999997595 240 230.000000003018 240 229.999999995811 239.999999998852 229.999999996959 219.99999999639 229.999999996947 240 259.99999999639 280.000000002529 300 320 309.999999996913 300.00000000361 279.999999997414 259.999999997402 250.0000000005 270.000000003115 289.999999996879 250.000000003126 200 259.999999995447 249.999999989637 300 329.999999996845 279.99999999639 169.999999995947 169.999999996828 229.999999996822 259.99999999639 199.999999993622 169.999999999585 160 129.999999999596 90.0000000003979 140.000000002825 160 179.99999999639 179.99999999639 170.000000000369 150.000000000364 150.000000003251 160 160 160 170.000000000335 189.99999999967
210.000000002984 200 219.999999996402 219.999999997595 229.999999996993 240 270.00000000058 269.999999999426 280 279.999999998874 309.999999996959 389.999999998346 569.999999983646 479.999999986687 529.999999996936 479.999999992804 449.999999993327 379.999999997436 330.000000000512 280 290.000000003098 310.000000003104 269.999999996891 259.999999996402 269.999999999522 280 319.999999996402 310.00000000046 309.999999996857 310.000000000449 270.000000003155 259.999999999125 290.000000000432 269.99999999323 240 200 180.000000003598 160 160 150.000000003206 149.999999999613 89.9999999996191 160 139.999999992804 109.999999996038 90.0000000003581 140 160 180.000000003598 160 190.00000000033 210.000000003274
220 200 240 260 249.999999999414 240 209.999999996987 260.00000000245 299.999999996413 339.999999997527 559.999999996413 710.000000003354 870.000000006287 699.999999996794 739.999999988825 860.000000017485 659.999999982617 429.999999999488 400 329.9999999995 259.999999993815 289.999999996902 289.99999999593 259.999999996413 310.000000012932 300.000000003587 300.000000003587 349.999999993281 309.999999996862 280 240 240 259.999999999147 289.999999993247 320 299.999999996413 250.000000000404 199.999999992826 170.000000000392 169.9999999968 160 149.999999999625 180 119.999999997141 80.0000000035868 69.9999999996476 90.00000000324 160 160 130.000000003257 160 210.000000009805
209.999999997027 230.000000000597 209.999999999409 240 240 249.999999999426 219.999999996425 290.000000003013 349.999999999443 509.999999999449 720.000000004968 899.999999967821 769.999999998397 779.999999997482 670.000000001569 730.000000024983 729.999999997959 369.999999993355 300 289.999999996919 289.999999996913 309.999999999517 350.000000005718 369.999999995953 320 280 300 300.000000002677 289.999999996868 280 289.999999999568 299.999999996424 320 320 320 290.000000003172 320 250.000000001177 190.000000003189 190.000000003195 160 120 120 99.9999999964245 119.999999993554 50.0000000003467 40 40 40 60.0000000035754 60.0000000029388 129.999999999687
