Prepped_data/Covariate_Data/All_data/0.5deg/Palaeo/teyeq_DEM_0.5.asc
NCOLS 720 
NROWS 360 
XLLCORNER -180 
YLLCORNER -90 
CELLSIZE 0.5 
NODATA_value -9999 
[rows 144 to 167 of 360, columns 371 to 423 of 720]
-360 -360 -360 -380.000000001808 -360 -360 -360 -379.999999993247 -379.999999998136 -360 -360 9.99999999660076 -510.000000000955 -790.000000018974 -1130.0000000283 -1599.99999999949 -1890.00000000684 -2400.00000000932 -2700.00000001818 -3060.00000001332 -3760.00000000735 -3799.9999999692 -2899.99999997476 -2510.00000000347 -2379.99999999755 -2389.99999999652 -2269.99999999744 -3440.00000018223 -5000 -5000 -5000 -5000 -5000 -5000 -5000 -5000 -5000 -5000 -5000 -5000 -3119.99999993618 -2579.99999998797 -2719.99999999244 -2929.99999997517 -2889.99999999868 -2910.00000000604 -2710.00000000114 -2650.0000000013 -2730.0000000036 -1879.99999999742 -1379.9999999859 -799.9999999951 -700.000000007253
-380.000000001785 -360 -360 -360 -360 -379.999999993281 -360 -360 -380.000000001876 -360 -379.999999998101 -380.000000006787 -389.999999991724 -600.000000011181 -1050.00000003264 -1540.00000001123 -1980 -2140.00000000244 -2230.0000000094 -2230.00000000431 -2810.00000001161 -2159.9999999464 -3239.99999996504 -2699.99999998371 -2249.99999999447 -1869.99999998995 -1479.99999998781 -1660.00000000906 -1779.99999998637 -1939.99999998569 -3710.00000016414 -4050.00000011354 -5000 -5000 -3990.00000013928 -3740.00000015363 -3760.00000015582 -3289.9999999181 -2740.00000000488 -2559.9999999734 -2510.00000001045 -2870.00000001535 -2859.99999999287 -2820.00000000018 -2789.99999999609 -2869.99999999611 -2779.99999999527 -2790.00000000128 -2199.99999997925 -1719.99999998824 -1099.99999999522 -799.999999980832 -619.999999997635
-360 -379.999999993338 -360 -360 -320 -360 -360 -379.999999998124 -380.000000001887 -360 -380.00000000191 -379.999999998079 -379.999999993213 -360 -610.000000021407 -1050.00000002387 -1570.0000000151 -1850.00000000784 -2000.00000000686 -1900.00000000243 -1249.99999999575 -970.000000020827 -2250.00000006337 -1519.99999998333 -1530.00000002781 -1440.00000008807 -1800.00000005097 -2039.99999999482 -1860.00000000454 -2069.99999999621 -2220.00000000214 -2379.99999996443 -2649.99999999839 -2620.00000000294 -2599.99999999272 -2560.00000000219 -2950.00000004104 -2909.99999997747 -3009.99999999868 -2779.99999999554 -2709.99999999421 -2620.00000000728 -2549.99999998463 -2529.99999998885 -2680.00000000942 -2300.00000001981 -2290.00000000855 -1909.9999999962 -1719.99999998582 -970.000000003939 -1120 -920 -520
-80.0000000168938 -360 -380.000000006662 -360 -379.999999993315 -379.999999998136 -379.999999993292 -379.999999998113 -379.999999998101 -380.00000000191 -360 -379.999999998067 -360 -380.000000006787 -440 -570.000000021856 -1140.00000000725 -1560.00000000925 -1620.00000000483 -1370.00000000663 -820.000000000762 -360 -360 -360 -360 -380.000000006923 -159.999999977092 -840.000000036243 -2390.00000005373 -2259.99999999061 -2230.00000000349 -2369.99999998951 -2489.99999999867 -2580.00000000023 -2749.99999999627 -2970.00000001035 -3080.00000000242 -3069.99999999164 -2930.00000000818 -2829.99999999888 -2580 -2380.00000000242 -2410.00000001094 -1749.99999995733 -1610.00000003112 -2230.00000000126 -2079.99999999768 -1929.99999998934 -1049.99999996077 -819.999999992815 -1080.0000000384 -1039.99999999042 -419.999999997613
160 -210.000000004576 -380.000000001842 -360 -380.000000006673 -379.999999998124 -380.000000006696 -380.000000006707 -379.99999999809 -360 -380.000000006742 -380.000000001944 -360 -360 -360 -419.99999999801 -380.00000000681 -860.000000061783 -1189.99999999937 -949.999999985664 -360 -360 -360 -360 -220.000000031474 -360 -380.000000006923 -360 -420.000000007213 -1270.00000005587 -2340.00000005119 -2739.99999998604 -2930.00000001049 -2930.00000000308 -3129.99999999629 -3109.99999999908 -3020.0000000024 -2780.0000000024 -2630.00000000369 -2360.00000000481 -2360.00000000707 -2069.99999999886 -1690.00000001064 -1630.00000002968 -1600.00000001433 -1850.00000001069 -1850.00000000124 -1340.00000000259 -979.999999973806 -980.000000007253 -1089.99999999644 -619.999999997613 -399.999999995202
229.999999996692 99.9999999825093 -260.000000011965 -360 -360 -379.999999998113 -360 -360 -360 -360 -360 -400.000000008697 -360 -360 -400.000000008765 -360 -360 -400.000000008833 -360 -759.999999997954 -360 -360 -379.999999993133 -380.000000002092 -360 -360 -360 -339.999999997863 -360 -360 -710.000000050011 -2570.00000008732 -3170.00000001546 -3219.99999999761 -3209.99999999189 -3039.99999999538 -2749.99999999425 -2350.00000000141 -2090.00000000127 -1620.00000000265 -1670.00000003416 -1480.00000000957 -1370.00000000373 -1249.99999999885 -1330.00000001066 -1550.00000000356 -1469.99999999888 -1219.99999998345 -1149.99999999406 -1040.00000001668 -779.999999988052 -480 -400.000000004786
299.999999997618 209.999999996692 209.999999994304 9.99999999004103 -200.000000013796 -290.000000001916 -360 -360 -360 -360 -380.000000001955 -340.000000001967 -400.000000004763 -399.999999995237 -360 -380.000000006776 -360 -399.999999991167 -380.000000002046 -379.999999993179 -360 -360 -399.999999991053 -360 -379.999999997885 -360 -360 -360 -360 -360 -360 -360 -390.000000010453 -2290.00000004127 -2520.00000003035 -2579.99999999566 -2360.00000001879 -1839.99999999547 -1279.99999999569 -450.00000000839 -470.000000010766 -390.000000005912 -750.000000055417 -780.000000007083 -940.000000011858 -1190.00000001066 -999.999999985852 -1220.00000002373 -1099.99999999524 -900.000000007151 -599.999999990439 -419.999999992826 -379.999999992815
360.000000004223 379.999999995765 339.999999993383 299.99999999763 279.99999999763 159.999999990518 190.000000002433 99.9999999894612 -360 -379.999999993304 -360 -379.999999998022 -360 -360 -340.000000006753 -360 -360 -380.000000002046 -360 -379.999999997931 -360 -380.000000002092 -400.000000004741 -360 -360 -360 -339.99999999311 -380.00000000216 -360 -360 -179.999999978667 -360 -360 -360 -360 -870.000000031821 -1350.00000004778 -799.999999990905 -360 -360 -360 -360 -360 -360 -360.000000028331 -660.000000018929 -1120 -980.000000016593 -879.999999990484 -819.999999988063 -459.999999992849 -360 -379.999999992826
389.999999984038 369.999999999062 410.000000003303 430.000000000949 489.999999996686 499.999999997641 480 379.999999989035 -150.000000003337 -379.999999993315 -360 -380.00000000199 -380.000000006719 -360 -360 -310.000000016882 -360 -379.999999997942 -379.999999993213 -360 -380.000000002092 -360 -380.000000002115 -380.000000002126 -360 -360 -360 -379.999999997829 -360 -360 -360 -380.000000006935 -360 -360 -360 -279.99999999095 -360 -360 -360 -360 -360 -360 -360 -360 -260.000000035357 -360 -719.999999990496 -779.999999992781 -680 -699.999999992872 -360 -340.000000007151 -360
510.000000007509 460.000000001887 449.999999996703 450.000000000955 510.000000003308 460 450.000000000972 460.000000004303 309.999999980997 -120.000000009021 -360 -380.000000006696 -399.999999995305 -360 -379.999999997965 -380.000000006742 -360 -360 -360 -340.000000002092 -339.999999993201 -300.00000000681 -340.000000011516 -360 -360 -360 -360 -379.999999997817 -380.000000006889 -360 -379.999999997783 -360 -360 -360 -380.000000002262 -360 -360 -99.9999999696854 -360 -360 -360 -360 -360 -680 -680 -700.000000002376 -779.999999997613 -519.999999990507 -600.000000009516 -480 -360 -360 -360
839.99999996765 739.999999967582 540.000000004246 499.999999997664 480 519.999999998056 490.000000003314 500.000000004303 509.999999996675 429.999999991996 -90.0000000210207 -380.000000002012 -340.000000002024 -340.000000006707 -360 -360 -360 -380.000000006753 -290.000000001535 -100.000000002336 39.9999999951058 169.999999991928 139.99999999319 80 -20.0000000161776 -290.000000019281 -360 -360 -360 -360 -340.000000002228 -360 -360 -360 -360 -379.999999993042 -380.000000002296 -360 -380.000000002314 -360 -360 -360 -620.000000007026 -700.000000007037 -680 -619.99999999294 -660.000000002399 -740.00000000241 -599.999999995157 -440 -380.000000002444 -360 -379.999999997533
1160.00000001689 1100.00000000274 929.99999998974 760.000000001148 520.000000002325 540.00000000428 560 449.999999996686 560 560 339.999999978002 -290.000000018707 -379.999999997965 -379.999999997954 -360 -360 -380.00000000673 -109.99999999477 379.999999993025 539.999999997675 539.999999997675 459.999999997863 229.999999996601 120 99.9999999976751 60.0000000023249 -120.000000006844 -320.00000000465 -360 -340.000000006878 -360 -379.999999993099 -380.000000006912 -379.999999997726 -380.000000002285 -379.999999993054 -379.999999993042 -360 -360 -380.00000000698 -380.000000006992 -419.999999997647 -460.000000007014 -540.000000007026 -600 -660.000000016496 -699.99999999759 -459.999999997578 -420.000000002433 -379.999999997556 -360 -379.999999992883 -360
1310.00000002288 1359.99999998573 1049.99999999364 889.999999989774 769.999999998664 579.999999996066 550.000000000989 550.000000003308 529.999999994372 560 539.999999993349 -70.0000000207251 -360 -360 -399.999999995373 -360 -309.99999999477 480.000000001893 620 530.00000000125 329.999999992167 180 200 140.000000002171 69.9999999987779 80 80 -50.000000008049 -130.000000003428 -190.0000000103 -339.999999997749 -360 -380.000000006901 -380.000000002285 -360 -380.000000002308 -360 -360 -379.999999993037 -360 -360 -360 -419.999999997624 -399.999999990598 -439.999999995202 -419.99999999759 -380.000000007049 -380.00000000706 -380.000000002444 -400 -339.999999997533 -360.000000004627 -379.99999999751
1250.00000003321 1460.00000000148 1520 1399.99999998193 969.999999994412 570.000000002967 609.99999998812 620.000000012909 820.000000002302 549.999999996686 560 359.999999975699 -360 -420.000000002069 -499.99999998455 -360 -89.9999999683098 540.000000006719 589.999999996811 529.999999998931 289.999999994475 210.00000000108 149.999999998914 160.00000000897 119.999999988705 99.9999999954923 60.0000000023021 40 20.0000000067814 -20.0000000068553 -120.000000002302 -339.999999993122 -339.99999999311 -360 -360 -360 -360 -360 -379.999999997652 -400.000000009311 -379.999999993031 -360 -360 -380.000000007003 -380.000000007014 -379.999999992974 -350.000000003519 -340.000000002302 -149.999999998772 -70.0000000035356 -139.999999997522 -190.000000010641 -280.000000009408
1119.99999998311 1059.99999999806 1019.99999999804 1140.00000001506 1269.99999998162 989.999999999005 679.999999989126 770.000000025091 760 639.999999997965 560 469.999999985926 -320.000000004582 -500.000000015405 -519.99999998247 -419.999999997897 20.0000000396483 450.00000000777 499.999999995572 349.999999998926 220.00000000216 160.000000004582 140.000000002183 140.000000002194 100.000000004496 90.0000000011084 60 29.9999999988802 60 19.9999999977092 -40.000000009129 -210.000000017167 -360 -360 -360 -380.000000002331 -360 -380.000000006935 -400.000000004582 -440 -360 -380.000000002387 -360 -360 -379.999999992997 -360 -289.999999998778 -129.999999998772 -49.9999999987665 30.0000000012392 40 80 49.9999999987438
1159.99999999611 1069.9999999798 879.999999989541 900.000000006537 1489.99999997708 850.000000028962 690.000000007577 899.999999986579 759.999999995441 659.999999995674 560 409.999999970595 -210.000000016598 -500.000000010834 -599.999999995794 -360 210.00000003418 410.000000005485 429.999999994498 340.000000002279 299.99999999099 219.999999995538 180.000000006753 120 120 99.9999999977206 70.0000000011198 79.9999999977206 80 120 69.9999999988574 -210.000000017138 -339.999999993133 -360 -380.000000006889 -400.000000009243 -400 -380.000000002365 -380.000000006929 -360 -379.999999997613 -379.999999997601 -360 -360 -380.000000002433 -309.999999998778 -169.999999998772 -60 0 40 49.9999999987494 80 90.0000000012619
1159.99999999155 950.00000000295 819.999999996044 740.000000006526 890.000000008072 929.999999996726 749.99999999016 999.999999991394 759.999999997954 699.999999993406 560 479.999999984686 -210.00000000523 -540.000000002103 -599.999999995771 -419.999999993338 270.000000025233 440 319.999999991144 260.000000006707 240 249.999999998829 220 190.000000003376 220.000000004496 120 120 140.000000002262 159.999999995464 200.00000000457 120 -70.0000000148418 -160 -320 -360 -360 -420.000000006901 -420.000000002376 -379.999999993082 -400.000000009311 -400.000000009334 -460.00000000241 -379.999999997578 -360 -360 -300.000000002456 -160 -99.9999999977319 -80.0000000047578 -9.99999999648139 60 90.0000000012619 110.000000001268
1140.00000000648 980.00000000677 670.000000003251 769.999999992485 580.000000006526 969.999999994242 950.000000001017 760.000000032799 779.999999995686 650.000000003291 560 469.999999988 -140.000000006617 -560.000000008743 -559.999999991235 -419.999999993349 110.000000047601 459.999999995583 299.999999997829 280.000000006696 240.000000017866 339.999999997743 279.999999997743 230.000000001114 220.000000002257 189.999999998875 180.000000002262 209.999999996606 260.000000002285 359.999999990894 209.999999996589 129.999999996521 -110.000000003422 -160 -339.999999997647 -380.000000002365 -400.000000009265 -440 -399.9999999907 -379.999999993088 -419.999999993076 -440 -379.999999993054 -360 -239.999999983407 -149.99999999651 -100 -20.0000000022567 0 80.0000000002558 199.999999995219 140.000000004792 139.999999997743
1040 959.999999983061 620.000000006736 669.999999998994 610.000000011795 740.000000019577 879.999999997954 779.999999997755 739.999999997931 629.999999998795 560 490.000000001194 -140.00000000436 -620.000000015359 -559.999999991235 -399.999999991212 -239.999999980133 450.000000003331 369.999999992235 209.999999996658 180 379.999999997755 369.999999998886 330.00000000112 289.99999999888 200 179.999999993236 220.00000000453 330.000000007935 350.000000001154 280 209.999999996589 -30.0000000034163 -150.000000003422 -360 -360 -440 -440 -420.000000002404 -419.99999999759 -440 -419.999999997567 -380.000000002444 -339.999999993054 -140.000000002245 -49.9999999870681 50.0000000059799 109.999999992013 100.000000002512 120 349.999999991996 249.999999998727 200
920.00000001267 869.999999977825 589.99999999028 560 550.000000001017 509.999999994696 660.000000006702 849.99999998829 749.999999996879 689.99999999016 560 379.999999986954 -230.000000020736 -600 -559.999999991235 -360 -129.999999992275 380.000000006651 300.000000002234 360 339.99999998663 499.999999993304 469.999999994407 419.999999995515 360.000000011198 220.000000002274 259.999999999949 200 349.99999999892 329.99999999884 230.000000001165 220 89.9999999988233 -110.000000003416 -320 -379.999999993145 -360 -379.999999993122 -380.000000002416 -360 -360 -360 -360 -119.999999997533 29.9999999992497 139.999999993042 180.000000002501 160 140 140.000000002535 240 259.999999988182 219.999999995197
650.000000001 839.99999999153 669.999999998988 499.999999995742 449.999999998977 449.999999998971 630.000000009771 720.000000013051 659.999999995686 789.999999996726 619.999999986989 229.999999992366 -320.00000000872 -660.000000002149 -479.99999999568 -339.999999997829 -339.999999993372 290.000000007736 289.999999998897 420.000000002217 509.999999996663 690.000000018951 619.999999986579 399.999999997777 380.000000004496 389.999999996635 239.999999997777 439.999999988631 290.000000003382 320.000000004553 240 219.999999995424 140.00000000681 -90.0000000034106 -190.000000010249 -360 -379.99999999759 -339.999999997578 -320.000000004445 -339.999999993122 -320 -290.000000000762 -129.999999998766 80.0000000071793 269.999999999022 169.999999982077 280.000000002512 149.999999993992 190.00000000349 189.999999996504 220.000000002223 270.000000001285 250.000000003513
580.000000004025 789.999999998801 619.999999987261 479.999999995742 430.000000001182 460.000000002211 479.999999997789 560 640.000000000108 500.000000002211 560 219.999999989166 -380.000000010868 -659.99999999784 -379.999999997829 -290.000000009908 -339.999999997806 330.000000014353 429.99999999668 500.000000004439 739.999999988916 749.999999998914 460 479.999999986608 420.000000002211 549.99999999664 329.999999994424 300 329.999999996623 279.999999997658 279.999999997789 260 289.999999996601 109.999999987574 -50.000000012443 -139.99999999759 -220.000000006634 -149.999999998784 -210.000000017153 -220.000000006634 -139.999999997544 19.9999999980446 60.0000000046896 250.000000008157 360 259.999999978593 110.000000001262 160 140.000000004758 149.999999998721 210.000000003496 280.000000002211 209.999999996493
689.999999994765 590.000000009652 540 449.999999998971 440 459.99999999572 500.000000004292 539.999999995697 610.0000000162 549.999999996737 499.999999997863 99.9999999891543 -560.00000000872 -639.999999991257 -360 -149.999999998903 179.999999989006 490.000000003325 519.9999999978 630.000000012238 1359.99999998675 710.000000003268 450.000000001137 490.000000001057 479.999999995504 409.999999998846 369.999999992122 360.000000002331 430.000000001029 350.000000003376 520 449.999999994412 480 480.000000002399 369.999999985386 259.999999984379 129.999999992184 149.999999994623 89.9999999941252 -30.0000000031719 139.999999997533 100.0000000022 130.000000008134 309.99999999655 360 139.999999993076 120 160 170.000000001279 200 300 339.999999995208 230.000000001302
500.000000002188 480 459.999999997811 450.000000001035 449.999999996771 509.999999996766 560 549.999999998943 480.000000002188 370.000000001171 419.999999997851 -130.000000014097 -680 -499.999999989075 -339.999999993429 410.00000001649 1440.00000000881 899.999999991206 879.999999991195 1160.00000002664 1739.99999995761 629.999999999034 499.999999997812 610.000000016792 520 449.999999996652 419.999999995481 369.999999998829 379.999999997812 450.000000003371 610.000000001188 539.999999997812 590.000000003598 739.999999986204 569.999999996368 590.000000010215 499.999999997556 450.000000003416 269.999999996581 179.999999997533 120 90.000000005923 159.999999995623 250.000000001256 360.000000004712 120 149.999999996538 179.999999995254 200 250.00000000129 299.999999995219 280.00000000698 260
