Prepped_data/Covariate_Data/All_data/0.5deg/Palaeo/teyen_sed_0.5.asc
NCOLS 720 
NROWS 180 
XLLCORNER -180 
YLLCORNER 0 
CELLSIZE 0.5 
NODATA_value -3.4e+38 
[rows 29 to 57 of 180, columns 198 to 263 of 720]
2955 2955 2955 2955 2955 2955 2955 2955 2955 2955 2955 2955 2955 2955 2955 2955 2955 2955 2955 2955 2955 2955 2955 2955 2955 2955 2955 2955 2955 2955 2955 2955 2955 1985 1985 1985 1985 1985 1985 1985 1985 1985 1985 1985 1985 1985 1985 1985 1985 1985 1985 1985 1985 1985 1985 721 721 1985 1985 1985 1985 1985 1985 777 777 777
2955 2955 2955 2955 2955 2955 2955 2955 2955 2955 2955 2955 2955 2955 2955 2955 2955 2955 2955 2955 2955 2955 2955 2955 2955 2955 2955 2955 2955 2955 2955 2955 2955 1985 1985 1985 1985 1985 1985 1985 1985 1985 1985 1985 1985 1985 1985 1985 1985 1985 1985 1985 1985 1985 1985 1985 1985 1985 1985 1985 1985 1985 1985 1985 1985 777
2955 2955 2955 2955 2955 2955 2955 2955 2955 2955 2955 2955 2955 2955 2955 2955 2955 2955 2955 2955 2955 2955 2955 2955 2955 2955 2955 2955 2955 2955 2955 2955 2955 1985 1985 1985 1985 1985 1985 1985 1985 1985 1985 1985 1985 1985 1985 1985 1985 1985 1985 1985 1985 1985 1985 1985 1985 1985 1985 1985 1985 1985 1985 1985 1985 1985
2955 2955 2955 2955 2955 2955 2955 2955 2955 2955 2955 2955 2955 2955 2955 2955 2955 2955 2955 2955 2955 2955 2955 2955 2955 2955 2955 2955 2955 2955 2955 1985 1985 1985 1985 1985 1985 1985 1985 1985 1985 1985 1985 1985 1985 1985 1985 1985 1985 1985 1985 1985 1985 1985 1985 1985 1985 1985 1985 1985 1985 1985 1985 1985 1985 1985
2955 2955 2955 2955 2955 2955 2955 2955 2955 2955 2955 2955 2955 2955 2955 2955 2955 2955 2955 2955 2955 2955 2955 2955 2955 2955 2955 2955 2955 2955 1985 1985 1985 1985 1985 1985 1985 1985 1985 1985 1985 1985 1985 1985 1985 1985 1985 1985 1985 1985 1985 1985 1985 1985 1985 1985 1985 1985 1985 1985 1985 1985 1985 1985 1985 1985
2955 2955 2955 2955 2955 2955 2955 2955 2955 2955 2955 2955 2955 2955 2955 2955 2955 2955 2955 2955 2955 2955 2955 2955 2955 2955 2955 2955 2955 2955 1985 1985 1985 1985 1985 1985 1985 1985 1985 1985 1985 1985 1985 1985 1985 1985 1985 1985 1985 1985 1985 1985 1985 1985 1985 1985 1985 1985 1985 1985 1985 1985 1985 1985 1985 1985
2955 2955 2955 2955 2955 2955 2955 2955 2955 2955 2955 2955 2955 2955 2955 2955 2955 2955 2955 2955 2955 2955 2955 2955 2955 2955 2955 2955 1985 1985 1985 1985 1985 1985 1985 1985 1985 1985 1985 1985 1985 1985 1985 1985 1985 1985 1985 1985 1985 1985 1985 1985 1985 1985 1985 1985 1985 1985 1985 1985 1985 1985 1985 1985 1985 1985
2955 2955 2955 2955 2955 2955 2955 2955 2955 2955 2955 2955 2955 2955 2955 2955 2955 2955 2955 2955 2955 2955 2955 2955 2955 2955 1985 1985 1985 1985 1985 1985 1985 1985 1985 1985 1985 1985 1985 1985 1985 1985 1985 1985 1985 1985 1985 1985 1985 1985 1985 1985 1985 1985 1985 1985 1985 1985 1985 1985 1985 1985 1985 1985 1985 1985
2955 2955 2955 2955 2955 2955 2955 2955 2955 2955 2955 2955 2955 2955 2955 2955 2955 2955 2955 2955 2955 2955 2955 2955 2955 1985 1985 1985 1985 1985 1985 1985 1985 1985 1985 1985 1985 1985 1985 1985 1985 1985 1985 1985 1985 1985 1985 1985 1985 1985 1985 1985 1985 1985 1985 1985 1985 1985 1985 1985 1985 1985 1985 1985 1985 1985
2955 2955 2955 2955 2955 2955 2955 2955 2955 2955 2955 2955 2955 2955 2955 2955 2955 2955 2955 2955 2955 2955 1985 1985 1985 1985 1985 1985 1985 1985 1985 1985 1985 1985 1985 1985 1985 1985 1985 1985 1985 1985 1985 1985 1985 1985 1985 1985 1985 1985 1985 1985 1985 1985 1985 1985 1985 1985 1985 1985 1985 1985 1985 1985 1985 1985
2955 2955 2955 2955 2955 2955 2955 2955 2955 2955 2955 2955 2955 2955 2955 2955 2955 2955 2955 2955 2955 2955 1985 1985 1985 1985 1985 1985 1985 1985 1985 1985 1985 1985 1985 1985 1985 1985 1985 1985 1985 1985 1985 1985 1985 1985 1985 1985 1985 1985 1985 1985 1985 1985 1985 1985 1985 1985 1985 1985 1985 1985 1985 1985 1985 1985
2955 2955 2955 2955 2955 2955 2955 2955 2955 2955 2955 2955 2955 2955 2955 2955 2955 2955 2955 2955 2955 2955 2955 1985 1985 1985 1985 1985 1985 1985 1985 1985 1985 1985 1985 1985 1985 1985 1985 1985 1985 1985 1985 1985 1985 1985 1985 1985 1985 1985 1985 1985 1985 1985 1985 1985 1985 1985 1985 1985 1985 1985 1985 1985 1985 1985
2955 2955 2955 2955 2955 2955 2955 2955 2955 2955 2955 2955 2955 2955 2955 2955 2955 2955 2955 2955 2955 2955 2955 1985 1985 1985 1985 1985 1985 1985 1985 1985 1985 1985 1985 1985 1985 1985 1985 1985 1985 1985 1985 1985 1985 1985 1985 1985 1985 1985 1985 1985 1985 1985 1985 1985 1985 1985 1985 1985 1985 1985 1985 1985 1985 1985
2955 2955 2955 2955 2955 2955 2955 2955 2955 2955 2955 2955 2955 2955 2955 2955 2955 2955 2955 2955 2955 2955 2955 1985 1985 1985 1985 1985 1985 1985 1985 1985 1985 1985 1985 1985 1985 1985 1985 1985 1985 1985 1985 1985 1985 1985 1985 1985 1985 1985 1985 1985 1985 1985 1985 1985 1985 1985 1985 1985 1985 1985 1985 1985 1985 1985
2955 2955 2955 2955 2955 2955 2955 2955 2955 2955 2955 2955 2955 2955 2955 2955 2955 2955 2955 2955 2955 2955 2955 1985 1985 1985 1985 1985 1985 1985 1985 1985 1985 1985 1985 1985 1985 1985 1985 1985 1985 1985 1985 1985 1879 1879 1879 1879 1985 1985 1985 1985 1858 1858 1858 1858 1858 1858 1903 1903 1985 1985 1903 1903 1903 1903
2955 2955 2955 2955 2955 2955 2955 2955 2955 2955 2955 2955 2955 2955 2955 2955 2955 2955 2955 2955 2955 2955 2955 1985 1985 1985 1985 1985 1985 1985 1985 1985 1985 1985 1985 1985 1985 1985 1985 1985 1985 1985 2036 2036 1879 1879 1879 1879 1879 1879 1879 1858 1858 1858 1858 1858 1858 1858 1858 1903 1903 1903 1903 1903 1903 2057
2955 2955 2955 2955 2955 2955 2955 2955 2955 2955 2955 2955 2955 2955 2955 2955 2955 2955 2955 2955 2955 2955 1985 1985 1985 1985 1985 1985 1985 1985 1985 1985 1985 1985 1985 1985 2036 2036 2036 2036 2036 2036 2036 2036 1879 1879 1879 1879 1879 1879 1879 1879 1879 1898 1880 1858 1858 1858 1858 1808 1903 1903 1903 1903 2057 2057
2955 2955 2955 2955 2955 2955 2955 2955 2955 2955 3584 2955 2955 3584 3584 3584 3584 3584 2955 2955 2955 3584 3584 3584 3584 1985 1985 1985 1985 1985 1985 1985 2036 2036 2036 2036 2036 2036 2036 2036 2036 2036 2036 2036 2036 1879 1879 1879 1879 1879 1879 1879 1896 1898 1880 1858 1858 1858 1858 1808 1869 1903 1903 2057 2057 2057
2955 3584 3584 3584 3584 3584 3584 3584 3584 3584 3584 3584 3584 3584 3584 3584 3584 3584 3584 3584 3584 3584 3584 3584 3584 1985 1985 1985 1985 1985 1985 1985 2036 2036 2036 2036 2036 2036 2036 2036 2036 2036 2036 2036 2036 2036 2036 1986 1879 1879 1879 1879 1896 1898 1880 1853 1856 1858 1807 1808 1869 1903 1903 2057 2057 2057
3584 3584 3584 3584 3584 3584 3584 3584 3584 3584 3584 3584 3584 3584 3584 3584 3584 3584 3584 3584 3584 3584 3584 3584 3584 1985 1985 1985 1985 1985 1985 2036 2036 2036 2305 2172 2172 2172 2172 2172 2172 2172 2172 2036 2036 2036 2036 1986 1986 1877 1879 1879 1896 1898 1899 -3.4e+38 -3.4e+38 -3.4e+38 -3.4e+38 1869 1902 1903 1903 2057 2057 2057
3584 3584 3584 3584 3584 3584 3584 3584 3584 3584 3584 3584 3584 3584 3584 3584 3584 3584 3584 3584 3584 3584 3584 3584 3584 3584 1985 1985 2305 2305 1985 2305 2305 2305 2305 2172 2172 2172 2172 2172 2172 2172 2172 2036 2036 2036 2036 1986 1968 1949 1950 1990 -3.4e+38 -3.4e+38 -3.4e+38 -3.4e+38 -3.4e+38 -3.4e+38 -3.4e+38 -3.4e+38 -3.4e+38 -3.4e+38 1969 2057 2057 2057
3584 3584 3584 3584 3584 3584 3584 3584 3584 3584 3584 3584 3584 3584 3584 3584 3584 3584 3584 3584 3584 3584 3584 3584 3584 3584 3584 2305 2305 2305 2305 2305 2305 2305 2305 2172 2172 2172 2172 2172 2172 2172 2172 2172 2050 2064 2037 -3.4e+38 -3.4e+38 -3.4e+38 -3.4e+38 -3.4e+38 -3.4e+38 -3.4e+38 -3.4e+38 -3.4e+38 -3.4e+38 -3.4e+38 -3.4e+38 -3.4e+38 -3.4e+38 -3.4e+38 2024 2057 2057 2106
3584 3584 3584 3584 3584 3584 3584 3584 3584 3584 3584 3584 3584 3584 3584 3584 3584 3584 3584 3584 3584 3584 3584 3584 3584 3584 3584 2305 2305 2305 2305 2305 2573 2305 2305 2305 2305 2305 2305 2172 2172 2172 2144 2102 -3.4e+38 -3.4e+38 -3.4e+38 -3.4e+38 -3.4e+38 -3.4e+38 -3.4e+38 -3.4e+38 -3.4e+38 -3.4e+38 -3.4e+38 -3.4e+38 -3.4e+38 -3.4e+38 -3.4e+38 -3.4e+38 -3.4e+38 -3.4e+38 -3.4e+38 -3.4e+38 -3.4e+38 2106
3584 3584 3584 3584 3584 3584 3584 3584 3584 3584 3584 3584 3584 3584 3584 3584 3584 3584 3584 3584 3584 3584 3584 3584 3584 3584 3584 3584 2573 2573 2573 2573 2573 2573 2305 2305 2305 2305 2305 2305 2210 2186 -3.4e+38 -3.4e+38 -3.4e+38 -3.4e+38 -3.4e+38 -3.4e+38 -3.4e+38 -3.4e+38 -3.4e+38 -3.4e+38 -3.4e+38 -3.4e+38 -3.4e+38 -3.4e+38 -3.4e+38 -3.4e+38 -3.4e+38 -3.4e+38 -3.4e+38 -3.4e+38 -3.4e+38 -3.4e+38 -3.4e+38 -3.4e+38
3584 3584 3584 3584 3584 3584 3584 3584 3584 3584 3584 3584 3584 3584 3584 3584 3584 3584 3584 3584 3584 3584 3584 3584 3584 3584 3584 3584 2573 2573 2573 2573 2573 2573 2573 2573 2305 2305 2305 2305 2305 2258 -3.4e+38 -3.4e+38 -3.4e+38 -3.4e+38 -3.4e+38 -3.4e+38 -3.4e+38 -3.4e+38 -3.4e+38 -3.4e+38 -3.4e+38 -3.4e+38 -3.4e+38 -3.4e+38 -3.4e+38 -3.4e+38 -3.4e+38 -3.4e+38 -3.4e+38 -3.4e+38 -3.4e+38 -3.4e+38 -3.4e+38 -3.4e+38
3584 3584 3584 3584 3584 3584 3584 3584 3584 3584 3584 3584 3584 3584 3584 3584 3584 3584 3584 3584 3584 3584 3584 3584 3584 3584 3584 3584 2573 2573 2573 2573 2573 2573 2573 2573 2573 2573 2573 2573 2358 2340 -3.4e+38 -3.4e+38 -3.4e+38 -3.4e+38 -3.4e+38 -3.4e+38 -3.4e+38 -3.4e+38 -3.4e+38 -3.4e+38 -3.4e+38 -3.4e+38 -3.4e+38 -3.4e+38 -3.4e+38 -3.4e+38 -3.4e+38 -3.4e+38 -3.4e+38 -3.4e+38 -3.4e+38 -3.4e+38 -3.4e+38 -3.4e+38
3584 3584 3584 3584 3584 3584 3584 3584 3584 3584 3584 3584 3584 3584 3584 3584 3584 3584 3584 3584 3584 3584 3584 3584 3584 3584 3584 3584 3584 3584 2573 2573 2573 2573 2573 2573 2573 2573 2573 2573 3584 2466 -3.4e+38 -3.4e+38 -3.4e+38 -3.4e+38 -3.4e+38 -3.4e+38 -3.4e+38 -3.4e+38 -3.4e+38 -3.4e+38 -3.4e+38 -3.4e+38 -3.4e+38 -3.4e+38 -3.4e+38 -3.4e+38 -3.4e+38 -3.4e+38 -3.4e+38 -3.4e+38 -3.4e+38 -3.4e+38 -3.4e+38 -3.4e+38
3584 3584 3584 3584 3584 3584 3584 3584 3584 3584 3584 3584 3584 3584 3584 3584 3584 3584 3584 3584 3584 3584 3584 3584 3584 3584 3584 3584 3584 3584 3584 2573 2573 2573 2573 2573 2573 2573 2573 3584 3584 -3.4e+38 -3.4e+38 -3.4e+38 -3.4e+38 -3.4e+38 -3.4e+38 -3.4e+38 -3.4e+38 -3.4e+38 -3.4e+38 -3.4e+38 -3.4e+38 -3.4e+38 -3.4e+38 -3.4e+38 -3.4e+38 -3.4e+38 -3.4e+38 -3.4e+38 -3.4e+38 -3.4e+38 -3.4e+38 2512 2567 2568
3584 3584 3584 3584 3584 3584 3584 3584 3584 3584 3584 3584 3584 3584 3584 3584 3584 3584 3584 3584 3584 3584 3584 3584 3584 3584 3584 3584 3584 3584 3584 3584 3584 3584 3584 3584 2573 3584 3584 3584 3584 2582 2583 -3.4e+38 -3.4e+38 -3.4e+38 -3.4e+38 -3.4e+38 -3.4e+38 2587 -3.4e+38 -3.4e+38 -3.4e+38 -3.4e+38 -3.4e+38 -3.4e+38 -3.4e+38 -3.4e+38 -3.4e+38 -3.4e+38 -3.4e+38 2596 2597 -3.4e+38 2672 2672
