Prepped_data/Covariate_Data/All_data/0.5deg/Palaeo/teyep_DEM_0.5.asc
NCOLS 720 
NROWS 360 
XLLCORNER -180 
YLLCORNER -90 
CELLSIZE 0.5 
NODATA_value -9999 
[rows 184 to 206 of 360, columns 204 to 254 of 720]
-4980.00000000066 -3559.99999988694 -5080.0000000027 -5140.00000000036 -4989.99999999582 -5019.99999999762 -5030.00000000219 -5029.99999999821 -5039.999999998 -5029.99999999935 -5040 -5010.00000000222 -5020.00000000246 -5020.000000002 -5029.99999999776 -5040 -5040 -5019.999999998 -5030.00000000027 -5020.00000000454 -5020.00000000056 -5010.00000000028 -5030.00000000228 -5040 -5020.0000000026 -5020.00000000261 -5030.00000000031 -5040 -5019.99999999736 -4490.00000000232 -2759.99999997 -1529.9999999869 70.0000000064176 220.000000001995 1080.00000001842 2630.00000000109 2429.99999998795 959.999999995003 399.999999999238 199.999999999227 -109.999999997613 -120 -109.999999997601 10.0000000072134 180 139.999999999159 220.00000000399 249.999999999568 210.000000002433 160.000000002882 210.000000011323
-4379.9999999721 -4950.00000000251 -4960 -5020.00000000434 -5029.99999999821 -5020.00000000198 -5020.00000000438 -5040.00000000042 -5020.00000000043 -5029.99999999779 -5029.99999999977 -5030.00000000023 -5030.00000000222 -5019.99999999753 -5029.99999999975 -5040 -5020 -5030.00000000423 -5040 -5009.99999999972 -5030.00000000028 -5029.99999999971 -5029.9999999997 -5030.0000000003 -5029.99999999771 -5030.0000000023 -5020 -5019.99999999935 -4779.99999997423 -4489.99999999966 -2479.99999997997 -759.999999991178 139.999999998016 240.000000010084 2320.00000001865 2910.00000000088 1779.99999999673 629.999999989859 180.000000001211 29.9999999940712 -120 -150.000000000404 -120 20.0000000028137 130.000000000421 110.000000000426 109.999999997584 100.000000004843 100 179.999999997118 120.000000003968
-4650.00000002688 -4950.00000000215 -5040 -5030.00000000019 -5030.0000000006 -4990.00000000218 -5040 -5040 -5019.99999999758 -5019.99999999757 -5030.00000000221 -5040 -5019.99999999803 -5030.00000000222 -5029.99999999777 -5020.00000000447 -5020.00000000645 -5030.00000000027 -5040 -5020.00000000254 -5030.00000000226 -5029.9999999997 -5030.00000000227 -5030.00000000228 -5039.99999999803 -5020.00000000064 -5040 -5029.99999999309 -4529.99999999438 -4529.99999999966 -2119.99999996326 -199.999999993236 99.9999999973113 520.000000014956 2660.00000001701 2419.99999998639 799.999999983595 279.999999999227 -50.0000000003922 -100.000000002768 -150.000000002376 -130.000000002382 -109.999999999585 -69.9999999967656 100.000000002825 100.000000001972 129.999999999562 79.9999999980275 80 80 110.000000004405
-4599.99999998678 -5000.00000000121 -5100.0000000047 -5030.00000000216 -5030.0000000002 -5029.99999999783 -5020.00000000239 -5009.99999999782 -5029.99999999977 -5029.99999999977 -5040 -5049.99999999779 -5020.00000000442 -5020 -5009.99999999778 -5009.99999999973 -5029.99999999973 -5020.00000000252 -5029.99999999775 -5029.99999999971 -5030.00000000226 -5009.9999999997 -5040 -5030.00000000165 -5049.99999999772 -5040 -5040 -5020.00000000067 -4499.99999999804 -4509.99999999504 -1779.99999995468 -149.999999996965 40 420.000000011539 2580.00000001898 2279.99999999031 789.999999985943 89.9999999988233 -59.9999999980389 -120 -130.000000000409 -109.999999997624 -89.9999999976182 -59.9999999971862 90.0000000023931 89.9999999995623 80 80 80 80 80
-4979.99999998988 -4789.99999999903 -5080.0000000004 -4990.00000001077 -5030.00000000453 -5040 -5030.00000000022 -5019.99999999805 -5040 -5020.00000000048 -5040 -5030.0000000022 -5040 -5039.99999999805 -5020.00000000443 -5030.00000000222 -5029.99999999777 -5020.00000000252 -5009.99999999718 -5019.99999999941 -5029.9999999997 -5019.99999999549 -5040 -5029.99999999968 -5040 -5030.00000000228 -5019.99999999738 -5020.00000000263 -4509.9999999977 -4509.9999999977 -1669.99999995894 -149.999999992332 7.38964445190504e-10 650.000000016576 2480.00000001042 1879.99999998561 599.999999993747 9.99999999216129 -59.9999999972431 -119.999999999181 -140.00000000195 -110.00000000237 -100 -120 10.0000000004377 80 80 80 129.99999999564 70.0000000024158 80
-5040.00000000426 -4379.99999998558 -4880.00000000592 -4870.00000000838 -5020 -5020.00000000044 -5010.00000000217 -5029.99999999349 -5040 -5030.00000000218 -5029.99999999781 -5020.00000000051 -5030.00000000026 -5020.00000000247 -5029.99999999973 -5029.99999999972 -5030.00000000028 -5009.99999999777 -5020.00000000059 -5029.99999999776 -5040.00000000194 -5029.99999999775 -5030.00000000032 -5040 -5040 -5019.99999999806 -5040 -4909.99999999106 -4509.99999999965 -4509.9999999977 -1839.99999992899 -200 120.000000008816 2330.00000001457 2569.99999999536 1539.99999998482 449.999999993338 -50.0000000023419 -90.0000000023476 -140.00000000083 -149.999999997641 -130.000000002365 -139.999999997198 -120 -59.9999999971749 10.0000000023874 89.9999999976069 80 80 60 69.9999999975841
-4939.99999999189 -4840.00000000578 -5019.99999999807 -5019.99999999571 -5039.99999999852 -5030.00000000215 -5019.99999999807 -5030.00000000024 -5050.00000000024 -5040 -5040 -5040 -5030.00000000219 -5030.0000000022 -5030.00000000028 -5020.00000000193 -5029.99999999778 -5020 -5030.00000000415 -5040 -5040 -5029.99999999968 -5020 -5019.99999999807 -5029.99999999774 -5039.99999999546 -5020 -4819.99999997631 -4540.00000000264 -4470.00000000156 -1529.99999995017 -149.999999999625 600.000000015729 2250.00000000694 1989.9999999899 1079.99999999024 309.999999991394 -70.0000000004093 -80 -100.000000001927 -150.000000002353 -179.999999997209 -129.999999997635 -120 -89.9999999976239 30.0000000023817 80 80 89.9999999976012 79.999999998073 80
-5030.0000000002 -5019.99999999575 -5020.00000000192 -5010.00000000214 -5040 -5040 -5040 -5029.99999999976 -5030.00000000025 -5030.00000000217 -5029.99999999974 -5020 -5019.99999999808 -5010.00000000219 -5019.99999999808 -5040 -5030.00000000221 -5029.9999999997 -5040 -5009.99999999777 -5030.00000000223 -5040 -5029.99999999775 -5030.00000000033 -5030.00000000226 -5029.99999999896 -5019.99999999929 -4739.9999999677 -4530.00000000301 -4439.99999998938 -779.999999970339 60.0000000053546 900.000000014217 2360.00000000766 1189.99999999259 860.000000000301 249.999999991388 -80.0000000027455 -80.0000000027569 -100 -140.00000000278 -179.999999998084 -139.999999997198 -120 -109.999999999545 20.0000000028365 80 80 89.9999999976069 80 70.0000000004888
-5030.00000000211 -5030.00000000022 -5020.00000000425 -5030.00000000213 -5009.99999999977 -5040 -5040 -5029.99999999785 -5030.00000000026 -5029.99999999974 -5009.99999999973 -5039.9999999981 -5040 -5040 -5029.99999999781 -5030.0000000022 -5020.00000000251 -5019.99999999748 -5030.00000000031 -5029.99999999778 -5010.00000000478 -5039.99999999678 -5019.99999999552 -5019.99999999551 -5040 -5010.00000000035 -5030.00000000226 -4679.99999996578 -4539.99999999736 -4229.99999997689 -529.999999993525 60.0000000053546 1190.0000000135 1890.0000000023 1339.99999998725 709.999999992241 259.999999994532 -70.0000000023249 -70.0000000004263 -110.000000002336 -140.00000000278 -170.000000000443 -160 -120 -109.99999999954 0 80 80 80 80 90.0000000004945
-5030.00000000211 -5020.00000000234 -5040 -5029.99999999977 -5020.00000000237 -5029.99999999786 -5040 -5040 -5049.99999999785 -5040 -5050.00000000027 -5030.00000000084 -5049.99999999972 -5029.99999999971 -5039.99999999752 -5020.0000000025 -5020.00000000251 -5020 -5040 -5020.00000000443 -5019.99999999555 -5050.00000000223 -5030.00000000223 -5029.99999999965 -5019.9999999974 -5040 -5029.99999999964 -4629.99999997931 -4550.00000000227 -4039.99999995374 -79.9999999893362 150.00000000764 1570.00000002728 1989.99999998907 1119.99999999754 659.999999997277 299.999999991797 -50.0000000031718 -69.9999999976751 -120 -160 -179.999999997209 -160 -110.000000002353 -120 0 80 80 80 80 80
-5020.00000000232 -5010.00000000023 -5030.00000000211 -5009.99999999788 -5050.00000000024 -5000 -5050.00000000214 -5019.99999999948 -5040 -5019.99999999757 -5029.99999999784 -5029.99999999783 -5019.99999999754 -5030.0000000003 -5019.9999999994 -5030.00000000219 -5029.99999999781 -5019.9999999956 -5040 -5040.00000000066 -5020 -5029.99999999778 -5029.99999999777 -5029.99999999965 -5040 -5030.00000000036 -5019.99999999812 -4679.99999997405 -4490.00000000226 -4039.99999995675 69.9999999966292 29.9999999996021 1320.00000003415 1879.99999998004 960.000000001051 639.999999996436 419.999999997266 59.9999999926274 -109.999999999562 -120 -189.999999997669 -189.999999997664 -160 -120 -120 -19.9999999971635 80 80 80 80 80
-5030.0000000021 -5029.9999999979 -5040 -5049.99999999788 -5049.99999999975 -5029.99999999974 -5009.99999999974 -5020.00000000187 -5030.00000000027 -5019.99999999813 -5030.00000000028 -5020 -5040 -5030.00000000217 -5010.00000000031 -5040 -5030.00000000032 -5030.00000000032 -5029.99999999967 -5029.99999999779 -5040 -5000 -5030.00000000222 -5020.00000000259 -5040 -5000.00000000261 -5050.00000000224 -5010.00000000038 -4490.00000000677 -3719.99999992646 310.000000000398 149.999999988631 1280.00000003308 1869.99999999252 1019.99999999626 1169.99999999124 449.999999993094 249.999999994947 -90.0000000050704 -120.00000000187 -160 -190.00000000046 -160 -120 -120 -19.9999999971635 99.9999999981298 80 99.9999999981298 80 70.0000000023817
-5040 -5020.00000000186 -5040 -5030.00000000025 -5029.99999999789 -5019.99999999814 -5040 -5030.00000000027 -5019.99999999814 -5029.99999999972 -5040.00000000058 -5040.00000000245 -5040.00000000246 -5040 -5030.00000000031 -5029.99999999968 -5040 -5020.00000000252 -5020 -5029.9999999978 -5030.00000000035 -5009.99999999708 -5040 -5020.00000000445 -5019.99999999554 -5019.99999999925 -5020.00000000076 -5030.00000000116 -4490.00000000303 -3969.99999994651 250.000000014785 420.000000003496 790.000000031218 1939.99999998716 1679.99999998342 1629.99999998656 1169.99999998392 519.999999986187 109.99999999032 -80 -90.0000000023192 -190.000000002325 -200 -160 -120 -79.9999999953047 50.0000000023533 80 130.000000004223 80 80
-5020.00000000185 -5040 -5040 -5020.00000000236 -5040 -5030.00000000027 -5029.99999999973 -5040 -5019.99999999943 -5049.99999999786 -5029.99999999357 -5030.0000000003 -5029.99999999354 -5029.99999999784 -5040 -5009.99999999783 -5040 -5030.00000000218 -5049.99999999966 -5019.99999999561 -5029.99999999894 -5020.00000000072 -5040 -5040 -5030.00000000222 -5030.00000000223 -5029.99999999777 -5010.00000000224 -4480.00000000264 -4179.99999996364 -249.999999982566 250.000000006787 420.000000012602 2070.00000002117 2549.99999999316 2089.99999999684 1359.99999998544 939.999999996356 369.999999992184 9.99999999307647 -90.0000000041609 -159.999999999056 -180.000000001847 -180 -100 -69.9999999995054 -29.9999999986528 119.999999998988 99.9999999981526 139.999999997118 90.000000000523
-5019.99999999767 -5040.00000000184 -5029.99999999791 -5039.99999999764 -5020.00000000237 -5040 -5019.99999999577 -5020.00000000057 -5040 -5020.00000000426 -5040 -5019.99999999571 -5020 -5020.00000000247 -5030.00000000216 -5030.00000000033 -5029.99999999966 -5040 -5040 -5029.99999999781 -5039.99999999816 -5030.00000000036 -5020.00000000184 -5030.00000000037 -5040 -5030.00000000039 -5040 -5040 -4430.00000000224 -4499.99999999735 -649.999999972749 90.0000000022567 160.000000014427 1650.00000003305 2610.00000000682 2209.99999998683 1549.99999997764 569.999999998636 549.999999997703 339.999999992627 39.9999999953843 -90.0000000041495 -160 -149.999999999511 -120.000000004661 -100 -80 50.0000000033708 140.000000001836 140.000000001836 139.999999997107
-5020.00000000232 -5029.99999999792 -5040 -5020.00000000053 -5040 -5020.00000000056 -4999.99999999761 -5030.00000000029 -5030.0000000003 -5019.99999999757 -5020.00000000244 -5019.99999999818 -5040 -5029.99999999785 -5040 -5030.00000000033 -5029.99999999966 -5029.99999999965 -5029.99999999965 -5020.00000000182 -5040 -5000 -5020.00000000182 -5029.99999999779 -5030.00000000221 -5029.99999999778 -5030.00000000222 -5020.00000000182 -4659.99999996791 -4510.00000000224 -2039.99999991355 -129.99999999057 -50.0000000022567 1040.0000000316 2490.00000000315 2289.99999998863 1819.99999998815 689.999999985829 469.999999997709 509.99999999676 289.999999997698 99.999999991627 -140.000000002802 -149.999999999505 -120 -120 -80 -19.9999999971408 120 140.000000001825 139.999999997107
-5019.99999999767 -5040 -5029.99999999973 -5040.00000000181 -5019.99999999819 -5009.99999999972 -5040 -5040 -4989.9999999997 -5029.99999999969 -5020.00000000181 -5029.99999999787 -5029.99999999968 -5040 -5019.99999999933 -5030.00000000034 -5040 -5040 -5010.00000000036 -5020.00000000254 -5040 -5020.00000000256 -5020.00000000076 -5019.99999999923 -5040 -5040 -5030.0000000004 -5020.00000000445 -5009.99999999513 -4509.99999999777 -3209.99999993367 -389.999999985232 -30.0000000004377 680.0000000054 2130.00000002851 2459.9999999873 2019.99999999453 1429.99999998679 559.99999999543 439.999999999045 309.999999999517 219.999999992605 -29.9999999995055 -130.000000002313 -159.999999998187 -140.000000001813 -120 -59.9999999981867 -29.9999999940314 40.0000000018133 120
-5029.99999999974 -5019.99999999947 -5019.99999999945 -5029.99999999792 -5020 -5040 -5029.9999999979 -5009.9999999979 -5030.00000000211 -5020 -5010.00000000032 -5040 -5010.00000000213 -5019.99999999933 -5029.99999999357 -5030.00000000215 -5029.99999999965 -5030.00000000036 -5030.00000000289 -5039.99999999746 -5019.99999999565 -5029.99999999525 -5059.99999999742 -5020.00000000439 -5019.9999999956 -5040.00000000261 -5020 -5020 -5030.00000000042 -4440.00000000265 -4069.99999995151 -969.999999961102 -129.999999997755 270.000000024755 1020.0000000271 2560.00000000272 2129.9999999932 1889.99999999138 879.999999986323 520 340.000000001802 249.999999999505 159.999999992593 -80 -150.000000007964 -179.999999997164 -120 -59.9999999981981 -80 -80 20.0000000046953
-5020 -5019.99999999766 -5029.99999999972 -5050.00000000207 -5019.99999999942 -5030.0000000003 -5040 -5020 -5019.99999999758 -5040.00000000422 -5049.99999999968 -5020.00000000179 -5030.00000000034 -5040 -5029.99999999965 -5040 -5040 -5019.99999999569 -5040 -5030.00000000217 -5020.00000000255 -5029.99999999961 -5020.00000000437 -5019.9999999992 -5019.99999999919 -5039.99999999821 -5030.00000000221 -5029.99999999958 -5030.00000000222 -4939.99999998845 -4499.99999999733 -2299.99999998215 -479.999999974017 -29.999999993264 600.000000027933 2320.00000001268 2359.99999999642 2109.99999999224 1539.99999998084 569.999999997721 319.99999999722 209.999999997709 230.000000002296 89.9999999976978 -50.0000000069235 -170.000000002313 -159.999999997152 -110.000000002325 -80 -80.000000002882 -80
-5029.99999999973 -5029.99999999794 -5030.00000000206 -5009.99999999971 -5030.00000000208 -5019.99999999584 -5039.99999999699 -5040 -5039.99999999758 -5019.99999999757 -5010.00000000033 -5040 -5040 -5020 -5020 -5030.00000000036 -5029.99999999786 -5040 -5030.00000000037 -5029.99999999962 -5030.00000000116 -5010.00000000217 -5040 -5019.99999999741 -5040.0000000026 -5040 -5029.99999999696 -5040 -5029.99999999779 -5040 -4470.00000000222 -2749.9999999719 -1389.9999999468 -189.999999998681 30.0000000184286 1970.00000003943 2699.99999999371 2399.99999998998 1889.99999999044 759.999999985369 399.999999999 259.999999997209 259.999999997198 129.999999999483 -20.0000000028251 -69.9999999994713 -129.999999997686 -180 -130.000000002325 -99.999999997118 -89.9999999994429
-5000 -5030.00000000205 -5029.99999999794 -5030.00000000029 -5030.0000000003 -5020 -5040 -5040 -5019.99999999758 -5009.99999999967 -5049.99999999966 -5030.00000000388 -5020.00000000423 -5030.00000000035 -5020.00000000248 -5020 -5029.99999999786 -5030.00000000037 -5029.99999999785 -5010.00000000215 -5029.99999999961 -5020.00000000256 -5039.99999999919 -4999.99999999823 -5019.99999999563 -5040 -5030.00000000043 -5029.9999999978 -5040 -5019.99999999558 -4809.99999996585 -3539.99999995545 -2079.99999999109 -479.999999988364 -180.000000000824 1010.00000003478 2760.00000000627 2609.99999999323 2359.99999999095 1349.99999998589 429.999999997726 390.00000000507 309.999999994912 160.000000001768 89.9999999977035 -1.76783032657113e-09 -59.99999999892 -169.999999997686 -149.999999997681 -119.999999997118 -59.9999999971067
-5040 -5019.99999999766 -5030.00000000264 -5029.9999999997 -5020.00000000176 -5029.99999999793 -5029.99999999968 -5020.00000000176 -5020.00000000417 -5049.99999999966 -5040 -5029.99999999965 -5020.0000000007 -5040 -5020.00000000073 -5019.99999999575 -5040 -5040 -5030.00000000214 -5029.99999999785 -5040.00000000176 -5019.99999999824 -5029.99999999783 -5040 -5020 -5030.00000000218 -5020 -5019.99999999913 -5040 -5029.99999999779 -5019.99999999733 -4229.99999996842 -2369.99999998878 -1859.99999998474 -339.999999997289 440.000000025119 2380.00000002694 2789.99999999325 2469.99999998772 1779.99999997988 649.999999987637 440.000000001035 379.999999992639 240.000000001057 189.999999997709 100 -20.0000000028479 -70.0000000023078 -160 -130.000000002319 -120
-5020 -5020.00000000174 -5040 -5030.00000000205 -5019.99999999588 -5029.99999999794 -5029.99999999554 -5029.99999999793 -5030.00000000034 -5040 -5029.99999999965 -5019.9999999958 -5030.0000000021 -5029.99999999964 -5019.99999999752 -5039.99999999825 -5029.99999999962 -5030.00000000213 -5020.00000000078 -5030.0000000004 -5029.99999999785 -5040 -5040 -5030.00000000217 -5020.00000000085 -5020.00000000174 -5020 -5019.99999999737 -5029.99999999955 -5029.99999999871 -5040 -4419.99999999022 -2669.99999997816 -2019.9999999946 -529.99999998247 -49.9999999913427 1350.00000004203 2860.00000000174 2680.00000000276 1849.99999998011 709.999999994958 720.000000001046 429.999999994924 309.999999994907 310.00000000054 259.999999998255 99.9999999988972 -30.0000000023022 -80 -110.000000002313 -129.999999999426
