Prepped_data/Covariate_Data/All_data/0.5deg/Palaeo/teyen_sed_0.5.asc
NCOLS 720 
NROWS 180 
XLLCORNER -180 
YLLCORNER 0 
CELLSIZE 0.5 
NODATA_value -3.4e+38 
[rows 58 to 86 of 180, columns 198 to 263 of 720]
3584 3584 3584 3584 3584 3584 3584 3584 3584 3584 3584 3584 3584 3584 3584 3584 3584 3584 3584 3584 3584 3584 3584 3584 3584 3584 3584 3584 3584 3584 3584 3584 3584 3584 3584 3584 3584 3584 3584 3584 3584 2798 2654 -3.4e+38 2639 2685 2799 3223 2655 2817 2686 2948 2754 2754 -3.4e+38 2774 2717 2657 2734 2689 2671 2644 -3.4e+38 -3.4e+38 -3.4e+38 2672
3584 3584 3584 3584 3584 3584 3584 3584 3584 3584 3584 3584 3584 3584 3584 3584 3584 3584 3584 3584 3584 3584 3584 3584 3584 3584 3584 3584 3584 3584 3584 3584 3584 3584 3584 3584 3584 3584 3584 3584 2798 2798 2830 2838 2826 2826 2799 2799 3223 2817 2948 2948 2754 2808 2782 2774 2717 2734 2767 2767 2735 2719 2720 2756 3187 3187
3584 3584 3584 3584 3584 3584 3584 3584 3584 3584 3584 3584 3584 3584 3584 3584 3584 3584 3584 3584 3584 3584 3584 3584 3584 3584 3584 3584 3584 3584 3584 3584 3584 3584 3584 3584 3584 3584 3584 3584 3584 2798 2830 2838 2826 2826 2799 3223 3223 2817 2948 2948 2808 2808 2782 2774 2944 2944 2778 2767 2818 2873 2873 2873 2784 3187
3584 3584 3584 3584 3584 3584 3584 3584 3584 3584 3584 3584 3584 3584 3584 3584 3584 3584 3584 3584 3584 3584 3584 3584 3584 3584 3584 3584 3584 3584 3584 3584 3584 3584 3584 3584 3584 3584 3584 3584 3584 3584 2830 2838 2838 2826 2799 3223 3223 2817 2948 2948 2808 2944 2944 2944 2944 2944 2802 2815 2892 2873 2873 2873 2873 3187
3584 3584 3584 3584 3584 3584 3584 3584 3584 3584 3584 3584 3584 3584 3584 3584 3584 3584 3584 3584 3584 3584 3584 3584 3584 3584 3584 3584 3584 3584 3584 3584 3584 3584 3584 3584 3584 3584 3584 3584 3584 3584 2830 2838 2838 2826 3223 3223 3223 3223 2948 2948 2948 2944 2944 2944 3447 3447 3447 3447 2892 2892 2873 2873 2873 3187
3584 3584 3584 3584 3584 3584 3584 3584 3584 3584 3584 3584 3584 3584 3584 3584 3584 3584 3584 3584 3584 3584 3584 3584 3584 3584 3584 3584 3584 3584 3584 3584 3584 3584 3584 3584 3584 3584 3584 3584 3584 3584 3223 3223 2838 3223 3223 3223 3223 3223 3223 2948 2944 2944 2944 3447 3447 3447 3447 3447 2892 2892 2892 2873 2873 3187
3584 3584 3584 3584 3584 3584 3584 3584 3584 3584 3584 3584 3584 3584 3584 3584 3584 3584 3584 3584 3584 3584 3584 3584 3584 3584 3584 3584 3584 3584 3584 3584 3584 3584 3584 3584 3584 3584 3584 3584 3584 3223 3223 3223 3223 3223 3223 3223 3223 3223 3223 3223 2944 2944 3447 3447 3447 3447 3447 3447 3447 3447 2892 3447 3447 3447
3584 3584 3584 3584 3584 3584 3584 3584 3584 3584 3584 3584 3584 3584 3584 3584 3584 3584 3584 3584 3584 3584 3584 3584 3584 3584 3584 3584 3584 3584 3584 3584 3584 3584 3584 3584 3584 3584 3584 3584 3223 3223 3223 3223 3223 3223 3223 3223 3223 3223 3223 3223 2944 3447 3447 3447 3447 3447 3447 3447 3447 3447 3447 3447 3447 3447
3584 3584 3584 3584 3584 3584 3584 3584 3584 3584 3584 3584 3584 3584 3584 3584 3584 3584 3584 3584 3584 3584 3584 3584 3584 3584 3584 3584 3584 3584 3584 3584 3584 3584 3584 3584 3584 3584 3584 3223 3223 3223 3223 3223 3223 3223 3223 3223 3223 3223 3447 3447 3447 3447 3447 3447 3447 3447 3447 3447 3447 3447 3447 3447 3447 3447
3584 3584 3584 3584 3584 3584 3584 3584 3584 3584 3584 3584 3584 3584 3584 3584 3584 3584 3584 3584 3584 3584 3584 3584 3584 3584 3584 3584 3584 3584 3584 3584 3584 3584 3584 3584 3584 3584 3584 3223 3223 3223 3223 3223 3223 3223 3223 3223 3223 3223 3447 3447 3447 3447 3447 3447 3447 3447 3447 3447 3447 3447 3447 3447 3447 3447
3584 3584 3584 3584 3584 3584 3584 3584 3584 3584 3584 3584 3584 3584 3584 3584 3584 3584 3584 3584 3584 3584 3584 3584 3584 3584 3584 3584 3584 3584 3584 3584 3584 3584 3584 3584 3584 3584 3584 3223 3223 3223 3223 3223 3223 3223 3223 3223 3223 3223 3447 3447 3447 3447 3447 3447 3447 3447 3447 3447 3447 3447 3447 3447 3447 3447
3584 3584 3584 3584 3584 3584 3584 3584 3584 3700 3584 3584 3700 3700 3700 3700 3700 3700 3584 3584 3584 3584 3584 3584 3584 3584 3584 3584 3584 3584 3584 3584 3584 3584 3584 3584 3223 3223 3223 3223 3223 3223 3223 3223 3223 3223 3223 3223 3223 3223 3223 3447 3447 3447 3447 3447 3447 3447 3447 3447 3447 3447 3447 3447 3447 3447
3584 3584 3584 3584 3584 3584 3584 3584 3700 3700 3584 3700 3700 3700 3700 3700 3700 3700 3700 3700 3584 3584 3584 3584 3584 3584 3584 3584 3584 3584 3584 3584 3584 3584 3584 3584 3223 3223 3223 3223 3223 3223 3223 3223 3223 3223 3223 3223 3223 3223 3223 3447 3447 3447 3447 3447 3447 3447 3447 3447 3447 3447 3447 3447 3447 3447
3584 3584 3584 3584 3584 3584 3584 3584 3700 3700 3700 3700 3700 3700 3700 3700 3700 3700 3700 3700 3700 3700 3584 3584 3584 3584 3584 3584 3584 3584 3584 3584 3584 3223 3223 3223 3223 3223 3223 3223 3223 3223 3223 3223 3223 3223 3223 3223 3223 3223 3223 3447 3447 3447 3447 3447 3447 3447 3447 3447 3447 3447 3447 3447 3447 3447
3584 3584 3584 3584 3584 3584 3584 3584 3700 3700 3700 3700 3700 3700 3700 3700 3700 3700 3700 3700 3700 3700 3700 3584 3584 3584 3584 3584 3584 3584 3584 3584 3700 3223 3223 3223 3223 3223 3223 3223 3223 3223 3223 3223 3223 3223 3223 3223 3223 3223 3223 3447 3447 3447 3447 3447 3447 3447 3447 3447 3447 3447 3447 3447 3447 3447
3584 3584 3584 3584 3584 3584 3584 3584 3700 3700 3700 3700 3700 3700 3700 3700 3700 3700 3700 3700 3700 3700 3700 3700 3700 3700 3700 3700 3700 3700 3700 3700 3700 3223 3223 3223 3223 3223 3223 3223 3223 3223 3223 3223 3223 3223 3223 3223 3223 3223 3447 3447 3447 3447 3447 3447 3447 3447 3447 3447 3447 3447 3447 3447 3447 3447
3584 3584 3584 3584 3584 3584 3584 3700 3700 3700 3700 3700 3700 3700 3700 3700 3700 3700 3700 3700 3700 3700 3700 3700 3700 3700 3700 3700 3700 3700 3223 3700 3700 3223 3223 3223 3223 3223 3223 3223 3223 3223 3223 3223 3223 3223 3223 3223 3223 3223 3447 3447 3447 3447 3447 3447 3447 3447 3447 3447 3447 3447 3447 3447 3447 3447
3584 3584 3584 3584 3584 3700 3700 3700 3700 3700 3700 3700 3700 3700 3700 3700 3700 3700 3700 3700 3700 3700 3700 3700 3700 3700 3700 3700 3700 3700 3223 3223 3223 3223 3223 3223 3223 3223 3223 3223 3223 3223 3223 3223 3223 3223 3223 3223 3223 3223 3447 3447 3447 3447 3447 3447 3447 3447 3447 3447 3447 3447 3447 3447 3447 3447
3584 3584 3584 3584 3584 3700 3700 3700 3700 3700 3700 3700 3700 3700 3700 3700 3700 3700 3700 3700 3700 3700 3700 3700 3700 3700 3700 3700 3700 3700 3223 3223 3223 3223 3223 3223 3223 3223 3223 3223 3223 3223 3223 3223 3223 3223 3223 3223 3223 3447 3447 3447 3447 3447 3447 3447 3447 3447 3447 3447 3447 3447 3447 3447 3447 3447
3584 3584 3584 3584 3584 3700 3700 3700 3700 3700 3700 3700 3700 3700 3700 3700 3700 3700 3700 3700 3700 3700 3700 3700 3700 3700 3700 3700 3700 3700 3700 3223 3223 3223 3223 3223 3223 3223 3223 3223 3223 3223 3223 3223 3223 3223 3223 3223 3447 3447 3447 3447 3447 3447 3447 3447 3447 3447 3447 3447 3447 3447 3447 3447 3447 3447
3584 3584 3584 3584 3584 3700 3700 3700 3700 3700 3700 3700 3700 3700 3700 3700 3700 3700 3700 3700 3700 3700 3700 3700 3700 3700 3700 3700 3700 3700 3700 3223 3223 3223 3223 3223 3223 3223 3223 3223 3223 3223 3223 3223 3223 3223 3223 3223 3447 3447 3447 3447 3447 3447 3447 3447 3447 3447 3447 3447 3447 3447 3447 3447 3447 3447
3584 3584 3584 3584 3584 3700 3700 3700 3700 3700 3700 3700 3700 3700 3700 3700 3700 3700 3700 3700 3700 3700 3700 3700 3700 3700 3700 3700 3700 3700 3700 3223 3223 3223 3223 3223 3223 3223 3223 3223 3223 3223 3223 3223 3223 3223 3223 3223 3447 3447 3447 3447 3447 3447 3447 3447 3447 3447 3447 3447 3447 3447 3447 3447 3447 3447
3584 3584 3584 3584 3584 3700 3700 3700 3700 3700 3700 3700 3700 3700 3700 3700 3700 3700 3700 3700 3700 3700 3700 3700 3700 3700 3700 3700 3700 3700 3223 3223 3223 3223 3223 3223 3223 3700 3700 3700 3700 3223 3223 3223 3223 3223 3223 3223 3447 3447 3447 3447 3447 3447 3447 3447 3447 3447 3447 3447 3447 3447 3447 3447 3447 3447
3584 3584 3584 3584 3584 3700 3700 3700 3700 3700 3700 3700 3700 3700 3700 3700 3700 3700 3700 3700 3700 3700 3700 3700 3700 3700 3700 3700 3700 3700 3700 3700 3223 3700 3700 3223 3700 3700 3700 3700 3700 3700 3700 3700 3700 3700 3700 3700 3700 3447 3447 3447 3447 3447 3700 3447 3447 3447 3447 3447 3447 3447 3447 3447 3447 3447
3584 3584 3584 3584 3584 3700 3700 3700 3700 3700 3700 3700 3700 3700 3700 3700 3700 3700 3700 3700 3700 3700 3700 3700 3700 3700 3700 3700 3700 3700 3700 3700 3700 3700 3700 3700 3700 3700 3700 3700 3700 3700 3700 3700 3700 3700 3700 3700 3700 3700 3447 3447 3447 3700 3700 3700 3447 3447 3447 3447 3447 3447 3447 3447 3447 3447
3584 3584 3584 3584 3584 3700 3700 3700 3700 3700 3700 3700 3700 3700 3700 3700 3700 3700 3700 3700 3700 3700 3700 3700 3700 3700 3700 3700 3700 3700 3700 3700 3700 3700 3700 3700 3700 3700 3700 3700 3700 3700 3700 3700 3700 3700 3700 3700 3700 3700 3700 3700 3700 3700 3700 3700 3700 3447 3447 3447 3447 3447 3447 3447 3447 3447
3584 3584 3584 3584 3584 3700 3700 3700 3700 3700 3700 3700 3700 3700 3700 3700 3700 3700 3700 3700 3700 3700 3700 3700 3700 3700 3700 3700 3700 3700 3700 3700 3700 3700 3700 3700 3700 3700 3700 3700 3700 3700 3700 3700 3700 3700 3700 3700 3700 3700 3700 3700 3700 3700 3700 3700 3700 3700 3447 3447 3447 3447 3447 3447 3447 3379
3584 3584 3584 3584 3584 3700 3700 3700 3700 3700 3700 3700 3700 3700 3700 3700 3700 3700 3700 3700 3700 3700 3700 3700 3700 3700 3700 3700 3700 3700 3700 3700 3700 3700 3700 3700 3700 3700 3700 3700 3700 3700 3700 3700 3700 3700 3700 3700 3700 3700 3700 3700 3700 3700 3700 3700 3700 3700 3447 3447 3447 3447 3447 3447 3447 3447
3584 3584 3584 3584 3584 3700 3700 3700 3700 3700 3700 3700 3700 3700 3700 3700 3700 3700 3700 3700 3700 3700 3700 3700 3700 3700 3700 3700 3700 3700 3700 3700 3700 3700 3700 3700 3700 3700 3700 3700 3700 3700 3700 3700 3700 3700 3700 3700 3700 3700 3700 3700 3700 3700 3700 3700 3700 3700 3700 3447 3447 3447 3447 3447 3447 3447
