Prepped_data/Covariate_Data/All_data/0.5deg/Palaeo/teyep_DEM_0.5.asc
NCOLS 720 
NROWS 360 
XLLCORNER -180 
YLLCORNER -90 
CELLSIZE 0.5 
NODATA_value -9999 
[rows 138 to 160 of 360, columns 255 to 305 of 720]
-2809.9999998468 -1419.99999997985 -969.999999983458 -719.999999992025 -2200.00000002065 -3310.00000001918 -1069.99999994693 -790.000000045463 -2200.00000006556 -4110.00000001178 -5000.00000001057 -5100.00000000201 -5019.99999999696 -4789.99999999722 -4599.99999999387 -4520.00000000811 -4850.00000001149 -4900.00000000252 -4920 -4869.9999999997 -4870.00000000282 -4800.00000000314 -4759.99999999684 -4769.99999999968 -4720 -4649.99999999966 -4639.9999999968 -4569.99999999965 -4509.99999999965 -4409.99999999964 -4339.99999999675 -4179.99999999422 -4130.00000000616 -4030.00000000542 -4040.00000001007 -3799.9999999827 -3690.00000000623 -3140.00000000423 -3390.00000000626 -3630.00000001132 -3980.00000001175 -4170.0000000038 -4229.99999999122 -4290.00000001905 -4399.99999999585 -4289.99999999362 -4480.00000001119 -4490.00000000986 -4560.00000000345 -4549.99999999355 -4570.00000000048
-4989.99999999479 -4009.99999995222 -1809.99999991286 -1360.00000004979 -1980.00000002138 -2620.00000000798 -2269.99999999149 -1069.99999997075 -720.000000001529 -3300.0000000406 -3230.00000001484 -4880.00000000303 -4889.99999999973 -4859.99999999695 -4519.99999999443 -4480.00000000866 -4660.00000000559 -4800.0000000087 -4790.00000000281 -4830.0000000022 -4840.00000000251 -4780.00000000565 -4739.99999999684 -4729.99999999967 -4630.00000000853 -4569.99999999647 -4549.99999999896 -4510.00000000035 -4439.99999999678 -4380.00000000251 -4260.00000000501 -4250.00000000614 -4050.00000000365 -3919.99999999267 -3759.99999998339 -3629.99999998981 -3149.99999999297 -3239.99999999918 -2919.99999999832 -3320.00000000501 -3510.00000003392 -3869.99999999369 -4180.00000000163 -4170.00000000723 -4329.99999999203 -4449.99999999726 -4409.99999999611 -4570.00000000297 -4610.00000000298 -4640.00000000346 -4639.99999999402
-5040 -5019.99999999958 -4679.99999996084 -3269.9999999547 -1579.99999990154 -429.999999989319 -500.0000000309 -1070.00000006806 -1960.00000003793 -3199.99999998048 -500.000000062624 -3570.00000005302 -4700.00000001661 -4680.00000000804 -4530.00000000278 -4400.00000000058 -4519.99999999941 -4600.0000000031 -4529.99999999969 -4590.0000000078 -4620.00000000812 -4700.00000000878 -4660.0000000025 -4570.00000000283 -4569.99999999966 -4520 -4450.00000000214 -4409.99999999964 -4360 -4340.00000000573 -4200 -4110.00000000537 -4009.99999999135 -3850.00000001365 -3819.9999999966 -3310.00000003424 -3219.99999998838 -2609.99999999875 -2880.00000000998 -3040.00000002843 -3259.99999998915 -3359.99999999987 -3790.0000000122 -4090.00000001562 -4269.99999999364 -4379.99999999658 -4409.9999999986 -4540.00000000094 -4569.99999999703 -4590.00000000048 -4630.00000000298
-5019.99999999461 -5029.99999999978 -5010.00000000022 -4980.00000000045 -4469.99999994775 -3069.99999997349 -2609.99999997891 -1169.99999991824 -790.000000029701 -2780.00000003935 -1739.99999998138 -2650.00000000281 -4320.00000002514 -4530.00000000028 -4489.99999999723 -4459.99999998391 -4499.99999999443 -4480.00000000248 -4370.00000000839 -4330.0000000028 -4350.00000001339 -4360.00000000314 -4360.00000000248 -4459.99999999932 -4429.99999999786 -4380.00000000567 -4299.99999999857 -4340.00000000176 -4130.00000000211 -4120.00000000173 -4060.00000000248 -3889.99999999542 -3809.99999999059 -3640.00000001471 -3319.99999998522 -3270.00000000041 -2839.99999999752 -2829.99999999461 -2729.99999999872 -3060.0000000041 -3080.00000000672 -3260 -3480.00000000338 -3770.00000000882 -4110.00000001224 -4290.00000000885 -4440 -4520.00000000344 -4530.00000000642 -4570.00000000546 -4629.99999999702
-5040 -5040 -5010.00000000315 -5019.99999999412 -5030.00000000223 -4999.99999999704 -4299.99999994507 -3129.99999997843 -2589.99999997644 -1640.00000005693 -3000.00000003156 -2279.99999990541 -4569.9999999647 -5029.99999997877 -4929.99999996213 -4829.99999998854 -4779.99999999814 -4719.99999999505 -4509.99999998668 -4319.99999999376 -4120.00000000247 -4130.00000000956 -4109.9999999913 -4189.99999999896 -4189.99999999647 -4280 -4330.00000000851 -4139.99999999827 -4230.00000000457 -4029.99999999144 -3950.00000000456 -3749.99999999961 -3580.00000000821 -3299.99999999021 -3260.00000000493 -2849.99999999381 -3140.00000000494 -2960.00000000836 -2959.99999999666 -2940.0000000118 -3029.99999999956 -2919.99999998899 -3310.0000000054 -3420.00000001173 -3810.00000001222 -4030.00000001225 -4260.00000000247 -4420.00000000441 -4510.00000000641 -4530.00000000544 -4560
-5030.00000000022 -5030.00000000023 -5009.99999999777 -5040.00000000294 -5039.99999999951 -5030.00000000025 -5030.00000000026 -4959.99999999455 -4819.99999997132 -4639.99999997593 -4959.99999999508 -5030.00000000028 -5040 -5480.00000002146 -5609.99999999724 -5590.00000000277 -5580.00000000062 -5499.9999999846 -5329.99999999475 -4719.99999996602 -4109.99999998176 -4099.99999998072 -4019.99999999931 -4149.99999999402 -3990.00000000846 -4119.99999999754 -4120.00000000886 -4059.99999999679 -3919.99999999678 -3859.99999999676 -3669.99999999312 -3529.99999997919 -3239.99999999919 -2880.00000000492 -3049.9999999971 -3210.00000000366 -3259.99999999508 -3259.99999999754 -3149.99999999956 -3219.99999999419 -3290.00000000627 -3089.99999999617 -3049.99999998907 -3359.99999999787 -3710.00000000293 -3840.00000000683 -4110.00000000294 -4290.00000001671 -4360.00000000591 -4509.99999999258 -4490.00000000543
-5009.99999999687 -5019.99999999463 -5029.99999999731 -5020 -5029.99999999975 -5020.00000000245 -5020 -5020.00000000543 -5040 -5029.99999999482 -4790.00000000195 -5020.00000000548 -5009.9999999997 -5009.99999999725 -5000.00000000613 -5030.00000000276 -5029.99999999723 -5390.00000003296 -5590.00000000278 -5540.00000000423 -5329.99999997026 -4729.99999996013 -4479.99999997828 -4229.99999998667 -4080.00000000708 -3909.9999999908 -3960.0000000049 -3980.00000000245 -3819.99999999678 -3629.99999999961 -3569.9999999947 -3220.00000000164 -3100.00000001225 -2960.00000000245 -2960.00000000987 -3249.99999999872 -3289.99999999957 -3400.00000000245 -3400.00000000579 -3319.9999999942 -3229.99999999374 -3269.99999998208 -3379.99999999662 -3569.99999999708 -3460.00000000095 -3650.00000000293 -3860.00000000245 -4170.00000000883 -4300.00000001425 -4339.99999999409 -4400
-5030.00000000023 -5040 -5040 -5019.99999999756 -5040.00000000244 -5030.0000000027 -5019.99999999703 -5050.00000000027 -5029.99999999728 -5029.99999999728 -5030.00000000273 -5020 -5030.00000000274 -5010.00000000031 -5029.99999999969 -5020.00000000308 -5029.99999999724 -5019.9999999969 -5030.00000000034 -5029.9999999941 -5029.99999999722 -4959.99999999024 -5129.99999997382 -4939.99999999341 -4239.99999999268 -3960.00000000244 -3860.00000000168 -3769.99999999961 -3590.00000001093 -3500.00000000164 -3200.00000000488 -2819.99999998779 -2760.00000001058 -2759.99999999832 -2899.99999999756 -3150.00000000861 -3189.99999999556 -3439.99999999424 -3409.99999999467 -3510.00000000136 -3499.99999999512 -3479.99999999756 -3509.99999998207 -3450.00000000048 -3530.00000000195 -3610.00000001854 -3810.00000001565 -3980.000000001 -4180.00000000589 -4270.0000000009 -4249.99999999948
-5040 -5030.00000000024 -5030.00000000025 -5019.99999999949 -5030.00000000269 -5020.00000000296 -5000.00000000297 -5000.00000000298 -5040.00000000243 -5020.00000000543 -5019.99999999941 -5010.00000000273 -5020.00000000304 -5029.99999999969 -5020.00000000306 -5040 -5040 -5029.99999999966 -5009.99999999966 -5030.00000000277 -5019.99999999687 -5010.00000000278 -5000 -4989.99999999963 -4939.99999999439 -4309.99999998915 -3619.99999997826 -3169.99999999797 -3149.99999999232 -3060.00000000728 -2800.00000000485 -2849.99999997519 -2720.00000000896 -2920.00000001069 -2869.99999998986 -3150.00000000286 -3289.9999999989 -3270.00000000288 -3420.00000000667 -3490.00000000289 -3669.99999999953 -3659.99999999083 -3539.99999999419 -3640 -3640.00000000098 -3719.99999999658 -3830.00000000393 -3820.00000000101 -3959.9999999986 -4070.00000000052 -4079.99999999757
-5019.99999999951 -5029.99999999975 -5020.00000000051 -5039.99999999706 -5030.00000000027 -4999.99999999462 -5040 -5029.9999999973 -5020.000000003 -5020 -5020.00000000302 -5029.99999999969 -5029.99999999969 -5020.00000000064 -5040 -5029.99999999418 -5030.00000000275 -5040 -5020 -5009.99999999411 -5009.99999999409 -5019.99999999686 -4999.99999999685 -4989.99999999962 -4979.99999999924 -4899.99999999121 -4509.99999997231 -3769.99999997948 -3349.99999998993 -2990.00000000364 -3190.00000001423 -2849.999999977 -2729.99999998252 -3050.00000000854 -3089.99999999715 -3290.00000000222 -3320 -3369.99999999713 -3310.00000000046 -3469.99999999953 -3530.0000000053 -3620.00000000483 -3669.99999999952 -3590.0000000029 -3650.00000000972 -3559.99999999034 -3740.00000000826 -3810.00000000153 -3900.00000000345 -3919.99999999758 -3930.00000000189
-5040 -5020 -5029.99999999974 -5040 -5019.99999999464 -5019.99999999704 -5010.00000000566 -5019.9999999976 -5030.0000000027 -5030.00000000271 -5040 -5029.99999999969 -5040 -5020.00000000305 -5029.99999999727 -5030.00000000274 -5020 -5030.00000000585 -5020.0000000007 -5029.99999999724 -4989.99999999964 -5000 -4989.99999999482 -4969.99999999962 -4960 -4960 -4749.999999994 -4570.00000000361 -4349.9999999867 -3350.00000000041 -3120.00000001034 -3259.99999999349 -2959.99999997885 -3129.99999999475 -3249.99999999867 -3319.9999999991 -3410.00000000526 -3330.00000000859 -3270.00000000007 -3200.00000003117 -3610.00000000143 -3430.00000000289 -3630.00000001732 -3659.99999999519 -3569.9999999975 -3669.9999999957 -3600.00000000481 -3800 -3710.00000000052 -3700.00000000481 -3680.0000000024
-5009.99999999684 -5030.00000000265 -5019.99999999947 -5019.99999999467 -5020 -5020 -5019.99999999463 -5030.00000000269 -5040 -5040 -5040 -5029.99999999729 -5030.00000000272 -5030.00000000033 -5019.99999999933 -5029.99999999795 -5030.00000000035 -5019.99999999929 -5009.99999999796 -5040 -5020.00000000074 -5000 -5000 -4979.99999999205 -4960 -4950.00000000598 -4939.99999999441 -4340.00000000636 -3889.99999997942 -3580 -3309.99999999393 -3229.99999999631 -2839.99999998278 -3180.00000000833 -3340.0000000015 -3319.99999999761 -3360 -3470.00000000286 -3459.99999999761 -3489.99999999665 -3440.00000001339 -3589.99999999472 -3599.99999999662 -3610.00000000289 -3589.99999999609 -3620.0000000082 -3580.00000000479 -3510.00000000052 -3430.00000000531 -3480 -3440.00000000479
-5020.00000000529 -5029.99999999735 -5029.99999999973 -5040 -5040 -5020.00000000238 -5040 -5029.9999999997 -5009.99999999731 -5040 -5019.99999999936 -5020.00000000303 -5040 -5010.00000000272 -5019.99999999694 -5020.00000000546 -5040 -5030.00000000202 -5050.00000000274 -5010.00000000275 -4980.00000000075 -5000 -5000.00000000476 -4960 -4960 -4920.00000000795 -4840.00000000082 -4559.99999999358 -3779.99999999678 -3369.99999998425 -3429.99999998831 -3260.00000000413 -2880.00000001989 -3330.00000001326 -3489.99999999149 -3580.0000000066 -3629.99999999995 -3639.99999999524 -3619.99999998618 -3740 -3690.00000000287 -3500.00000000436 -3560 -3599.99999998845 -3499.99999999762 -3600.00000000683 -3490.00000000052 -3390.00000000053 -3349.99999998887 -3320.00000000476 -3250.00000000293
-5019.9999999971 -5019.99999999417 -5040 -5020.00000000057 -5039.99999999942 -5029.9999999997 -5040 -5029.99999999732 -5030.00000000268 -5040 -5010.0000000027 -5030.0000000027 -5030.0000000027 -5030.00000000271 -5030.00000000272 -5040 -5040 -5029.99999999727 -5029.99999999726 -5019.99999999763 -5019.99999999924 -5010.00000000198 -4969.99999999961 -4969.99999999723 -4960 -4910.00000000041 -4960 -4699.99999997125 -3200.00000000237 -3450.00000002112 -3550.00000000518 -3289.99999999156 -3339.9999999736 -3650.00000000282 -3639.99999999052 -3620.00000000991 -3719.99999999526 -3789.99999999478 -3860.00000000237 -3819.99999999428 -3769.99999999042 -3780.00000000137 -3759.99999999425 -3770.00000000288 -3709.99999999948 -3679.99999999526 -3549.99999999947 -3369.99999999603 -3260.00000000129 -3030.00000000529 -3070.00000000182
-5029.99999999973 -5030.00000000028 -5029.99999999736 -5030.00000000029 -5029.9999999944 -5030.0000000003 -5029.99999999969 -5029.99999999733 -5029.99999999968 -5019.99999999463 -5009.99999999731 -5019.99999999933 -5040 -5040 -5030.00000000035 -5040 -5040 -5029.99999999727 -5020.00000000075 -5030.00000000038 -4980.00000000313 -4999.99999999686 -4989.99999999724 -4990.00000000196 -4960 -4900 -4960 -4679.99999995995 -3710.00000000814 -3840.0000000097 -3880.00000000885 -3679.99999999259 -3590.00000000699 -3849.9999999981 -3919.99999999435 -3950.00000000047 -3899.9999999986 -3929.99999999383 -3929.99999999146 -3939.99999999429 -3769.99999999914 -3870.00000000286 -3880.00000000574 -3890.00000000391 -3780 -3640.00000000106 -3579.99999999764 -3369.99999998914 -2269.99999997639 -2320.00000004075 -2960.00000000236
-5029.99999999972 -5040 -5040 -5020.00000000059 -5010.00000000265 -5040 -5009.99999999796 -5050.00000000565 -5019.999999997 -5019.99999999699 -5039.99999999463 -5020 -5019.99999999765 -5029.99999999965 -5040 -5049.99999999964 -5019.99999999691 -5009.99999999728 -5019.99999999689 -5030.00000000273 -5030.00000000274 -5009.99999999646 -4989.99999999725 -4969.99999999724 -4960 -4929.99999999404 -4970.00000000043 -4429.99999998907 -3809.99999999487 -3649.99999999017 -3740.00000000559 -3560.00000001954 -4069.99999999903 -3989.99999999156 -4149.99999999624 -4190.00000000143 -4110.00000000145 -4170.00000000284 -4119.99999999864 -4119.9999999933 -4060.00000000336 -4029.9999999857 -4020 -3960.00000000339 -3929.99999999841 -3889.99999999712 -3809.99999999711 -3549.99999999023 -2659.99999995486 -1870.00000000649 -2610.00000000535
-5040 -5040 -5029.9999999997 -5040 -5010.00000000031 -5040 -5020.00000000531 -5029.99999999734 -5019.99999999467 -5029.99999999966 -5030.00000000268 -5030.00000000035 -5019.99999999929 -5030.00000000269 -5019.99999999927 -5020.00000000308 -5019.99999999691 -5040 -5029.99999999961 -5010.00000000273 -5019.99999999687 -5000 -4989.99999999959 -4999.99999999683 -4969.99999999958 -4909.99999999724 -4960 -4159.9999999927 -3280 -3460.00000000234 -3369.99999998241 -3659.99999999391 -3859.99999998319 -4150.00000001732 -4279.99999998216 -4239.99999999436 -4299.99999999902 -4349.9999999925 -4319.99999999199 -4199.99999999766 -4150.00000000285 -4140.00000000234 -4119.99999999895 -4109.99999999713 -3950.00000000501 -3900.00000000108 -3900.00000000576 -3749.99999999588 -3429.99999998553 -3119.9999999814 -1249.99999994708
-5019.9999999971 -5019.99999999476 -5030.0000000003 -4999.99999999767 -5029.99999999736 -5030.00000000032 -5040 -5030.00000000265 -5010.00000000033 -5020 -5010.00000000035 -5020.00000000536 -5029.99999999964 -5029.99999999964 -5029.99999999731 -5029.99999999963 -5030.00000000038 -5040 -5020 -5040 -5029.99999999727 -5019.99999999371 -5029.99999999959 -4970.00000000042 -4960 -4919.99999999914 -4979.9999999968 -4329.99999995138 -3340.00000000787 -3219.99999999626 -3219.99999998513 -3840.00000000697 -3960.00000000886 -4030.00000000841 -4189.99999999952 -4310.00000000514 -4439.99999999436 -4299.9999999887 -4350.00000001183 -4329.99999999949 -4360.00000000232 -4239.99999999768 -4170.00000000285 -4189.99999999947 -4019.99999999427 -3919.99999999644 -3850.00000000863 -3740 -3639.9999999988 -3489.99999998553 -3239.99999999188
-5019.99999999941 -5040.00000000231 -5029.99999999738 -5000 -5040 -5029.99999999968 -5040 -5020.00000000067 -5030.00000000265 -5030.00000000266 -5030.00000000267 -5009.99999999964 -5030.00000000268 -5020.00000000074 -5010.00000000575 -5040 -5019.99999999691 -5010.00000000502 -5029.9999999996 -5030.00000000272 -5010.0000000019 -4999.99999999686 -4990.00000000042 -5000 -4960 -4869.99999999637 -4439.99999999734 -3680.00000000193 -3460.00000000785 -3490.00000001156 -3529.99999999629 -3919.99999999906 -3940.00000000749 -4089.9999999972 -4299.99999999769 -4330.00000000512 -4199.99999999337 -4430.0000000141 -4530.00000000051 -4310.00000000618 -4370.00000000179 -4360.00000000568 -4370.00000000178 -4209.99999999144 -4139.9999999966 -4040 -3920 -3719.99999999193 -3430.0000000052 -3520.00000000463 -3370.00000000405
-5029.9999999974 -5029.99999999969 -5009.99999999739 -5019.99999999936 -5020.00000000525 -5009.99999999737 -5040 -5030.00000000034 -5030.00000000035 -5019.99999999929 -5040 -5029.99999999733 -5029.99999999733 -5029.99999999963 -5030.00000000268 -5029.99999999961 -5030.00000000039 -5019.9999999946 -5030.00000000271 -5040 -5020.0000000023 -4990.00000000272 -4979.99999999915 -4990.00000000043 -4960 -4739.99999998724 -3509.9999999949 -2960.00000001654 -3340.00000000783 -3149.99999997509 -3380.00000001611 -3840.00000000135 -3940.00000000884 -4029.99999999197 -4220.00000001119 -4270.00000002192 -4350.00000000612 -4400.00000000102 -4469.99999999948 -4490.00000000282 -4459.99999999664 -4290.00000000284 -4320.0000000023 -4240 -4169.99999999264 -4129.99999999714 -3949.99999999826 -3669.99999998337 -2329.99999997988 -2480.00000000351 -1869.99999998084
-5029.99999999969 -5029.9999999974 -5030.00000000261 -5029.99999999739 -4999.99999999476 -5030.00000000034 -5029.99999999966 -5020.00000000069 -5030.00000000264 -5019.9999999947 -5030.00000000265 -5020.00000000074 -5030.00000000037 -5019.99999999466 -5020 -5020.00000000078 -5039.99999999462 -5019.9999999969 -5030.0000000027 -5040 -5040 -5020.00000000458 -5029.99999999728 -4999.99999999771 -4960 -4659.99999998316 -2339.99999996069 -2970.00000000275 -3370.00000000505 -3260.00000000782 -3420.00000001432 -3210.00000001194 -3470.00000000147 -4150.0000000208 -4180.00000000887 -4269.99999999592 -4380.0000000135 -4420.00000000436 -4440.00000000105 -4429.99999999718 -4379.99999999664 -4350.00000000054 -4409.9999999904 -4299.99999999431 -4149.99999999604 -4080 -4000 -3920 -3799.99999999655 -3579.9999999862 -3209.99999994872
-4060.00000005721 -4830.00000002539 -5020.00000000228 -5040 -4990.00000000194 -4849.99999999761 -4470.00000002037 -4090.00000003313 -4190.00000004282 -4460.00000004394 -4950.00000000265 -5020.00000000303 -5029.99999999734 -5030.00000000267 -5030.00000000039 -5020.00000000308 -5000 -5030.00000000269 -5030.00000000041 -5040.00000000228 -5020.00000000228 -5000.00000000228 -5009.99999999956 -4980 -4960 -4359.99999992665 -2479.99999996848 -2790.00000001518 -3039.99999999583 -3100 -2990.00000000048 -3059.99999999772 -3260.00000000555 -3510.0000000139 -3790.00000002076 -4340.00000000456 -4289.99999999824 -4409.99999999159 -4410.00000000509 -4429.99999998928 -4420.00000000228 -4420 -4470.00000000055 -4299.99999999316 -4259.99999999884 -4179.99999999772 -4059.99999999657 -3979.99999999428 -3799.99999999655 -3799.99999999654 -3579.9999999886
-2710.00000001166 -2920.00000002074 -1710.00000003076 -1180.00000002881 -770.000000010317 -1300.00000010187 -2930.00000000645 -2750.00000000119 -2760.0000000068 -2780.00000001208 -3030.0000000102 -4060.00000006053 -4980.00000000984 -5040.00000000532 -5030.00000000267 -5030.0000000004 -5029.99999999959 -5040 -5010.0000000058 -5020.00000000085 -5040 -5009.99999999729 -4989.99999999956 -5000 -4960 -3119.99999996131 -2389.99999997726 -2320.00000001927 -2940.00000000095 -3019.99999999807 -2980.00000000747 -2910.00000000177 -3080.00000000654 -3370.00000000051 -3510.00000003409 -3430.0000000197 -3980.0000000068 -4100.00000001119 -4350.00000000387 -4469.99999999827 -4430.00000000281 -4430.00000000282 -4399.99999999208 -4350.00000000283 -4360 -4259.9999999932 -4149.99999999372 -4059.9999999932 -4030.00000000513 -3880 -3939.9999999932
