Prepped_data/Covariate_Data/All_data/0.5deg/Palaeo/teyen_sed_0.5.asc
NCOLS 720 
NROWS 180 
XLLCORNER -180 
YLLCORNER 0 
CELLSIZE 0.5 
NODATA_value -3.4e+38 
[rows 29 to 57 of 180, columns 330 to 395 of 720]
917 917 713 713 917 917 917 917 917 917 917 917 917 917 917 917 917 714 917 728 728 729 730 766 766 724 724 767 767 -3.4e+38 -3.4e+38 -3.4e+38 -3.4e+38 -3.4e+38 -3.4e+38 -3.4e+38 -3.4e+38 -3.4e+38 -3.4e+38 -3.4e+38 -3.4e+38 -3.4e+38 -3.4e+38 -3.4e+38 -3.4e+38 -3.4e+38 -3.4e+38 -3.4e+38 -3.4e+38 -3.4e+38 -3.4e+38 -3.4e+38 -3.4e+38 -3.4e+38 -3.4e+38 -3.4e+38 -3.4e+38 -3.4e+38 -3.4e+38 -3.4e+38 -3.4e+38 -3.4e+38 -3.4e+38 -3.4e+38 -3.4e+38 -3.4e+38
917 917 917 917 917 917 917 917 917 917 917 917 917 917 917 917 917 917 917 917 917 766 766 767 767 767 767 767 767 798 735 759 761 -3.4e+38 -3.4e+38 -3.4e+38 -3.4e+38 -3.4e+38 -3.4e+38 -3.4e+38 -3.4e+38 -3.4e+38 -3.4e+38 -3.4e+38 -3.4e+38 -3.4e+38 -3.4e+38 -3.4e+38 -3.4e+38 -3.4e+38 -3.4e+38 -3.4e+38 -3.4e+38 -3.4e+38 -3.4e+38 -3.4e+38 -3.4e+38 -3.4e+38 -3.4e+38 -3.4e+38 -3.4e+38 -3.4e+38 -3.4e+38 -3.4e+38 -3.4e+38 -3.4e+38
917 917 917 917 917 917 917 917 917 917 917 917 917 917 917 917 917 917 917 917 927 927 927 927 927 927 927 1048 880 798 819 799 785 -3.4e+38 -3.4e+38 -3.4e+38 -3.4e+38 829 -3.4e+38 -3.4e+38 -3.4e+38 -3.4e+38 -3.4e+38 -3.4e+38 -3.4e+38 -3.4e+38 -3.4e+38 -3.4e+38 -3.4e+38 -3.4e+38 -3.4e+38 -3.4e+38 -3.4e+38 -3.4e+38 -3.4e+38 -3.4e+38 -3.4e+38 -3.4e+38 -3.4e+38 -3.4e+38 -3.4e+38 -3.4e+38 -3.4e+38 -3.4e+38 -3.4e+38 -3.4e+38
917 917 917 917 917 979 982 1012 1012 917 917 917 917 917 917 917 917 917 927 927 927 927 927 927 927 927 1048 1048 880 880 -3.4e+38 -3.4e+38 -3.4e+38 -3.4e+38 -3.4e+38 -3.4e+38 854 854 841 842 844 832 821 -3.4e+38 -3.4e+38 -3.4e+38 -3.4e+38 -3.4e+38 -3.4e+38 -3.4e+38 -3.4e+38 -3.4e+38 -3.4e+38 -3.4e+38 -3.4e+38 -3.4e+38 -3.4e+38 855 -3.4e+38 -3.4e+38 -3.4e+38 -3.4e+38 -3.4e+38 -3.4e+38 -3.4e+38 -3.4e+38
917 917 979 979 979 981 982 1012 1066 1066 1066 1013 1164 1164 1164 1088 1088 1088 1088 1088 1088 989 989 927 929 1048 1048 1185 895 1069 1069 1069 881 -3.4e+38 931 898 882 884 -3.4e+38 901 -3.4e+38 -3.4e+38 -3.4e+38 -3.4e+38 -3.4e+38 -3.4e+38 -3.4e+38 -3.4e+38 -3.4e+38 -3.4e+38 -3.4e+38 -3.4e+38 -3.4e+38 -3.4e+38 -3.4e+38 -3.4e+38 -3.4e+38 -3.4e+38 -3.4e+38 -3.4e+38 -3.4e+38 -3.4e+38 890 951 906 938
1145 1145 1064 1064 1064 981 -3.4e+38 1012 1066 1067 987 1014 1164 1164 1164 1088 1088 1088 1088 1088 1088 1088 989 -3.4e+38 -3.4e+38 -3.4e+38 1048 1185 1185 1069 1069 1069 1400 1400 991 -3.4e+38 -3.4e+38 -3.4e+38 -3.4e+38 -3.4e+38 -3.4e+38 -3.4e+38 -3.4e+38 -3.4e+38 -3.4e+38 -3.4e+38 -3.4e+38 -3.4e+38 -3.4e+38 963 964 1035 1036 965 994 995 1016 1092 -3.4e+38 -3.4e+38 -3.4e+38 967 968 998 1000 -3.4e+38
1145 1145 1064 1064 1064 -3.4e+38 -3.4e+38 -3.4e+38 1147 1067 -3.4e+38 -3.4e+38 1164 1164 1164 1164 1164 1165 1165 1165 1165 1088 -3.4e+38 -3.4e+38 -3.4e+38 -3.4e+38 1466 1466 1185 1185 1400 1400 1400 1400 1400 -3.4e+38 -3.4e+38 -3.4e+38 -3.4e+38 -3.4e+38 -3.4e+38 -3.4e+38 -3.4e+38 -3.4e+38 -3.4e+38 -3.4e+38 -3.4e+38 -3.4e+38 -3.4e+38 -3.4e+38 1090 1091 1186 1212 1212 1212 1212 1092 1106 1094 1107 -3.4e+38 -3.4e+38 -3.4e+38 -3.4e+38 -3.4e+38
1145 -3.4e+38 1277 1277 1277 2926 2926 2926 -3.4e+38 -3.4e+38 1149 1150 1278 1164 1164 1164 1165 1165 1165 1165 1165 1165 1181 1182 1184 1369 1466 1466 1185 1185 1400 1400 1400 1400 1230 1230 1279 1255 1166 1167 1231 1256 1257 1201 -3.4e+38 -3.4e+38 -3.4e+38 -3.4e+38 -3.4e+38 -3.4e+38 -3.4e+38 1172 1186 1212 1212 1212 1212 1260 1202 1157 1188 1173 1174 1261 1160 1203
1251 1252 1229 1277 1277 2926 2926 2926 -3.4e+38 1253 1289 1278 1278 1278 1368 1368 1368 1368 1368 1368 1368 1368 1368 1368 1369 1369 1466 1466 1466 1400 1400 1400 1400 1230 1230 1230 1279 1279 1255 1255 1231 1257 1290 1222 1264 1291 -3.4e+38 -3.4e+38 -3.4e+38 -3.4e+38 -3.4e+38 -3.4e+38 -3.4e+38 1223 1324 1324 1324 1260 1260 1233 1267 1270 1296 1261 1261 1261
2926 2926 2926 2926 2926 2926 2926 2926 1333 1319 2926 1289 2926 2926 2926 2926 1368 1368 1368 1368 1368 1368 1368 1368 1369 1369 1466 1466 1466 1400 1400 1400 1400 1673 1673 1673 1673 1673 1673 1673 1673 1673 1290 1673 1306 1334 -3.4e+38 1308 1321 -3.4e+38 -3.4e+38 1292 -3.4e+38 1324 1324 1324 1324 1294 -3.4e+38 -3.4e+38 -3.4e+38 1295 1347 1376 1360 -3.4e+38
2926 2926 2926 2926 2926 2926 2926 2926 2926 2926 2926 2926 2926 2926 2926 2926 2926 1368 1368 1368 1368 2926 1368 1368 1368 1369 1466 2926 1466 1400 1400 1400 1673 1673 1673 1673 1673 1673 1673 1673 1673 1673 1673 1673 1673 1673 1673 1352 1354 1356 1370 1371 -3.4e+38 -3.4e+38 -3.4e+38 1373 1403 1359 -3.4e+38 -3.4e+38 -3.4e+38 1375 1407 1376 -3.4e+38 -3.4e+38
1681 2926 2926 2926 2926 2926 2926 2926 2926 2926 2926 2926 2926 2926 2926 2926 2926 2926 2926 2926 2926 2926 2926 2926 2926 2926 2926 2926 2926 2926 1466 1673 1673 1673 1673 1673 1673 1673 1673 1673 1673 1673 1673 1673 1673 1673 1673 1673 1533 1428 1430 -3.4e+38 -3.4e+38 -3.4e+38 -3.4e+38 -3.4e+38 -3.4e+38 -3.4e+38 -3.4e+38 -3.4e+38 -3.4e+38 -3.4e+38 -3.4e+38 -3.4e+38 -3.4e+38 -3.4e+38
1681 2926 2926 2926 2926 2926 2926 2926 2926 2926 2926 2926 2926 2926 2926 2926 2926 2926 2926 2926 2926 2926 2926 2926 2926 2926 2926 2926 2926 2926 2926 1673 1673 1673 1673 1673 1673 1673 1673 1673 1673 1673 1673 1673 1673 1673 1532 1510 1533 -3.4e+38 -3.4e+38 -3.4e+38 -3.4e+38 -3.4e+38 -3.4e+38 -3.4e+38 -3.4e+38 -3.4e+38 -3.4e+38 -3.4e+38 -3.4e+38 -3.4e+38 -3.4e+38 -3.4e+38 -3.4e+38 -3.4e+38
1681 2926 2926 2926 2926 2926 2926 2926 2926 2926 2926 2926 2926 2926 2926 2926 2926 2926 2926 2926 2926 2926 2926 2926 2926 2926 2926 2926 2926 2926 2926 2926 1673 1673 2926 2926 1673 1673 1673 1673 1673 1673 1673 1673 1673 1689 1689 1636 1636 1590 1647 1565 -3.4e+38 -3.4e+38 -3.4e+38 -3.4e+38 -3.4e+38 -3.4e+38 -3.4e+38 -3.4e+38 -3.4e+38 -3.4e+38 -3.4e+38 -3.4e+38 -3.4e+38 -3.4e+38
1681 1681 2926 2926 2926 2926 2926 2926 2926 2926 2926 2926 2926 2926 2926 2926 2926 2926 2926 2926 2926 2926 2926 2926 2926 2926 2926 2926 2926 2926 2926 2926 2926 2926 2926 2926 2926 1673 1673 1673 1673 1756 1756 1689 1689 1689 1689 1645 1646 -3.4e+38 1659 -3.4e+38 -3.4e+38 1662 -3.4e+38 -3.4e+38 -3.4e+38 -3.4e+38 -3.4e+38 -3.4e+38 -3.4e+38 -3.4e+38 -3.4e+38 -3.4e+38 -3.4e+38 -3.4e+38
2926 2926 2926 2926 2926 2926 2926 2926 2926 2926 2926 2926 2926 2926 2926 2926 2926 2926 2926 2926 2926 2926 2926 2926 2926 2926 2926 2926 2926 2926 2926 2926 2926 2926 2926 2926 2092 2092 2092 2092 1756 1756 1756 1689 1701 -3.4e+38 -3.4e+38 1705 1707 1714 -3.4e+38 -3.4e+38 -3.4e+38 -3.4e+38 -3.4e+38 -3.4e+38 -3.4e+38 -3.4e+38 -3.4e+38 -3.4e+38 -3.4e+38 -3.4e+38 -3.4e+38 -3.4e+38 -3.4e+38 -3.4e+38
2926 2926 2926 2926 2926 2926 2926 2926 2926 2926 2926 2926 2926 2926 2926 2926 2926 2926 2926 2926 2926 2926 2926 2926 2926 2926 2926 2926 2926 2926 2926 2926 2926 2926 2092 2092 2092 2092 2092 2092 1756 1756 1756 1756 1731 -3.4e+38 -3.4e+38 1728 -3.4e+38 -3.4e+38 -3.4e+38 -3.4e+38 -3.4e+38 -3.4e+38 -3.4e+38 -3.4e+38 -3.4e+38 -3.4e+38 -3.4e+38 -3.4e+38 -3.4e+38 -3.4e+38 -3.4e+38 -3.4e+38 -3.4e+38 -3.4e+38
2926 2926 2926 2926 2926 2926 2926 2926 2926 2926 2926 2926 2926 2926 2926 2926 2926 2926 2926 2926 2926 2926 2926 2926 2926 2926 2926 2926 2926 2926 2926 2926 2926 2092 2092 2092 2092 2092 2092 2092 1805 1805 1773 -3.4e+38 -3.4e+38 -3.4e+38 -3.4e+38 -3.4e+38 -3.4e+38 -3.4e+38 -3.4e+38 -3.4e+38 -3.4e+38 -3.4e+38 -3.4e+38 -3.4e+38 -3.4e+38 -3.4e+38 -3.4e+38 -3.4e+38 -3.4e+38 -3.4e+38 -3.4e+38 -3.4e+38 -3.4e+38 -3.4e+38
2926 2926 2926 2926 2926 2926 2926 2926 2926 2926 2926 2926 2926 2926 2926 2926 2926 2926 2926 2926 2926 2926 2926 2926 2926 2926 2926 2926 2926 2926 2926 2926 2926 2092 2092 2092 2092 2092 2092 2092 2092 1805 1806 -3.4e+38 -3.4e+38 -3.4e+38 -3.4e+38 -3.4e+38 -3.4e+38 -3.4e+38 -3.4e+38 -3.4e+38 -3.4e+38 -3.4e+38 -3.4e+38 -3.4e+38 -3.4e+38 -3.4e+38 -3.4e+38 -3.4e+38 -3.4e+38 -3.4e+38 -3.4e+38 -3.4e+38 -3.4e+38 -3.4e+38
2926 2926 2926 2926 2926 2926 2926 2926 2926 2926 2926 2926 2926 2926 2926 2926 2926 2926 2926 2926 2926 2926 2926 2926 2926 2926 2926 2926 2926 2926 2926 2926 2926 2926 2092 2092 2092 2092 2092 2092 2092 -3.4e+38 -3.4e+38 -3.4e+38 -3.4e+38 -3.4e+38 -3.4e+38 -3.4e+38 -3.4e+38 -3.4e+38 -3.4e+38 -3.4e+38 -3.4e+38 -3.4e+38 -3.4e+38 -3.4e+38 -3.4e+38 -3.4e+38 -3.4e+38 -3.4e+38 -3.4e+38 -3.4e+38 -3.4e+38 -3.4e+38 -3.4e+38 -3.4e+38
2926 2926 2926 2926 2926 2926 2926 2926 2926 2926 2926 2926 2926 2926 2926 2926 2926 2926 2926 2926 2926 2926 2926 2926 2926 2926 2926 2926 2926 2926 2926 2926 2926 2092 2092 2092 2092 2093 2092 1980 1980 -3.4e+38 -3.4e+38 -3.4e+38 -3.4e+38 -3.4e+38 -3.4e+38 -3.4e+38 -3.4e+38 -3.4e+38 -3.4e+38 -3.4e+38 -3.4e+38 -3.4e+38 -3.4e+38 -3.4e+38 -3.4e+38 -3.4e+38 -3.4e+38 -3.4e+38 -3.4e+38 -3.4e+38 -3.4e+38 -3.4e+38 -3.4e+38 -3.4e+38
2926 2926 2926 2926 2926 2926 2926 2926 2926 2926 2926 2926 2926 2926 2926 2926 2926 2926 2926 2926 2926 2926 2926 2926 2926 2926 2926 2926 2926 2926 2926 2926 2926 2092 2092 2092 2135 2135 2093 2062 2033 -3.4e+38 -3.4e+38 -3.4e+38 -3.4e+38 -3.4e+38 -3.4e+38 -3.4e+38 -3.4e+38 -3.4e+38 -3.4e+38 -3.4e+38 -3.4e+38 -3.4e+38 -3.4e+38 -3.4e+38 -3.4e+38 -3.4e+38 -3.4e+38 -3.4e+38 -3.4e+38 -3.4e+38 -3.4e+38 -3.4e+38 -3.4e+38 -3.4e+38
2926 2926 2926 2926 2926 2926 2926 2926 2926 2926 2926 2926 2926 2926 2926 2926 2926 2926 2926 2926 2926 2926 2926 2926 2926 2926 2926 2926 2366 2366 2366 2366 2366 2366 2366 2191 2135 2191 2135 -3.4e+38 -3.4e+38 -3.4e+38 -3.4e+38 -3.4e+38 -3.4e+38 -3.4e+38 -3.4e+38 -3.4e+38 -3.4e+38 -3.4e+38 -3.4e+38 -3.4e+38 -3.4e+38 -3.4e+38 -3.4e+38 -3.4e+38 -3.4e+38 -3.4e+38 -3.4e+38 -3.4e+38 -3.4e+38 -3.4e+38 -3.4e+38 -3.4e+38 -3.4e+38 -3.4e+38
2926 2926 2926 2926 2926 2926 2926 2926 2926 2926 2926 2926 2926 2926 2926 2926 2926 2926 2926 2926 2926 2926 2926 2926 2926 2926 2926 2926 2366 2366 2366 2366 2366 2366 2366 2270 2245 2245 2191 -3.4e+38 -3.4e+38 -3.4e+38 -3.4e+38 -3.4e+38 -3.4e+38 -3.4e+38 -3.4e+38 -3.4e+38 -3.4e+38 -3.4e+38 -3.4e+38 -3.4e+38 -3.4e+38 -3.4e+38 -3.4e+38 -3.4e+38 -3.4e+38 -3.4e+38 -3.4e+38 -3.4e+38 -3.4e+38 -3.4e+38 -3.4e+38 -3.4e+38 -3.4e+38 -3.4e+38
2926 2926 2926 2926 2926 2926 2926 2926 2926 2926 2926 2926 2926 2926 2926 2926 2926 2926 2926 2926 2926 2926 2926 2926 2926 2926 2926 2926 2926 2366 2366 2366 2504 2366 2366 2366 2366 -3.4e+38 2285 -3.4e+38 -3.4e+38 -3.4e+38 -3.4e+38 -3.4e+38 -3.4e+38 -3.4e+38 -3.4e+38 -3.4e+38 -3.4e+38 -3.4e+38 -3.4e+38 -3.4e+38 -3.4e+38 -3.4e+38 -3.4e+38 -3.4e+38 -3.4e+38 -3.4e+38 -3.4e+38 -3.4e+38 -3.4e+38 -3.4e+38 -3.4e+38 -3.4e+38 -3.4e+38 -3.4e+38
2926 2926 2926 2926 2926 2926 2926 2926 2926 2926 2926 2926 2926 2926 2926 2926 2926 2926 2926 2926 2926 2926 2926 2926 2926 2926 2926 2592 2592 2592 2559 2559 2559 2479 2479 2366 2366 -3.4e+38 -3.4e+38 -3.4e+38 -3.4e+38 -3.4e+38 -3.4e+38 -3.4e+38 -3.4e+38 -3.4e+38 -3.4e+38 -3.4e+38 -3.4e+38 -3.4e+38 -3.4e+38 -3.4e+38 -3.4e+38 -3.4e+38 -3.4e+38 -3.4e+38 -3.4e+38 -3.4e+38 -3.4e+38 -3.4e+38 -3.4e+38 -3.4e+38 -3.4e+38 -3.4e+38 -3.4e+38 -3.4e+38
2926 2926 2926 2926 2926 2926 2926 2926 2926 2926 2926 2926 2926 2926 2926 2926 2926 2926 2926 2926 2926 2926 2926 2926 2926 2592 2592 2592 2592 2592 2592 2559 2504 2506 2479 -3.4e+38 2448 -3.4e+38 -3.4e+38 -3.4e+38 -3.4e+38 -3.4e+38 -3.4e+38 -3.4e+38 -3.4e+38 -3.4e+38 -3.4e+38 -3.4e+38 -3.4e+38 -3.4e+38 -3.4e+38 -3.4e+38 -3.4e+38 -3.4e+38 -3.4e+38 -3.4e+38 -3.4e+38 -3.4e+38 -3.4e+38 -3.4e+38 -3.4e+38 -3.4e+38 -3.4e+38 -3.4e+38 -3.4e+38 -3.4e+38
2926 2926 2926 2926 2926 2926 2926 2926 2926 2926 2926 2926 2926 2926 2926 2926 2926 2926 2926 2926 2926 2835 2835 2835 2835 2648 2648 2648 2592 2592 2592 2581 2559 -3.4e+38 -3.4e+38 -3.4e+38 -3.4e+38 -3.4e+38 -3.4e+38 -3.4e+38 -3.4e+38 -3.4e+38 -3.4e+38 -3.4e+38 -3.4e+38 -3.4e+38 -3.4e+38 -3.4e+38 -3.4e+38 -3.4e+38 -3.4e+38 -3.4e+38 -3.4e+38 -3.4e+38 -3.4e+38 -3.4e+38 -3.4e+38 -3.4e+38 -3.4e+38 -3.4e+38 -3.4e+38 -3.4e+38 -3.4e+38 -3.4e+38 -3.4e+38 -3.4e+38
2926 2926 2926 2926 2926 2926 2926 2926 2926 2926 2926 2926 2926 2926 2926 2926 2926 2926 2926 2835 2835 2835 2835 2835 2835 2648 2648 2648 2648 2592 2618 -3.4e+38 -3.4e+38 -3.4e+38 -3.4e+38 -3.4e+38 -3.4e+38 -3.4e+38 -3.4e+38 -3.4e+38 -3.4e+38 -3.4e+38 -3.4e+38 -3.4e+38 -3.4e+38 -3.4e+38 -3.4e+38 -3.4e+38 -3.4e+38 -3.4e+38 -3.4e+38 -3.4e+38 -3.4e+38 -3.4e+38 -3.4e+38 -3.4e+38 -3.4e+38 -3.4e+38 -3.4e+38 -3.4e+38 -3.4e+38 -3.4e+38 -3.4e+38 -3.4e+38 -3.4e+38 -3.4e+38
