Prepped_data/Covariate_Data/All_data/0.5deg/Palaeo/teyeo_DEM_0.5.asc
NCOLS 720 
NROWS 360 
XLLCORNER -180 
YLLCORNER -90 
CELLSIZE 0.5 
NODATA_value -9999 
[rows 253 to 275 of 360, columns 156 to 207 of 720]
-4139.99999999822 -4120 -4109.9999999997 -4160.00000000181 -4300.00000000486 -4300.00000000121 -4319.99999999936 -4510.00000000283 -4639.99999999868 -4490.00000000343 -4689.99999999587 -4940.00000000692 -4680 -4480.00000000193 -4349.99999999382 -4359.99999999563 -4150.00000000234 -4030.00000000204 -3970.00000000997 -3900.00000000805 -4090.00000000604 -3840.00000003027 -3540.00000000121 -3510.00000000526 -3590.00000000321 -3610.00000001316 -3559.99999999291 -3459.99999999825 -3560.00000000177 -3549.99999999955 -3499.99999999546 -3490.00000000715 -3579.99999999907 -2060.00000000187 -4830.00000000793 -4920 -4840.00000000996 -4920 -4920 -4920 -4920 -4920 -4920 -4920 -4920 -4920 -4920 -4920 -4920 -4920 -4920 -4920
-4129.99999999971 -4089.9999999997 -4060.0000000012 -3859.99999999696 -4200.00000000365 -4330.00000000152 -4330.00000000467 -4409.99999999847 -4569.99999999914 -4710.00000000034 -4630.00000000035 -4699.9999999981 -4650.00000000036 -4550.00000000229 -4459.9999999988 -4430.00000000157 -4319.99999999096 -4200.00000000754 -3989.99999999047 -4020.0000000004 -3959.99999999919 -3699.99999999073 -2849.99999995992 -3400.00000000288 -3539.9999999971 -3489.99999999717 -3549.99999999301 -3570.00000000879 -3680.00000000419 -3630.00000000045 -3529.99999999678 -3330.00000000406 -3459.99999999571 -1739.99999999924 -4829.99999999855 -4920 -4920 -4920 -4920 -4920 -4920 -4920 -4920 -4920 -4920 -4920 -4920 -4920 -4920 -4920 -4920 -4920
-4069.99999999852 -4030.00000000149 -3959.99999999939 -4020.00000000181 -4180.00000000182 -4380.00000000248 -4389.99999999848 -4360 -4520.0000000068 -4589.99999999965 -4580.00000000379 -4689.99999999964 -4590.00000000155 -4560 -4609.99999999962 -4489.99999999529 -4300 -4330.00000000552 -4220.0000000008 -3979.99999999919 -3959.9999999896 -3500.00000000285 -3220.00000001544 -3290.00000001538 -3489.99999999633 -3419.99999999706 -3560.00000000653 -3560.0000000009 -3699.99999999881 -3709.99999999532 -3569.99999999953 -3469.99999999928 -3299.99999999047 -2500.00000004271 -4890.00000000147 -4859.99999999347 -4859.99999999343 -4920 -4920 -4920 -4920 -4920 -4920 -4920 -4920 -4920 -4920 -4920 -4920 -4920 -4920 -4920
-4100 -4029.99999999852 -3970.00000000031 -4100.00000000181 -4230.00000000215 -4329.99999999849 -4360 -4360 -4459.99999999695 -4489.99999999729 -4540 -4630.00000000081 -4639.99999999808 -4489.9999999977 -4480.00000000118 -4429.99999999766 -4319.99999999686 -4329.99999999804 -4139.99999999486 -3989.99999998844 -3989.99999998 -3370.00000000395 -3360.0000000017 -3340.0000000292 -3190.0000000151 -3399.99999999765 -3360.00000000325 -3570.00000000045 -3569.99999999954 -3720.00000001432 -3590.0000000007 -3429.99999999599 -3229.99999999116 -2960.00000002665 -3350.00000000049 -4860 -4889.99999999495 -4920 -4920 -4920 -4920 -4920 -4920 -4920 -4920 -4920 -4920 -4920 -4920 -4920 -4920 -4920
-3999.99999999883 -3990.00000000739 -4040 -4150.00000000084 -4309.9999999985 -4289.9999999985 -4360 -4329.99999999965 -4459.9999999958 -4550.00000000152 -4540.00000000189 -4570.00000000037 -4649.99999999729 -4669.99999999577 -4509.99999999768 -4420 -4309.9999999996 -4140.00000000672 -4100.00000000035 -3910.00000000041 -2939.99999991876 -3269.99999999204 -3050.00000000069 -2360.00000004927 -3279.99999999795 -3310.00000001516 -3530.00000000162 -3479.99999999675 -3510.00000000163 -3660.00000000233 -3430.000000008 -3579.99999999787 -3119.99999998481 -3049.99999999619 -4010.0000000808 -4860.00000001003 -4830.00000000503 -4920 -4920 -4920 -4920 -4920 -4920 -4920 -4920 -4920 -4920 -4920 -4920 -4920 -4920 -4920
-3969.99999999853 -3970.00000000032 -4100.00000000115 -4150.00000000033 -4180.00000000115 -4240 -4370.00000000035 -4330.00000000151 -4360 -4470.00000000152 -4499.99999999811 -4580.0000000019 -4720.00000000383 -4690.00000000039 -4569.99999999961 -4459.99999999805 -4259.99999999688 -4269.99999999844 -4089.99999999645 -3820.00000000115 -3840.00000000346 -3459.99999999625 -3180.0000000006 -2369.99999996336 -3260.00000000705 -3429.99999999426 -3470.00000000346 -3550.00000000277 -3499.99999999885 -3580.00000000326 -3539.99999999788 -3489.99999999738 -3169.99999999324 -1000.000000047 -3190.00000000267 -4890.000000005 -4410.00000006171 -4920 -4920 -4920 -4920 -4920 -4920 -4920 -4920 -4920 -4920 -4920 -4920 -4920 -4920 -4920
-3890.00000000324 -3990.00000000032 -4040.00000000294 -4139.99999999819 -4129.9999999992 -4269.99999999851 -4320.00000000185 -4409.99999999964 -4359.99999999813 -4370.00000000265 -4470.00000000341 -4629.99999999848 -4730.00000000153 -4749.99999999846 -4619.99999999692 -4510.00000000155 -4359.99999999804 -4219.99999999688 -4140.00000000144 -3819.99999999487 -3640 -3429.99999998806 -2989.99999999296 -3349.99999999955 -3289.9999999984 -3160.00000003689 -3390.00000000047 -3370.00000000161 -3469.99999999857 -3629.99999999969 -3560.00000000098 -3399.99999999574 -2979.99999998929 -2230.00000003458 -3080.00000000535 -4060.00000004227 -3780.00000006329 -4920 -4920 -4920 -4920 -4920 -4920 -4920 -4920 -4920 -4920 -4920 -4920 -4920 -4920 -4920
-3820 -3920.00000000179 -4039.99999999707 -4100.00000000363 -4189.9999999967 -4240.00000000297 -4269.99999999964 -4320 -4350.0000000015 -4369.99999999849 -4530.00000000038 -4700.00000000571 -4760 -4760 -4649.99999999653 -4459.99999999887 -4340 -4239.99999999577 -3919.99999999716 -3520 -3489.99999999956 -3289.99999999754 -3110.00000000135 -3200.00000000113 -3149.99999999862 -3150.00000001924 -3429.99999999934 -3399.99999999791 -3350.00000000371 -3510.00000000471 -3459.99999999802 -3449.99999999184 -3109.99999998676 -2290.00000001139 -3090.00000000165 -3159.99999999782 -4830.00000000159 -4920 -4920 -4920 -4920 -4920 -4920 -4920 -4920 -4920 -4920 -4920 -4920 -4920 -4920 -4920
-3770.00000000013 -3870.00000000034 -4009.99999999742 -4120.00000000069 -4180.00000000365 -4140.00000000184 -4219.99999999815 -4290.00000000037 -4310.0000000015 -4410.00000000338 -4680.00000000077 -4649.99999999849 -4690.00000000152 -4840 -4599.99999999724 -4479.99999999693 -4269.99999999566 -4010.00000000069 -3799.99999999517 -3549.99999999956 -3360.00000000425 -3200.00000000224 -3060.00000000203 -3210.00000000138 -3139.99999999272 -2500.00000000566 -3339.99999999266 -3369.99999999117 -3380.00000000532 -3160.000000034 -3480.000000001 -3379.99999999137 -1349.99999995093 -2360.0000000075 -2740.00000000642 -3110.00000000383 -4920 -4920 -4920 -4920 -4920 -4920 -4920 -4920 -4920 -4920 -4920 -4920 -4920 -4920 -4920 -4920
-3759.99999999177 -3810.00000000145 -3940.0000000018 -4120.00000000252 -4099.99999999746 -4100.00000000073 -4200.00000000185 -4260 -4360 -4510.00000000304 -4670.00000000229 -4680 -4700.00000000111 -4729.99999999959 -4629.99999999321 -4359.9999999961 -4090.00000000068 -3800 -3639.99999999825 -3329.99999999557 -3220 -3169.99999999864 -3249.99999999954 -3120.00000000723 -3130.0000000038 -2669.99999998394 -3389.9999999973 -3210.00000000271 -3310.00000000259 -3270.0000000005 -3350.00000000788 -3439.99999999267 -2449.99999999727 -2499.99999999889 -2869.99999999942 -3130.00000000279 -4920 -4920 -4920 -4920 -4920 -4920 -4920 -4920 -4920 -4920 -4920 -4920 -4920 -4920 -4920 -4920
-3779.9999999989 -3770.00000000393 -3949.99999999745 -4040.00000000219 -4009.99999999964 -4080.00000000184 -4220.00000000185 -4320 -4420.00000000187 -4540.00000000376 -4699.9999999989 -4600.000000003 -4600 -4669.99999999546 -4720.00000000084 -4279.9999999922 -3829.99999999957 -3660.00000000307 -3299.99999999755 -3330.00000000045 -3160.00000000019 -3220.00000000404 -3230.00000000469 -3089.99999999953 -3019.99999999508 -3290.00000000364 -3479.99999999573 -3130.0000000028 -3160.0000000011 -3179.99999999477 -3410.00000000687 -3139.99999999263 -2150.00000001851 -2599.99999999894 -3029.9999999973 -3380.00000006098 -4920 -4920 -4920 -4920 -4920 -4920 -4920 -4920 -4920 -4920 -4920 -4920 -4920 -4920 -4920 -4920
-3730.00000000746 -3879.99999999712 -3889.99999999495 -3940.00000000181 -3970.00000000037 -4120 -4250.00000000255 -4420 -4520 -4530.00000000148 -4590.00000000149 -4580.0000000019 -4580.000000003 -4700.00000000193 -4739.99999999783 -4019.99999999156 -3660.0000000013 -3350.0000000035 -3199.99999999098 -3240.00000000634 -3050.00000000665 -3060.00000000109 -3139.99999999486 -3079.99999999483 -3210.00000000772 -3329.99999999951 -3259.99999999042 -2990.00000000484 -2900.00000000007 -3140.00000001687 -3220.00000000103 -2809.99999997711 -2619.99999999791 -2690.00000000484 -2829.99999999947 -3540.00000007531 -4920 -4920 -4920 -4920 -4920 -4920 -4920 -4920 -4920 -4920 -4920 -4920 -4920 -4920 -4920 -4920
-3839.9999999993 -3840 -3870.00000000144 -3990.00000000218 -4029.99999999855 -4130.00000000222 -4259.99999999892 -4440.00000000851 -4500.00000000187 -4579.99999999892 -4579.99999999918 -4499.99999999561 -4649.99999999935 -4700.00000000108 -4199.99999998706 -3819.99999999893 -3709.99999999974 -3410.00000000045 -3279.99999999893 -3239.999999998 -3160 -3210.00000000356 -3139.99999999905 -3070.00000000048 -3190.00000000049 -3189.9999999934 -3130.00000000057 -2960.00000000626 -3069.99999999739 -3379.99999999471 -3369.99999999312 -2709.99999998776 -2599.99999999143 -2789.99999999838 -3650.00000003211 -4920 -4920 -4920 -4920 -4920 -4920 -4920 -4920 -4920 -4920 -4920 -4920 -4920 -4920 -4920 -4920 -4920
-3690.00000000711 -3799.99999999715 -3950.00000000037 -4060.00000000256 -4129.99999999673 -4150.00000000039 -4269.99999999854 -4440.0000000008 -4500 -4610.00000000041 -4540 -4599.99999999916 -4690.0000000034 -4099.99999999269 -3829.99999999656 -3650.00000000151 -3400.00000000515 -3289.99999998877 -3210.00000000152 -3220.00000000599 -3089.99999999847 -3159.99999999894 -3199.99999999894 -3119.99999999894 -3180.00000000007 -2729.99999998812 -2790.00000000056 -3110.0000000015 -2999.99999999371 -3190.00000000685 -3770.00000004505 -4920 -4920 -4920 -4920 -4920 -4920 -4920 -4920 -4920 -4920 -4920 -4920 -4920 -4920 -4920 -4920 -4920 -4920 -4920 -4920 -4920
-3680.0000000021 -3870.00000000173 -4020.0000000018 -4060.00000000105 -4150.00000000221 -4199.99999999711 -4310.00000000514 -4440.00000000081 -4529.99999999959 -4589.99999999959 -4560.00000000105 -4629.99999999471 -3969.99999999574 -3869.99999999956 -3739.99999999419 -3539.99999999805 -3429.99999999457 -3219.99999999434 -3269.99999999731 -3100.00000000084 -3189.99999999742 -3180.00000000105 -3210.00000000154 -3040.00000000019 -2939.9999999959 -2929.99999999541 -2960.0000000104 -3120.00000000103 -3249.99999999318 -3440.00000000106 -3039.99999998202 -4920 -4920 -4920 -4920 -4920 -4920 -4920 -4920 -4920 -4920 -4920 -4920 -4920 -4920 -4920 -4920 -4920 -4920 -4920 -4920 -4920
-3709.99999999221 -3840.0000000082 -3930.00000000142 -4029.99999999961 -4119.99999999896 -4169.99999999856 -4310.00000000225 -4449.99999999855 -4500.00000000187 -4559.99999999812 -4499.99999999896 -4420.00000000693 -3820.00000000016 -3830.0000000043 -3659.99999999612 -3419.99999999896 -3239.99999999608 -3250.00000000151 -3340.00000000293 -3240 -3190.00000000249 -3220.00000000104 -3180.00000000104 -3040.00000000208 -2960.00000000104 -2849.99999999947 -2620.00000000312 -2920.00000000209 -3040.00000001151 -3330.00000000472 -4350.00000007135 -4920 -4920 -4920 -4920 -4920 -4920 -4920 -4920 -4920 -4920 -4920 -4920 -4920 -4920 -4920 -4920 -4920 -4920 -4920 -4920 -4920
-3809.99999999887 -3860.00000000232 -3959.9999999982 -3799.99999999172 -3939.99999999761 -4009.99999999857 -4239.99999999815 -4429.99999999587 -4520 -4609.99999999957 -4420 -3769.99999999869 -3719.99999999514 -3810.00000000148 -3509.99999999567 -3359.99999999805 -3249.99999999262 -3169.99999999953 -3260.00000000301 -3229.99999999952 -3189.99999999848 -3130.0000000005 -3069.99999999644 -3130.00000000051 -2839.99999999588 -2830.00000000464 -3129.99999998912 -2780.0000000104 -3100.00000000309 -3009.99999999951 -4920 -4920 -4920 -4920 -4920 -4920 -4920 -4920 -4920 -4920 -4920 -4920 -4920 -4920 -4920 -4920 -4920 -4920 -4920 -4920 -4920 -4920
-3840.0000000117 -3820.00000000639 -3900.00000000023 -3760.00000000646 -3940.00000000344 -3980.00000000285 -4169.99999999774 -4360.00000000372 -4500.00000000272 -4579.9999999971 -4149.9999999949 -3809.99999999358 -3350.00000000045 -3470.0000000034 -3399.99999999612 -3360.00000000195 -3249.99999999459 -3220.00000000496 -3230.0000000045 -3180 -3160 -3050.0000000005 -3149.99999999949 -3129.99999997095 -3050.00000000154 -2830.00000001384 -2980 -2810.00000000145 -2910.00000000569 -2629.9999999876 -4920 -4920 -4920 -4920 -4920 -4920 -4920 -4920 -4920 -4920 -4920 -4920 -4920 -4920 -4920 -4920 -4920 -4920 -4920 -4920 -4920 -4920
-3070.00000001114 -3700.00000001052 -3789.9999999996 -3920.00000000625 -4010.00000000141 -3809.99999999959 -4220.00000000369 -4470.00000000329 -4570.00000000431 -4449.99999999969 -3959.99999998965 -3570.00000000135 -3399.99999999516 -3450.00000000055 -3380 -3250.00000000148 -3190.00000000148 -3150.00000000149 -3200.00000000299 -3169.9999999995 -3120.00000000201 -3060.00000000101 -3110.00000000152 -3029.99999999644 -3059.99999999083 -3020.00000000312 -2860.00000002087 -2710.0000000024 -2739.9999999958 -2219.9999999744 -4920 -4920 -4920 -4920 -4920 -4920 -4920 -4920 -4920 -4920 -4920 -4920 -4920 -4920 -4920 -4920 -4920 -4920 -4920 -4920 -4920 -4920
-3279.99999999545 -3750.00000001432 -3749.9999999958 -3890.00000000521 -3850.00000000141 -4050.00000000861 -4300.00000000554 -4449.99999999957 -4389.99999999968 -4210.00000000332 -3769.99999999766 -3470.00000000236 -3429.99999999954 -3339.99999999708 -3299.99999999901 -3249.99999999952 -3210.00000001134 -3120 -3189.99999999752 -3129.9999999995 -3160.00000000201 -3069.99999999949 -3020.000000001 -2960.00000000105 -2820.00000000305 -2649.99999999221 -2780.00000000082 -2550.00000000462 -2759.99999999989 -4920 -4920 -4920 -4920 -4920 -4920 -4920 -4920 -4920 -4920 -4920 -4920 -4920 -4920 -4920 -4920 -4920 -4920 -4920 -4920 -4920 -4920 -4920
-3109.99999998836 -3880.00000000242 -3629.99999999222 -3550.00000000502 -3750.00000000323 -4000.00000000184 -4230.00000000326 -4340.00000000284 -4199.99999999626 -4080.00000000098 -3729.99999999569 -3529.99999999567 -3559.9999999913 -3349.99999999855 -3250.00000000051 -3089.99999999853 -3089.99999999755 -3140.00000000197 -3199.99999999802 -3139.999999998 -3120 -3049.99999999845 -2949.99999999954 -3109.99999999849 -2869.99999999545 -2210.00000003473 -1780.00000001114 -2350.00000000264 -2450.00000000154 -4920 -4920 -4920 -4920 -4920 -4920 -4920 -4920 -4920 -4920 -4920 -4920 -4920 -4920 -4920 -4920 -4920 -4920 -4920 -4920 -4920 -4920 -4920
-3439.99999999789 -3869.99999998675 -3579.99999999737 -3500.00000000363 -3790.00000000043 -4070.00000000227 -4170.00000000141 -4219.99999999911 -4159.9999999991 -3940.00000000097 -3719.99999999621 -3499.99999999903 -3459.99999999903 -3330.00000000242 -3199.99999999709 -3210.00000000244 -3169.9999999995 -3140.00000000197 -3200 -3090.00000000251 -3169.99999999948 -3010.0000000015 -3119.99999999797 -3149.99999999645 -2839.99999998974 -1769.9999999447 -1509.99999999614 -2590.00000000139 -2450.00000001008 -4920 -4920 -4920 -4920 -4920 -4920 -4920 -4920 -4920 -4920 -4920 -4920 -4920 -4920 -4920 -4920 -4920 -4920 -4920 -4920 -4920 -4920 -4920
-3410.00000001012 -3960.00000000991 -3579.99999999267 -3709.99999999957 -3940.00000000086 -3940.00000000175 -4100.00000000096 -4120 -4039.99999999909 -3810.0000000005 -3790.00000000428 -3590.00000000047 -3469.99999999569 -3329.99999999663 -3210.00000000145 -3270.00000000146 -3229.99999999854 -3200 -3170.00000000051 -3149.99999999948 -3080 -3040 -3130.00000000256 -3170.00000000042 -2560.00000000629 -2449.99999999753 -1319.99999995654 -2439.99999999199 -2059.99999998929 -4920 -4920 -4920 -4920 -4920 -4920 -4920 -4920 -4920 -4920 -4920 -4920 -4920 -4920 -4920 -4920 -4920 -4920 -4920 -4920 -4920 -4920 -4920
