Prepped_data/Covariate_Data/All_data/0.5deg/Palaeo/teyeo_DEM_0.5.asc
NCOLS 720 
NROWS 360 
XLLCORNER -180 
YLLCORNER -90 
CELLSIZE 0.5 
NODATA_value -9999 
[rows 23 to 45 of 360, columns 260 to 311 of 720]
230.000000000432 200 219.999999996174 189.999999999585 160 99.9999999969816 80 40 40 30.0000000034447 30.0000000034504 0 0 0 0 0 0 0 0 40 19.9999999961744 40 29.999999999693 69.9999999996987 129.999999999704 190.000000003536 220.000000003826 250.000000000278 270.000000000273 240 270.000000000261 280 280 270.000000000244 240 220.000000003826 220.000000003826 220.000000003826 159.999999992349 139.999999996174 90.0000000002046 59.9999999961744 40 40 40 40 19.9999999961744 0 0 0 -20 0
280 259.999999996186 209.999999996601 200 220 240 220 160 169.999999992752 109.999999992747 99.9999999885574 49.999999995822 19.9999999961858 0 0 39.9999999993179 79.9999999923716 119.999999999341 139.999999996186 149.999999996504 120 160 160 160 160 220.000000003814 229.999999996464 229.999999999727 240 259.999999996186 240 240 200 200 200 200 179.999999996186 160 160 140.000000003814 140.000000003814 140.000000003814 150.000000003627 129.999999992553 99.9999999961858 40 40 30.0000000001592 30.0000000001535 20.0000000038142 0 0
199.999999995356 229.999999991979 210.000000003394 209.999999999596 200 169.999999996589 179.999999996197 160 160 160 169.999999999636 200 200 180 170.000000000341 200 180.000000003803 129.999999996521 150.000000000318 120 80 150.000000002899 190.000000000296 200 200 169.999999999721 170.00000000353 170.000000000267 190.000000003541 210.000000003547 200 200 200 200 189.999999996425 200 200 179.999999996197 189.999999996402 179.999999996197 200 179.999999996197 179.999999996197 160 120 120 99.9999999961972 40 19.9999999961972 30.0000000036607 10.0000000001364 0
340.000000003791 320 290.000000000404 260.000000003791 250.000000007191 220.000000003791 219.999999996209 229.999999996584 240 200 200 200 200 170.000000004133 150.000000003456 189.99999999967 190.000000003467 169.999999999682 140.000000003791 110.000000000307 89.9999999965098 70.0000000002956 120.000000003212 130.000000000284 140.000000003791 120 120 90.0000000073214 60.0000000037914 20.0000000037915 20.0000000037915 109.999999999761 120 120 150.00000000357 180.000000003791 180.000000003791 190.000000000205 190.000000003593 200 190.000000003604 180.000000003791 180.000000003791 160 130.000000003627 100.000000003791 80 80 59.9999999962085 30.000000003655 20.0000000037915 40
239.99999999622 209.999999999596 210.000000000398 210.000000003388 220.00000000378 249.999999999619 249.999999999625 230.000000003411 229.999999996584 219.99999999622 209.999999996572 190.000000003433 180.00000000378 150.000000003445 160 110.000000003456 120 120 90.0000000034731 100.000000003178 120 120 120 130.000000003502 120 129.999999996487 120 160 170.00000000353 170.000000000244 119.999999992917 10.0000000002331 9.99999999977262 60.0000000037801 100.00000000378 120 120 120 160 140.00000000378 160 160 130.00000000017 100.00000000378 90.0000000001591 110.000000003627 100 89.9999999998579 129.999999999864 149.999999999869 179.99999999622 199.99999999244
239.999999999193 270.000000003371 280 220.000000000773 229.999999996612 240.000000007537 220.000000003769 220 199.999999996947 170.000000004121 140.000000003769 110.000000000341 100.000000003769 89.999999996561 49.999999999676 40 80 100.000000003769 120 150.000000003473 120 99.9999999962313 140.000000003769 160 149.999999999733 169.999999999739 200 180.000000003769 129.999999996476 120 160 99.9999999962313 99.9999999962313 99.9999999962313 30.0000000002103 40.0000000075374 120 109.999999996425 109.999999999812 119.999999999636 120 139.999999996231 169.999999996396 169.99999999639 199.999999992463 249.999999996083 290.000000003627 280.000000003769 300.000000003769 320 270.000000000119 240
200 230.00000000415 210.000000000387 200.000000003757 190.000000000375 190.000000000369 200 209.999999996601 120 120 120 110.000000000335 109.999999996572 129.999999996567 139.999999996243 120 99.9999999962426 110.000000000301 109.999999999704 110.000000003467 89.9999999997158 100.000000003757 120 149.999999999733 160 150.000000003502 139.999999996743 120 149.999999996481 160 169.99999999647 160 190.000000000216 160 170.000000003553 160 89.9999999851639 80.0000000071395 200 200 219.999999996243 200 210.000000003598 240 230.00000000361 229.999999996385 219.999999996243 229.999999999869 240 240 200 240
170.000000003354 180 180.000000002984 160.00000000075 120 119.999999996982 120 130.000000003394 120 100 120 140 120 130.000000003428 139.999999996254 110.000000000307 120 109.99999999655 109.999999996544 99.999999996254 120 120 120 120 160 169.99999999975 219.999999999511 209.999999996493 120 120 139.999999996254 169.99999999647 189.999999996464 200 249.999999999801 240 189.999999996442 119.999999992508 70.0000000001762 90.0000000073214 130.000000000165 80 120 99.9999999928036 140.000000003746 139.999999996254 130.000000000131 169.999999999875 209.999999999881 179.999999999773 200 200
140 140 150.000000000375 149.999999996635 109.999999996629 119.999999993247 100.000000003735 90.0000000003467 80 80 50.0000000003297 60.0000000037346 60.0000000037346 110.000000003422 100.000000003735 120 120 120 129.999999999716 129.999999999721 149.999999999727 189.999999999733 220.000000006946 229.999999992787 260.000000003735 190.000000007225 170.000000006753 189.999999999767 220.00000000328 220.000000003291 249.999999996481 220.000000003735 230.00000000353 270.000000003536 260.000000003735 220.000000003735 149.999999999818 159.999999992883 149.999999992701 129.999999996101 109.999999999841 100 90.0000000073214 169.999999999858 219.999999996265 249.999999999869 259.999999996265 270.000000000119 270.000000000114 240 240 179.999999996459
160 179.999999996277 189.999999996646 200 159.999999999284 129.999999996629 99.9999999962767 80 99.9999999962767 80 80 80 80 60.0000000037232 70.000000003422 79.9999999931447 129.99999999971 110.000000003439 120 149.99999999655 140.000000003723 200.000000003723 199.999999993065 140.000000003723 170.000000003479 220 239.999999996743 200 220.00000000328 190.000000000216 170.000000003513 180 160.000000003723 170.000000003917 179.999999996652 169.999999993099 200.000000003723 180.000000003723 160.00000000033 149.999999999841 100.000000003723 100.000000003723 70.0000000001421 60 20.0000000037232 80.0000000114198 160.000000032315 240 220.000000003723 170.000000003826 120 99.9999999925535
169.999999996663 160 180.000000003712 200 170.000000004064 130.000000000347 130.000000003371 100.000000003712 80 80 90.0000000033935 49.9999999996874 69.9999999965951 9.99999999658939 50.0000000034163 50.000000003422 50.0000000108514 110.000000003433 129.999999996561 150.000000003445 149.99999999655 180 190.000000003462 200 179.999999993054 179.999999996754 160 140.000000003712 120.000000000432 100 110.000000000205 120 130.000000003519 110.000000000188 70.00000000353 69.9999999998238 49.9999999998295 59.9999999962881 89.999999996129 89.9999999998465 79.9999999931674 59.9999999928605 69.9999999964245 19.9999999962881 -10.0000000001251 -10.0000000035925 30.0000000003411 80 139.999999992372 309.99999999971 180.000000010954 80
160 139.999999997027 90.0000000003581 80 80 100.0000000037 80 80 80 80 80 100 90.0000000003013 69.9999999965951 39.9999999931788 40 60 80.0000000037005 69.9999999965666 149.999999999738 170.000000003445 190.00000000025 160 150.000000000239 140.000000000466 120.000000003246 130.000000003479 129.999999996515 169.99999999651 159.9999999963 150.000000003502 109.999999993179 120 120 150.000000003524 200 189.999999996464 200 200 200 209.999999999858 220.000000003428 229.999999999869 249.999999999875 220.000000003462 219.999999996527 159.9999999963 230.000000000307 169.999999992502 180.000000003882 169.999999988984 249.999999992201
160.000000003689 99.9999999963108 80 110.000000000347 119.999999992622 99.9999999963108 120.00000000303 109.999999996635 120 109.999999996623 80 69.9999999966121 80 120 79.9999999968793 69.9999999965894 89.9999999997271 150.000000003422 109.999999999738 150.000000003433 179.999999996811 160 90.0000000071395 100.000000003689 50.0000000002274 80.0000000036891 89.999999999784 149.99999999979 170.000000000205 160 170.000000003496 160 179.999999996675 180 160 160 169.999999999841 169.999999999847 179.999999992917 170.000000003547 120.000000003962 140 209.999999996186 259.999999989171 389.999999981668 449.99999995996 339.999999981759 209.999999981651 99.9999999892964 90.0000000071225 109.99999999639 100.000000003541
120 120 109.999999996669 70.000000000341 60.0000000036778 90.0000000003297 80 80 80 80 49.9999999966235 70.0000000002956 60.0000000036778 60.0000000036778 40.0000000031207 80.0000000068098 120.000000006821 90.0000000007844 120.000000007867 150.000000004428 150.000000003433 99.9999999857664 99.9999999931105 100.000000003223 119.999999999557 129.999999999784 150.000000003467 149.999999999795 150.000000003479 129.999999999807 150.00000000349 190.000000003496 209.999999999824 199.999999999659 190.000000000165 190.000000000159 150.000000003524 150.000000007208 169.999999993071 150.000000003268 409.999999996191 440 499.999999996322 600.000000003905 619.999999989183 839.999999992644 869.999999996612 669.999999996413 560.000000003848 150.00000000008 -29.9999999778595 -109.999999989444
129.999999999648 129.999999999653 120 120 89.9999999966633 49.9999999966576 80 50.000000003979 40.0000000006139 19.9999999969361 0 0 0 29.9999999997215 6.24140739091672e-09 9.99999999973283 69.9999999965951 99.9999999890008 -10.0000000002501 -10.0000000039108 79.9999999968111 129.9999999929 189.999999999773 200 240.000000006901 189.999999989632 160 160 180.000000006946 190.000000000188 100.000000003303 130.000000003138 150.00000000017 170.000000000165 180 220.000000003359 229.999999993111 140.000000014097 240 200.000000007333 300.000000007083 380.000000007094 399.999999999773 460 420.000000007333 470.000000007043 410.000000014575 370.000000007589 279.999999996652 179.999999989296 349.999999977933 829.999999985147
120 99.999999996345 59.999999996345 60.000000003655 40 20.000000003655 0 0 -19.999999996345 -19.999999996345 -19.999999996345 -29.9999999997158 -3.65503183274996e-09 50.0000000033822 100.000000006241 129.999999996083 139.999999996345 170.000000003405 179.999999993179 160.000000003178 200 200 190.000000003433 200.000000003655 180 190.000000003041 200 140 150.000000003467 150.000000003473 180 200.000000003314 239.99999999302 169.999999992849 179.999999996345 100.000000000296 129.999999996203 129.999999999864 169.999999999869 229.99999999647 229.999999996464 250.000000003541 269.999999999892 260 190.000000007213 200.00000000731 110.00000000374 -70.0000000034163 -259.999999992838 -229.999999996413 -39.9999999817248 320.000000082701
49.9999999966974 40 40 -19.9999999963563 -40 9.99999999968736 9.99999999666329 19.9999999963563 9.99999999970441 19.9999999994202 29.9999999966405 99.999999989069 129.999999996083 159.999999999466 219.999999982828 210.000000000256 210.00000000075 200 199.99999999319 169.999999999767 160 209.999999996135 209.99999999614 180 189.999999999795 209.999999996555 169.999999999807 209.999999996544 209.999999996538 200 300 300.000000003314 359.999999999682 330.000000010777 200.000000003348 180.000000007003 209.999999999864 160 199.999999996606 220.000000007049 260.000000000227 250.000000000108 260.000000003439 269.999999996453 259.999999996356 199.999999996186 189.999999996118 149.999999996282 270.000000006946 179.999999985675 479.999999992826 569.999999981833
40 0 0 0 29.9999999960551 89.9999999960607 49.9999999996987 99.9999999994088 119.999999996368 289.99999999302 299.999999992735 250.000000003359 250.000000003899 230.000000007526 230.000000002865 200 220.000000003143 229.999999996129 309.999999992968 280 289.999999999778 280.000000003632 280 289.999999996572 230.000000000199 220.000000003632 249.999999996555 250.000000000182 259.999999996368 299.999999996368 279.999999992406 249.999999992895 240.000000011204 279.999999996368 259.99999999302 220.000000003359 229.999999999869 249.99999999286 289.99999999601 249.999999996027 180.000000003632 239.999999996368 309.999999999903 359.999999996186 409.999999999915 459.999999996368 499.999999996368 429.999999992804 369.99999999643 740.000000006924 899.99999999647 1029.99999999641
89.9999999967088 79.9999999927581 169.999999998408 239.999999996379 249.999999996686 279.999999996379 260.000000010272 229.999999988847 240.000000003621 270.000000006406 330.000000000273 299.999999992758 309.999999999738 309.999999996635 249.999999996629 219.999999996868 269.999999999761 309.999999999767 350.000000003393 369.999999999778 390.000000003405 349.999999996589 340 320 300 289.999999996567 310.000000003439 340.000000003621 380.000000006901 360.00000000033 250.000000000477 189.999999996226 119.999999996675 140.000000003621 149.999999996515 229.99999999651 210.000000003496 239.99999999614 259.999999996379 280.000000000216 370.000000007344 199.99999998571 299.999999999636 479.999999978274 440 509.999999999926 550.000000003553 520.000000003496 560 520 630.000000010726 710.000000014444
279.999999992781 289.999999999682 310.000000000313 310.000000003303 320 349.999999996686 359.99999999639 309.999999996675 209.999999996112 290.000000006946 329.999999999733 409.999999996129 389.999999993548 389.99999999975 370.000000003365 260 300 369.999999999773 319.99999999639 339.99999999639 370.000000002979 389.999999989376 359.999999996788 339.99999999639 329.999999996578 439.99999999639 439.999999993133 359.999999989171 329.999999999835 199.99999999639 160.000000007219 140 170.000000006793 169.999999996527 129.999999996521 120.000000006969 209.999999999881 239.999999995936 299.99999999639 359.99999999639 380.000000000193 370.000000000273 419.999999996561 429.99999999992 490.000000000074 520.000000003473 540 549.999999999943 589.999999996442 529.999999989308 490.000000007179 469.999999999966
280.000000002961 290.000000003285 320 330.000000000301 330.000000000296 350.000000006906 260.000000004167 300.000000006639 320 320 399.999999996402 430.000000003342 389.999999996152 349.999999999756 380.000000007196 300.000000003598 280 320.000000003598 339.999999996834 340.000000003177 380 430.000000006997 460 470.000000000187 459.999999996766 470.000000000176 470.00000000017 360 240.000000006878 200 129.999999999852 170.000000000142 200 160 189.999999992929 250.000000003479 230.000000003712 320.00000000698 310.000000003291 339.999999996209 340 360 400 430.000000003672 399.999999996538 390.000000003536 430.000000000057 490.000000003547 530.000000000045 580.000000003598 600 539.999999989262
190.000000003274 240.00000000656 270.00000000627 310.000000003291 320 330.000000003303 380.000000004144 369.999999981793 219.999999993361 210.000000007435 290.000000007429 370.00000000025 349.999999996658 419.999999996413 379.999999992826 399.999999997323 369.999999996635 329.999999997061 329.99999998945 390.00000000656 420.000000000398 359.999999996413 460.000000013972 400.000000003223 450.000000006997 360.000000006833 400 289.999999996891 240.000000007174 60.0000000032912 89.9999999998579 190.00000000345 150.000000000392 190.000000007049 180.000000003348 199.999999999773 169.999999992934 300.000000003587 309.999999999903 300.000000010397 250.000000010846 349.999999996493 370.000000003513 420.000000003587 400 449.999999996356 570.000000006918 879.999999996322 829.999999996453 600.000000000068 569.999999999972 670.000000003564
160 160 200 230.000000003285 280 310.000000003297 320 329.999999999733 420.000000019884 320.000000010215 40 220.000000010237 290.000000003337 329.999999996658 269.999999993076 359.999999993292 359.999999989706 270.000000003365 299.999999996424 350.000000000199 389.999999983476 370.000000000188 259.999999992849 319.999999997129 360.000000000682 340.000000007151 290.000000003416 260.000000003268 160.000000003575 69.9999999965666 59.9999999966974 69.9999999962938 149.999999999875 160.000000003337 160 220 229.999999996527 240 259.999999996606 229.999999989359 170.000000003973 220.000000006855 479.999999985698 409.999999989336 400 469.999999999949 520.00000000706 590.000000017678 699.999999992917 509.99999999651 520.000000007151 580.000000000034
