Prepped_data/Covariate_Data/All_data/0.5deg/Palaeo/teyeq_DEM_0.5.asc
NCOLS 720 
NROWS 360 
XLLCORNER -180 
YLLCORNER -90 
CELLSIZE 0.5 
NODATA_value -9999 
[rows 336 to 359 of 360, columns 371 to 423 of 720]
389.99999999722 469.999999983976 580.000000003445 669.999999999073 499.999999995197 369.999999999869 250.000000008993 100.000000000267 230.000000007407 670.000000005821 840.000000003536 850.000000000972 959.999999994571 1009.99999999768 1040 1119.99999999893 1270.00000000821 1219.99999999973 960.000000000267 990.000000002353 920 920.000000004195 950.000000001569 1060.00000000448 1140.00000000027 1089.99999999815 930.00000000266 759.99999999547 750.000000001603 760.000000004553 820.000000004565 860.000000000267 870.000000002694 869.999999998102 860.000000000267 809.999999997823 740.000000000267 750.000000002723 800.0000000093 980.000000011181 1109.99999999393 999.99999999639 779.999999994509 750.000000001683 649.999999993065 529.999999997772 469.999999997766 469.99999999776 409.999999997488 319.999999994964 299.999999994685 339.999999999466 440
649.999999998016 710.000000002245 730.000000001739 880.000000007748 1110.00000000602 1320 1430.00000000631 1479.99999999595 1440 1439.99999999974 1409.9999999977 1340.00000000051 1399.9999999959 1269.99999999794 1280 1259.99999999612 1159.99999999662 1040.00000000391 1050.00000000626 1140.00000000342 1099.99999999478 860.000000005485 1030.00000001553 1109.99999999737 1039.99999999974 879.999999995237 809.999999992838 779.999999994958 779.999999999744 800 770.000000006975 939.999999996447 939.999999995924 929.999999997829 839.99999999539 729.999999997561 659.999999995111 549.999999992906 450.000000001941 530.0000000066 579.999999993798 740.000000007566 889.999999991815 769.999999992565 600 469.99999999751 419.999999999744 259.999999995509 279.999999995242 450.000000011028 439.999999994196 420.000000005303 319.999999995708
659.999999999756 680 750.000000006492 780.000000000489 809.999999998477 750.000000002751 910.000000016121 970.000000007554 1119.99999999308 1320.00000000914 1440.0000000099 1379.99999999663 1089.99999999309 699.999999991746 570.000000003047 580.000000004394 590.00000000208 660.000000003683 610.000000002336 839.999999995316 849.999999997408 880 830.00000000187 819.999999999022 770.000000011363 850.000000002865 870.00000000739 860.000000000489 829.999999997851 890.00000000191 900.000000004565 1050.0000000029 1260.00000000073 1210.0000000126 1140.00000000122 969.999999994168 980.000000004144 919.999999998778 1019.99999999927 1040 1080.00000000491 1129.99999999778 1000.00000000049 869.999999993071 840.000000004712 789.999999997027 669.999999997266 610.000000002251 580 629.99999999248 570.000000002024 499.999999994964 569.999999996987
670.000000002461 730.000000002234 760.000000004246 860.000000004258 880 869.999999997743 810.000000001796 770.000000001802 780.000000004314 819.999999995674 870.000000002052 860 840 809.999999998164 689.999999994009 529.999999993759 450.000000002319 559.999999992565 560.000000000466 749.999999998596 750.000000002575 830.000000002348 870.000000002353 870.000000002359 900 930.000000006179 1039.99999998504 1180.00000001196 1109.99999999668 1159.99999999405 1110.00000000147 1250.00000000054 1129.9999999682 1060.00000000733 1270.00000000149 1340.00000000416 1409.9999999971 1350.00000000592 1329.99999999686 1329.99999999709 1370.00000000688 1169.99999998772 949.999999992383 990.0000000027 879.999999990109 870.000000002245 920.0000000059 679.999999987625 280.000000001165 240.000000000699 220.000000009561 279.999999994742 430.000000002285
220.000000000443 120 139.999999995754 139.999999999778 290.000000001802 400 470.000000002257 500.000000004303 449.999999997954 450.000000002274 480.000000008896 480.000000000222 460.000000004582 490.000000002075 489.999999993094 449.999999997692 420.000000004405 389.999999997681 389.999999997675 360.000000004218 329.999999992991 350.00000000212 410.0000000066 550.000000002353 710.000000002581 720 729.999999997851 829.999999998067 1000.00000000997 1240.00000000455 1270.00000000261 1260.00000000022 1289.99999999804 1260.00000000044 1180.00000000067 1019.99999999604 940.00000000552 839.999999996021 799.999999995794 840.000000000222 850.000000007333 840.000000000887 749.999999993742 609.999999993946 629.999999994151 360.000000000887 100.000000005622 -220.000000004303 -350.000000007248 50.0000000126988 189.999999993383 260.000000000665 420.000000000665
169.999999997993 230.000000002012 230.000000002228 220.00000000021 270.00000000245 289.999999998175 270.000000002672 229.999999998374 200.00000000021 109.999999998153 169.999999998357 160.000000000421 190.000000002706 160.000000000421 119.999999995828 70.0000000025125 99.9999999960153 100.000000000421 160.000000009487 190.000000011835 249.9999999983 309.999999997874 360.00000000021 289.999999998283 379.999999996345 439.999999995703 430.000000002365 440 410.000000002376 419.999999995867 390.000000011727 389.999999998028 460.000000005008 479.999999995822 579.999999995811 600.000000004832 620.00000000021 630.000000002638 629.999999997991 610.000000002643 580.000000000421 490.000000002655 380.00000000021 309.999999997755 240 220 179.99999999979 39.9999999948329 -60.0000000002103 -79.9999999952308 -70.0000000024954 -69.9999999977092 -29.9999999974932
130.000000002211 160.000000000199 169.999999993929 210.000000006685 190.000000002433 129.999999998357 99.9999999961062 39.9999999960949 29.9999999938268 40.0000000045247 30.0000000068042 49.9999999977263 99.999999999801 110.000000001688 79.999999999801 -3.97903932025656e-10 -3.97903932025656e-10 20.0000000040188 110.000000001916 220.000000004439 320 379.999999999801 379.999999999801 420.000000004485 450.000000002149 499.999999999801 599.999999999602 559.999999999602 519.999999999801 499.999999995049 509.999999997419 499.999999999801 449.999999997209 379.999999999801 270.000000002206 260.000000000199 259.999999995765 269.999999993133 220.000000009498 190.000000002427 180.000000000199 140.000000000199 99.9999999957083 190.000000002848 229.999999997942 269.999999997738 280 280 249.999999997721 240.000000000199 210.00000000249 179.999999999403 149.999999996902
149.999999997794 100 80 80 90.0000000020407 100.00000000428 99.9999999998124 110.00000000187 50.0000000020634 40 40 69.9999999979195 99.9999999956401 160.000000004559 189.999999997715 179.999999995606 149.999999993111 130.000000001927 140.000000004053 159.999999995185 229.999999992667 250.000000002137 390.000000001768 539.999999999437 590.000000001779 580.00000000357 630.000000001603 649.999999997453 670.000000002365 790.000000002558 780.00000000494 689.999999997993 599.999999999625 560.000000004036 589.999999997226 549.999999997033 610.000000001472 620.000000003894 589.999999997019 549.999999997016 479.99999999925 479.99999999925 409.999999992309 439.999999994361 489.999999987563 219.999999995276 -100.00000000947 -260.000000004746 -279.999999995242 -209.999999997522 -89.9999999977035 90.0000000028649 200.000000005178
339.999999995248 470.000000001501 379.999999995049 419.999999995038 429.999999993156 379.999999995543 400.000000003939 479.999999999471 579.999999999119 719.999999994793 610.000000005713 609.999999997385 500.000000004184 449.999999997374 460.000000008589 570.000000002109 579.999999999824 519.999999995231 540.000000007799 579.999999998943 509.999999997158 619.999999999471 669.999999993025 680.000000004309 710.00000000216 750.00000000199 800.000000004343 729.99999999747 760.000000004013 800.000000004025 839.999999994907 890.000000002024 910.000000006617 1050.00000000203 1060.00000000408 1099.99999999947 1059.99999999982 1090.00000000241 1050.00000000241 960 890.000000002069 899.999999999648 840.000000004161 890.000000006258 1049.99999999179 1079.9999999895 949.999999987017 769.999999992264 760.000000008811 680.00000000424 399.999999999295 359.999999994679 319.99999999502
1060 1050.00000000203 1009.99999999305 989.999999993202 910.000000001558 869.999999993332 869.999999997772 869.999999997601 910.00000000191 1010.00000000208 1080.00000000867 1089.99999999791 1069.9999999979 949.999999993031 890.000000001944 779.999999995606 679.999999991189 570.000000002291 490.000000002132 560.000000013483 629.999999998352 649.999999998181 690.000000002484 689.999999998005 729.999999997999 749.999999998158 830.000000002507 889.999999998147 960.000000005036 940.000000004883 950.000000002365 959.999999999835 969.999999997294 889.999999988256 879.999999999505 909.999999997442 940 929.999999997596 909.999999997758 869.99999999792 839.999999995663 910.000000002751 870.000000002922 729.999999998391 529.999999998221 400.000000009612 380.000000005065 430.000000012113 470.000000007219 489.999999998028 459.999999995549 359.999999995373 289.999999997846
800.000000004377 850.000000002194 880 930.000000002052 960 999.999999999847 880.000000003678 869.999999997004 819.999999999693 849.999999997607 889.999999997755 910.000000002098 929.999999997897 960 979.999999999847 979.999999999847 989.999999997567 1000.00000000426 979.999999995572 949.99999999755 949.999999997544 999.999999999693 1039.99999999954 1090.00000001068 1110.00000001086 1000.00000000405 939.999999999386 910.000000002035 929.999999997652 960 979.999999995589 1030.00000001152 1010.00000000222 990.000000002376 960 940.000000000153 909.99999999776 859.999999995509 809.999999997905 759.999999995498 760 759.999999999847 799.999999999847 840.000000013949 830.000000006531 850.000000002132 770.000000002444 680.000000000153 519.999999995549 430.000000002461 340.000000000153 260.000000000153 270.000000002632
429.999999998101 499.999999996191 570.000000002336 590.0000000022 700.000000004411 760.000000004422 800 840 849.99999999763 839.999999995532 819.999999999858 800.000000004206 790.000000006469 789.999999997743 820 810.000000002268 770.000000002274 789.999999998147 750.000000002427 690.000000002291 699.999999995691 699.999999995538 730.000000006781 730.000000002314 789.999999993611 719.999999991127 659.999999995623 600.000000004246 579.999999999716 599.999999995163 649.999999997789 640.000000004576 670.000000002365 680 699.999999999858 699.999999999858 739.999999999858 739.999999999716 689.999999997746 569.999999992804 459.999999995049 349.999999997732 309.999999997584 289.999999997436 290.000000002285 299.999999995276 269.999999997704 240 179.999999999858 119.999999994947 79.9999999998579 89.9999999973909 99.9999999998579
690.000000001916 759.999999999739 850.000000002058 880.000000004127 939.999999999869 990.000000002075 1019.99999999987 1009.99999999778 980.000000000131 980.000000000131 949.999999998028 900.000000000131 849.999999998016 800.000000000131 820.000000004513 799.999999995737 930.000000002268 920.000000000131 889.999999993554 840.000000000131 780.000000000131 719.999999995669 700.000000004604 730.000000002308 740 750.000000002319 720 730.0000000022 720 700.000000000131 720 720 720 700 669.999999997891 660.000000000131 649.999999997749 649.999999997743 690.00000000239 649.999999997868 589.999999997863 529.999999997726 469.999999997721 449.999999997584 400 360 350.000000002302 330.000000002308 320 299.999999999869 320 329.999999997669 320
640.000000004582 840.000000004354 939.999999995754 960.000000000239 989.999999998045 929.999999998158 869.999999998033 780.000000000119 689.999999997783 629.999999997777 580.000000000119 529.999999998124 449.999999998238 360.000000004491 450.000000002609 540.000000004752 650.000000002382 730.000000002149 779.99999999988 839.999999999881 840.000000000119 799.999999999761 689.999999997704 610.000000002183 579.999999995623 519.999999995731 500.000000000358 500.000000000119 510.00000000245 540.000000000119 530.000000002342 520 520 499.999999999881 440 369.999999993247 349.999999997863 350.000000002501 320.000000000239 320.000000000239 370.000000002512 440 520 580.000000004462 650.000000002177 659.999999999881 619.999999994907 589.999999997328 509.999999997442 419.999999999761 309.999999997311 170.000000002217 80
250.000000002166 240 270.000000002285 309.999999998033 289.999999998028 309.999999997914 380.000000000108 380.000000000108 340.000000000108 350.000000002325 319.999999999784 370.00000000212 360 420 450.000000002245 460.000000000108 460.000000000108 449.99999999817 440.000000000216 460.000000000108 500.000000000216 449.999999998147 440.000000004582 400.000000000216 389.999999997806 400 400 420.000000000108 420.000000000108 430.000000002331 399.999999995651 409.999999997766 409.999999997652 420.000000000108 380.000000000108 390.000000002257 399.999999999892 449.999999997516 500.000000000108 529.999999997618 620.000000004559 790.000000002393 910.00000000698 950.000000002512 990.000000002302 979.999999999892 960.000000000108 900.000000004962 829.999999997891 780.000000005201 749.99999999788 730.00000000245 669.99999999776
619.999999999517 610.000000001586 589.999999997345 489.999999997533 430.000000001893 450.000000001995 479.999999999807 519.999999999903 520 510.000000002115 529.999999997783 499.999999999903 529.999999997578 539.99999999971 570.000000001853 630.000000001762 599.999999999807 499.999999999903 389.999999997641 269.999999997635 109.999999997533 39.9999999996135 39.9999999998067 39.9999999999034 70.0000000021032 79.9999999999034 120 180.000000000097 259.999999999903 299.99999999971 319.999999999903 299.999999999903 339.999999999903 320 320 319.999999999807 360 400 440 440 490.000000002382 470.000000002484 510.000000002393 520.000000000193 560.000000004809 580.000000000097 560.000000000193 549.999999997772 589.999999997766 540.000000000097 550.000000002439 550.000000002444 569.999999997743
689.999999998272 689.999999998181 700.000000000256 680.000000000341 620.000000000256 600.00000000017 549.999999997982 540.000000000085 529.999999997971 540.000000000085 540.000000000085 520.00000000017 519.999999995725 480.00000000017 480.00000000017 469.999999997931 449.99999999784 440 440 419.999999999915 419.999999999915 400 420.000000000085 370.0000000022 360 339.999999999915 339.999999999915 360 369.999999997601 380 379.999999999915 370.000000002245 400 430.000000002257 440 429.999999997647 440 440 400 410.000000002285 429.999999997709 450.000000002296 469.999999997613 489.999999997692 470.000000002399 480 480 480 489.999999997664 499.999999999915 509.999999997652 520 530.000000002444
400 400 389.99999999784 379.999999999926 380.000000000074 390.000000002177 400 419.999999999926 409.999999997806 400 410.000000002132 440 440 420.000000000074 440 440 440 440 440 440 440 400 420.000000000074 440 409.999999997715 400 419.999999999926 440 440 429.999999997686 400 440 409.999999997669 400 419.999999999926 429.999999997652 440 440 450.000000002288 459.999999999926 459.999999999926 469.999999997624 480 480 480 480 480 480 480 510.000000002348 500.000000000074 499.999999999926 509.999999997635
370.00000000208 379.999999999937 400 400 400 400 410.000000002115 409.999999997817 400 400 400 430.000000002143 440 440 420.000000000063 440 440 440 440 440 440 440 440 440 440 440 440 440 449.999999997698 440 459.999999999937 440 440 440 440 440 440 460.000000000063 480 480 480 480 480 480 480 480 480 480 480 480 499.999999999937 489.999999997573 490.00000000237
400 400 400 400 400 400 400 400 440 440 440 440 440 440 440 440 440 440 440 440 440 440 440 440 440 440 440 450.00000000224 480 480 480 440 460.000000000051 460.000000000051 470.000000002331 480 480 480 480 480 480 480 480 499.999999999949 510.000000002331 520 489.999999997607 489.999999997601 520 499.999999999949 500.000000000051 509.99999999763 520
400 419.99999999996 419.99999999996 440 440 440 440 440 440 440 440 410.000000002154 430.00000000216 440 440 440 440 440 440 440 440 440 440 440 440 440 440 440 449.999999997709 480 480 469.999999997732 449.999999997726 440 470.000000002285 480 480 480 480 470.000000002348 480 469.999999997681 460.00000000004 480 460.00000000004 470.000000002382 480 480 489.999999997641 480 480 490.000000002416 520
400 380.000000000028 380.000000000028 390.000000002143 410.00000000212 440 440 440 440 440 440 440 440 440 420.000000000028 420.000000000028 420.000000000028 440 409.9999999978 380.000000000028 340.000000000028 300.000000000028 309.999999997777 310.000000002314 289.999999997766 300.000000000028 350.000000002274 400 420.000000000028 440 440 449.999999997726 430.000000002308 459.999999999972 449.999999997681 429.999999997704 409.999999997726 440 410.000000002368 349.999999997715 320 310.000000002353 329.999999997698 330.000000002393 340.000000000028 340.000000000028 360.000000000028 419.999999999972 430.000000002365 500.000000000028 499.999999999972 499.999999999972 520
129.999999997931 120.000000000034 140.000000000017 180.000000000051 210.00000000216 239.999999995737 300.000000000017 300.000000000017 320 360 360 349.999999997834 320 309.999999997823 300.000000000017 279.999999995623 179.999999995646 130.000000002234 100.000000000051 80.0000000000341 60.000000000017 40 70.0000000022283 89.999999997766 100.000000000017 100.000000000017 120.000000000034 140.000000000017 190.000000002279 240.000000000034 230.000000002308 300.000000000017 289.999999997732 280.000000000034 269.999999997704 279.999999995396 240.000000000034 189.999999997704 200.000000000034 180.000000000017 140.000000000017 129.999999997686 110.000000002387 150.000000002359 170.000000002348 220.000000004741 230.000000002393 300.000000000017 360.000000000017 390.000000002393 400 420.000000000017 440.000000000034
10.0000000021146 0 0 0 0 10.000000002143 40 40 50.0000000021544 90.0000000021657 70.0000000021771 60.0000000000057 60.0000000000057 40 40 40 40 29.9999999977888 19.9999999999943 19.9999999999943 9.99999999777174 0 0 -9.99999999776037 0 0 0 10.0000000022681 20.0000000000057 40 40 40 30.0000000022965 80 49.9999999976922 60.0000000000057 80 69.9999999976808 29.9999999976779 0 19.9999999999943 0 0 -10.0000000023476 0 20.0000000000057 30.0000000023704 40.0000000000114 100 120 140.000000000006 109.999999997607 140.000000000006
