Prepped_data/Covariate_Data/All_data/0.5deg/Palaeo/teyep_DEM_0.5.asc
NCOLS 720 
NROWS 360 
XLLCORNER -180 
YLLCORNER -90 
CELLSIZE 0.5 
NODATA_value -9999 
[rows 23 to 45 of 360, columns 408 to 458 of 720]
-5029.99999999495 -5040 -5049.99999999576 -5020 -5030.00000000425 -5030.00000000426 -5030.00000000426 -5040.00000000089 -5030.00000000427 -5030.00000000428 -5040 -5030.00000000429 -5029.99999999953 -5019.99999999617 -5029.99999999569 -5029.99999999569 -5020.00000000383 -5030.00000000433 -5019.99999999134 -5000 -5009.9999999908 -5019.99999999617 -5000.00000001253 -5010.0000000169 -5019.99999999892 -5019.99999999126 -5019.99999999617 -5050.00000000056 -5040 -5040 -5040 -5010.00000000058 -5040 -5040 -5029.99999999558 -5029.9999999994 -5030.00000000443 -5030.00000000061 -5040 -5049.99999999555 -5040 -5020.00000000127 -5050.00000000447 -5040 -5029.99999999935 -5029.99999999934 -5020.00000000516 -5010.00000000966 -4790.00000002475 -4450.00000005397 -3980.00000001255
-5030.00000000041 -5029.99999999958 -5029.99999999958 -5040 -5029.99999999575 -5030.00000000894 -5050.00000000426 -5030.00000000426 -5020.00000000472 -5040 -5020 -5030.00000000429 -5029.99999999571 -5029.99999999952 -5020.00000000381 -5030.00000000431 -5020 -5030.00000000051 -5039.99999999516 -5000.00000000866 -4740.00000003986 -4429.99999999947 -4440 -4429.99999999565 -4429.99999998692 -4439.99999999127 -4420.00000000381 -4690.00000004633 -4840.0000000564 -4990.00000000324 -5020 -5020.00000000381 -5029.99999999941 -5010.0000000006 -5040 -5009.99999999939 -5029.99999999939 -4580.00000000134 -5030.00000000444 -4720.00000002415 -5040 -5030.00000000446 -4999.99999998978 -5049.99999999041 -4900.0000000088 -4440.0000000189 -3860.00000001773 -3550.00000001458 -3210.0000000094 -2920.00000000625 -2859.99999999619
-5030.00000000422 -5030.00000000042 -5030.00000000423 -5040 -5039.9999999962 -5009.99999999487 -5019.9999999962 -5020.00000000471 -5040 -4740.00000004183 -4130.00000003187 -3820.00000003327 -3700.00000003326 -3680.00000004183 -3710.00000004993 -3720.00000005044 -3670.00000004031 -3740.00000006465 -3850.00000004995 -4010.00000004235 -4060.00000003423 -4060.00000003423 -4340.00000007333 -4360.00000006845 -4490.0000000717 -4500.00000008097 -4550.00000008803 -4850.00000002225 -4880.00000004033 -4540.00000006729 -4500.00000006348 -4540.00000008078 -4990.0000000082 -5040 -4990.00000001202 -5019.9999999962 -4559.99999996834 -4710.00000003725 -4999.9999999962 -4899.99999999494 -5029.99999999936 -5029.99999999935 -4890.00000001075 -4330.00000003209 -3850.00000000694 -3470.00000000045 -3160.00000001386 -2909.99999999932 -2829.99999999551 -2800.00000000761 -2770.0000000097
-5030.00000000422 -5030.00000000422 -5030.00000000422 -5010.00000000423 -5029.99999999956 -5030.00000000045 -5019.9999999953 -4360.00000000022 -3120.00000004649 -2780.00000000949 -2680.00000000095 -2680 -2700.00000000477 -2680 -2720.00000000858 -2719.99999999899 -2710.0000000043 -2740.00000000862 -2830.00000000052 -2840.00000000379 -2860.00000000379 -2860 -2880.00000000379 -2899.99999999131 -2920.00000000758 -2939.99999999887 -2940.00000001251 -2960.00000000379 -3040.00000002391 -3060.00000000758 -3060.00000001517 -3050.00000001955 -3100.00000003154 -3380.00000004292 -3750.00000004355 -4160.00000007831 -4450.0000000815 -4640.00000005434 -4590.0000000398 -4240.00000002898 -3800.00000002265 -3510.00000001569 -3190.00000002077 -2880.00000000871 -2789.9999999942 -2740.00000000379 -2710.00000001342 -2730.0000000031 -2740 -2740.00000000379 -2709.9999999993
-4740.0000000581 -4580.00000003576 -4620.00000006717 -4640.00000006804 -4670.00000006759 -4670.00000003175 -3410.00000002426 -2720.00000000378 -2679.99999999906 -2700.00000000378 -2679.99999999622 -2680 -2680.00000000378 -2709.99999999572 -2720.00000000479 -2749.99999999571 -2769.99999999192 -2779.99999999517 -2850.00000000431 -2869.99999999947 -2869.99999999946 -2869.99999999945 -2870.00000000433 -2819.99999999399 -2860.00000000378 -2889.99999999943 -2870.00000000928 -2859.99999999128 -2870.00000000059 -2879.99999999504 -2889.9999999994 -2869.99999999562 -2880.000000005 -2860.00000000378 -2780.00000000254 -2779.99999999119 -2789.99999999559 -2799.99999999873 -2850.00000000692 -2770.00000000313 -2759.99999999869 -2740.0000000051 -2720.00000000245 -2730.00000000067 -2690.00000000581 -2729.99999999932 -2689.99999999931 -2689.99999999553 -2670.00000000448 -2680 -2680
-2730.00000000421 -2760 -2749.99999999579 -2749.99999999955 -2729.99999999669 -2720 -2720 -2700 -2690.00000000329 -2709.99999999952 -2699.99999999623 -2709.99999999475 -2760 -2770.00000000529 -2800.00000000479 -2810.00000000429 -2810.00000000325 -2790.00000000324 -2779.99999999516 -2769.99999999946 -2739.99999999891 -2740.00000000487 -2760.00000000488 -2730.00000000056 -2760.00000000867 -2800 -2840 -2870.00000000435 -2869.99999999941 -2859.99999999881 -2829.99999999819 -2849.99999999562 -2829.99999999562 -2829.99999999561 -2809.99999999686 -2790.00000000817 -2780.00000000881 -2739.99999999872 -2709.99999999558 -2710.00000000442 -2710.00000000066 -2710.00000000066 -2720 -2759.99999999246 -2750.00000000068 -2739.99999999246 -2700 -2679.9999999986 -2679.99999999246 -2680.00000000142 -2759.99999999857
-2750.00000000884 -2819.99999999911 -2789.99999999579 -2789.99999999955 -2749.99999999954 -2760 -2729.99999999953 -2720 -2740.00000000472 -2759.99999999624 -2770.00000000049 -2800 -2820.00000000477 -2809.99999999095 -2800.00000000855 -2749.99999999948 -2709.99999999571 -2710.00000000429 -2720 -2719.99999999624 -2759.99999999624 -2789.99999998817 -2789.99999999568 -2809.99999999681 -2799.99999999739 -2810.00000000058 -2770.00000000176 -2780.00000000494 -2800 -2800 -2790.00000000061 -2819.99999999501 -2809.99999999562 -2819.99999999624 -2809.99999999561 -2770.00000000815 -2799.9999999912 -2790.00000000065 -2790.00000000196 -2829.9999999969 -2819.99999998873 -2879.99999999248 -2940 -2930.00000000444 -2909.99999999794 -2860 -2789.9999999993 -2790.0000000007 -2819.99999999624 -2870.00000000215 -2860.00000000231
-2779.99999999536 -2780.00000000375 -2770.00000000045 -2800.00000000467 -2760.00000000093 -2780.00000000469 -2739.99999999155 -2730.00000000326 -2780.00000000847 -2830.00000000049 -2800 -2799.99999999899 -2780 -2740.00000000375 -2710.00000000427 -2710.00000000427 -2720 -2750.00000000054 -2809.99999999945 -2880 -2899.99999999889 -2900.00000000375 -2890.00000000431 -2910.00000000807 -2930.00000001672 -2960.00000000749 -3010.00000000808 -3039.99999999131 -3019.99999999625 -3029.99999999312 -3019.99999999625 -3019.99999999625 -3009.99999999937 -3010.00000000438 -2989.99999999562 -3000.00000000375 -2980.0000000013 -2980.00000000131 -2989.9999999956 -2949.99999999559 -2910.00000000442 -2950.00000000442 -2850.00000000817 -2809.99999999419 -2750.00000000305 -2720 -2700.00000000141 -2700.00000000375 -2699.99999999857 -2690.00000000677 -2500.00000001207
-2800 -2790.00000000419 -2800.00000000092 -2789.9999999958 -2790.00000000047 -2759.99999999253 -2760 -2750.00000000422 -2730.00000000049 -2760.00000000373 -2730.00000000424 -2660.00000000102 -2690.00000000425 -2670.00000000052 -2680.00000000479 -2710.00000001281 -2700.00000000481 -2709.99999999945 -2729.99999999945 -2740.00000000373 -2750.0000000043 -2740.00000000487 -2750.00000000431 -2750.00000000058 -2740 -2760 -2770.00000000433 -2749.9999999994 -2749.99999999939 -2780.00000000123 -2810.00000000809 -2840.00000000747 -2880.00000000873 -2910.00000000811 -2920.00000000245 -2900.00000000876 -2920.00000000878 -2959.99999999253 -2960 -2910.00000000814 -2909.99999999932 -2870.00000000068 -2760.00000000138 -2670.00000000443 -2650.00000000443 -2630.00000001332 -2590.00000001049 -2520.00000001264 -1949.99999999206 -1280.00000002032 -800.000000012005
-2770.00000001255 -2769.99999999861 -2749.99999999488 -2749.99999999953 -2769.99999999857 -2739.99999999903 -2750.00000000421 -2720 -2720 -2710.00000000051 -2710.00000000423 -2709.99999999576 -2719.99999999523 -2680.00000000478 -2710.00000000426 -2720.0000000048 -2750.00000000427 -2740.00000000372 -2700.00000000484 -2680 -2680 -2680.00000000115 -2690.0000000043 -2710.00000000059 -2709.99999999941 -2649.99999999568 -2639.9999999988 -2659.99999999878 -2690.00000000061 -2630.00000000062 -2599.99999998883 -2730.00000000063 -2739.99999999128 -2750.00000000308 -2830.00000000065 -2860.00000000503 -2850.00000000066 -2880.00000000239 -2890.00000000439 -2890.00000000305 -2869.99999999559 -2860.00000000372 -2809.99999999931 -2660.00000000232 -2310.00000002908 -1900.00000002038 -1340.00000001518 -800.000000010562 -580 -420.000000008236 -239.999999996277
-2740.00000000836 -2739.99999999535 -2729.99999999582 -2749.99999999581 -2689.99999999952 -2659.99999999902 -2360.00000003242 -2300.00000004925 -2540.00000001957 -2729.99999999206 -2729.99999998628 -2709.99999999577 -2709.99999999947 -2670.00000000318 -2689.99999999946 -2669.99999999203 -2680.00000000853 -2709.99999999944 -2760 -2749.99999999943 -2770.000000008 -2729.99999999571 -2720.00000000371 -2699.99999999511 -2639.99999999019 -2600.00000000742 -2620.00000000493 -2640 -2629.99999999567 -2620 -2630.00000001177 -2700.00000000371 -2620.00000000742 -2560.00000000742 -2510.00000000677 -2650.00000002425 -2760.00000000371 -2760.00000000742 -2750.00000001552 -2620.00000002364 -2310.00000004894 -1869.99999999608 -1440.00000000925 -1050.00000002387 -799.999999998579 -580.000000007424 -370.000000006702 -269.99999999556 -260.000000005178 -240.00000000519 -229.999999995543
-2710.00000000417 -2710.00000000418 -2700 -2689.99999999952 -2609.99999999581 -1619.99999996149 -709.999999994799 -749.999999993105 -1090.00000002311 -1930.00000002582 -2610.00000002112 -2729.99999999947 -2709.99999999576 -2660.00000000848 -2640.00000000849 -2629.99999999575 -2640.0000000037 -2660.00000000483 -2629.99999999089 -2660.0000000037 -2700.00000000856 -2709.99999999941 -2669.99999999083 -2630.0000000006 -2560 -2550.00000000431 -2560 -2570.00000000062 -2579.99999999505 -2560.0000000074 -2420.0000000037 -2450.00000000434 -2520.0000000037 -2589.99999999935 -2500.00000000608 -2240.00000003093 -1900.00000000708 -1570.00000004373 -1210.00000000769 -1000.00000000835 -810.000000004394 -720.000000009703 -550.000000002996 -499.9999999963 -449.999999995583 -429.999999995578 -379.9999999963 -329.999999995566 -229.999999997038 -209.999999997044 -179.999999991098
-2750.00000000417 -2760 -2749.99999999583 -2679.99999999533 -2339.99999998669 -1119.99999998393 -479.999999990598 -230.000000011579 -470.000000033134 -880.000000012113 -1250.00000003216 -1660.00000004534 -2030.00000003005 -2160.00000003798 -2210.00000004592 -2270.00000003633 -2310.00000002895 -2370.00000002157 -2450.00000001049 -2370.00000001165 -2490.00000000796 -2560.00000000369 -2600.0000000025 -2590.00000001167 -2560.00000001228 -2580.00000000246 -2550.000000008 -2499.99999999506 -2449.99999999937 -2490.00000000305 -2480.00000001107 -2260.00000001715 -2010.00000003124 -1520.00000000948 -1030.00000000907 -760.000000008384 -669.999999994282 -630.000000006696 -550.00000001038 -479.999999996311 -450.000000004388 -440 -440 -440 -450.000000000722 -420.000000003689 -409.999999995578 -400 -380 -329.999999986682 -310.000000000756
-2680.00000000464 -2689.99999999951 -2660.00000000465 -2629.99999999484 -2259.99999996825 -1089.99999996768 -339.999999990598 -50.000000004195 -80.0000000047237 -160.000000007356 -310.000000018923 -510.000000015251 -590.000000018935 -650.000000015262 -670.000000006798 -710.000000015274 -679.999999998863 -580.000000004826 -610.000000004258 -630.00000000677 -650.00000001898 -660.000000022067 -670.000000022669 -710.000000009209 -750.000000010419 -810.000000031281 -760.000000009783 -740.000000014711 -730.000000019025 -710.000000010391 -670.000000006708 -620.000000003678 -590.000000006696 -470.000000012716 -340.000000003678 -329.999999999324 -280 -300.000000003678 -360 -390.000000004377 -400 -429.999999999289 -429.999999999284 -430.0000000044 -420.000000003678 -409.999999999267 -409.999999999261 -400 -400 -379.999999991132 -350.000000004439
-2670.00000000416 -2590.00000000416 -2550.00000000515 -2609.99999999583 -2249.99999997876 -1029.99999997237 -229.999999990081 0 -29.9999999994713 -80 -140.000000003666 -180.000000004758 -259.999999995231 -330.000000004223 -329.999999999437 -320 -320.000000001148 -330.000000004246 -329.999999999414 -309.999999999409 -320 -299.999999996334 -339.999999996334 -350.00000000428 -329.999999995714 -300.000000003666 -309.999999999369 -269.999999990757 -290.000000000642 -280 -280 -280 -280 -289.999999999329 -270.000000004343 -260 -290.000000000688 -299.999999996334 -310.000000000699 -320 -320 -340.000000003666 -369.999999999278 -380.000000005122 -389.9999999934 -430.000000000739 -439.999999996334 -419.999999996334 -400 -400 -380.000000003666
-2609.99999999585 -2660.000000001 -2719.99999999634 -2629.99999999483 -1919.99999997822 -690.000000002103 -110.000000003132 -80 -69.9999999994657 -60.000000004735 -90.0000000042007 -90.0000000042064 -210.000000005326 -220.000000004781 -300.000000003655 -250.000000000574 -240 -240 -250.000000004246 -269.999999999403 -320 -360 -360 -359.999999991451 -320 -320 -300 -280 -289.999999999352 -280 -280 -280 -289.999999999329 -270.000000005684 -269.999999999318 -310.000000000688 -329.999999995651 -339.999999996345 -380 -349.999999995634 -380.000000003655 -370.000000000722 -410.000000004383 -420 -469.999999999261 -480 -480 -440 -389.999999999238 -329.999999991922 -320
-2650.00000000779 -2639.99999999535 -2599.99999999899 -2269.99999997775 -829.999999992735 -119.999999998954 -40.0000000036437 -59.9999999989313 -70.00000000054 -40.0000000036437 -30.000000004195 -80.0000000047578 -140.000000004769 -340.00000000478 -329.999999995782 -279.999999991553 -290.000000004229 -300.000000003644 -300 -339.999999996356 -340.000000003644 -349.999999995742 -360 -360 -320 -299.999999996356 -350.000000000642 -339.999999996356 -310.000000000654 -280 -280 -279.999999996356 -280.000000001353 -340.000000005008 -399.999999996356 -400 -400 -380.000000005053 -360 -369.99999999564 -370.000000004366 -370.000000004371 -369.999999999267 -369.999999999261 -350.000000011676 -420.000000008788 -549.9999999956 -509.999999995595 -500 -449.999999988296 -389.999999995578
-2679.99999998345 -2660.00000000465 -2420.00000000317 -829.999999993275 -90.0000000067416 -40 -20.0000000036323 -10.0000000078046 19.9999999963677 0 -40 -100 -250.000000005338 -289.999999995794 -280 -299.999999996368 -299.999999996368 -320 -339.999999996368 -359.999999996368 -360 -379.999999996368 -360 -280 -310.000000000637 -310.000000000642 -340 -320.000000003632 -319.999999996368 -350.000000004297 -329.999999994355 -299.999999995015 -280 -269.999999994304 -300.000000005019 -390.000000004331 -360 -330.000000002922 -290.000000007981 -219.999999994924 -149.999999999272 -180.000000005099 -189.999999999261 -200.000000003632 -200 -180.00000000212 189.999999989865 59.9999999766714 -100.000000021254 -390.000000011676 -420.000000002063
-960.000000022277 -650.00000001294 -280.000000007759 -19.9999999953332 -20 -40 29.99999999946 3.62092578143347e-09 -10.0000000041723 -40 -80.0000000011255 -239.999999992758 -280 -289.999999995799 -280 -300 -320 -389.999999999397 -360 -350.000000000614 -330.00000000424 -329.999999999375 -370.000000004252 -440 -440 -419.999999996379 -430.000000000654 -430.000000000659 -420.000000004951 -369.999999995708 -289.999999999324 -260.000000002257 -240.000000003621 -250.000000004314 -240 -240 -249.999999999289 -250.000000000716 -229.999999999278 -210.000000000728 -220 -259.999999994901 -140.000000002132 -80 -59.999999994867 380.000000027819 460.000000019639 380.00000000415 -10.0000000038938 -189.999999995595 -259.999999996379
-210.000000011346 -70.0000000030894 -9.99999999947704 0 -19.9999999963904 -40 -40 -89.9999999969418 -139.999999997505 -239.999999992781 -269.999999999432 -280 -280 -299.999999995219 -320 -320 -329.999999994583 -360 -350.000000000614 -340.000000008458 -319.999999998749 -350.00000000424 -329.999999999363 -370.000000004252 -399.999999991485 -430.000000004263 -440 -410.000000000665 -430.00000000428 -359.999999995038 -299.999999998636 -250.000000004297 -200.000000015825 -169.999999999301 -189.999999999295 -160.00000000361 -240 -209.999999995669 -79.9999999949352 -50.0000000043428 10.0000000022169 -39.9999999985107 199.999999990672 489.99999998783 630.000000006457 389.999999985334 90.000000006446 -199.999999992781 -269.999999993565 -370.00000000079 -360
-40 -10.0000000005258 -40 -40 -40.0000000046782 -130.000000004144 -190.000000001654 -240 -240 -260.000000004735 -280 -280 -280.000000004769 -289.999999999409 -280 -300.000000003598 -280 -320.000000008424 -350.000000004218 -360 -370.000000000631 -269.999999995765 -270.00000000424 -300 -349.999999999346 -360.000000008515 -369.999999995737 -399.999999998658 -340 -240.000000002234 -180.000000007196 -150.000000004292 -169.999999989308 -80 -60 -110.000000004314 -80.0000000021544 10.0000000021828 19.9999999978684 439.999999995759 709.999999986352 769.999999997749 550.000000004928 120.00000000415 -119.999999999471 -250.000000002319 -309.999999999221 -340 -310.000000007986 -289.999999999204 -280.000000008799
-80 -50.0000000005315 -99.9999999964132 -169.999999996953 -219.999999984561 -260 -280 -280 -289.999999995845 -280 -280 -269.999999999414 -290.000000000591 -280 -309.999999997016 -360 -349.999999992212 -330.00000000062 -319.999999992826 -360 -360 -280 -280 -280 -280 -280 -360 -349.999999990797 -269.999999995731 -179.999999998624 -209.99999999572 -209.999999995714 -120.000000003587 -159.999999998579 -189.999999999284 -169.999999999278 2.91037949295969e-09 420.00000000652 880.000000018781 730.000000002842 450.000000001336 130.000000004906 -139.99999999435 -400.000000010243 -400 -370.000000002808 -220.000000015916 -240 -179.999999994822 -240 -280
-70.0000000051784 -149.999999995887 -210.00000000054 -309.999999999454 -320 -330.000000004132 -320 -300.000000003575 -300.000000004724 -289.99999999942 -290.000000004161 -290.000000004167 -360 -360 -360 -350.000000004189 -410.000000013824 -440 -369.999999995794 -360 -369.999999995782 -369.999999995777 -370.000000004229 -350.000000004235 -360 -360 -360 -320 -259.999999991473 -249.999999997118 -249.99999999215 -249.999999993554 -259.999999996424 -249.999999995708 -79.9999999949807 20.0000000050306 520.000000008617 669.999999986437 580.000000000597 329.999999987023 159.999999992849 -200.000000006622 -430.000000005878 -420.000000001546 -279.999999996424 -90.0000000043599 -140.000000003575 -150.000000009538 -189.999999999199 -220 -190.000000004388
