Prepped_data/Covariate_Data/All_data/0.5deg/Palaeo/teyeo_DEM_0.5.asc
NCOLS 720 
NROWS 360 
XLLCORNER -180 
YLLCORNER -90 
CELLSIZE 0.5 
NODATA_value -9999 
[rows 92 to 114 of 360, columns 468 to 519 of 720]
190.000000004178 160 139.999999996959 120 130.00000000116 210.000000001165 259.999999996959 310.000000004218 479.999999988512 520.000000002376 599.99999999153 519.999999996959 429.999999995754 419.999999996959 469.999999995742 490.000000001222 510.000000001228 560 630.000000001239 739.999999993366 680.000000005542 890.000000001256 979.9999999934 979.999999983271 1020 960.000000000483 830.000000006895 829.99999999871 790.000000007378 830.000000013029 810.000000013046 1040.00000001133 749.999999983879 780 820.000000003041 980.000000000369 669.999999983811 489.999999995612 430.0000000071 490.000000001358 500.000000003041 540.000000006082 560.000000002751 710.000000004144 879.999999988097 789.999999975276 489.999999995558 569.999999998593 770.000000004454 930.000000022501 1839.99999997987 2240.00000013358
149.999999998857 149.999999998852 130.000000001154 160.000000005349 160 200 270.000000009589 310.000000004212 480.000000002376 600 570.000000004229 520.00000000847 460.00000000303 480 450.000000004252 500 520.00000000303 520 590.000000004275 760.00000001159 790.000000004286 889.999999998232 930.000000004297 830.000000010363 889.99999998243 700.00000000303 800.000000014251 829.999999998704 739.99999999697 640 640.000000008686 680.000000006059 670.000000004735 670.00000000739 939.99999999697 1119.99999999965 1209.99999999596 1009.99999998285 999.999999993315 849.999999986517 1220.00000004458 1220.00000002037 2089.99999987734 2799.99999989814 1949.99999997158 969.999999978073 549.999999981063 570.000000004442 770.000000007284 829.999999998394 930.000000007489 1320.00000009217
120 160 120 120 200 250.000000001177 260.000000005383 360.000000005394 510.000000015024 569.9999999988 540.000000003018 500 480 400 400 460.000000008504 480 610.000000003735 780.00000001354 809.999999992707 830.000000001262 699.999999994446 689.999999998727 779.999999997442 629.999999998715 650.000000007327 590.000000004314 660.000000003018 660.000000003018 719.999999991729 560 469.999999998675 440.000000006037 410.000000001683 670.000000034208 670.000000002643 640.000000003331 1230.00000004362 810.000000031258 1530.00000004994 860.000000027433 1620.00000011613 1899.99999993686 1379.99999997725 1050.00000001628 790.000000016499 629.999999998587 560.000000006219 740.000000020617 869.999999995552 930.000000013361 979.999999988063
110.000000001154 200 160.000000000676 169.999999995822 160 209.999999998818 230.000000004195 390.000000001194 590.000000004206 529.999999993378 420.000000003007 430.000000004223 389.999999992764 360 370.00000000424 520.000000002478 600 640.000000005508 770.000000004263 799.999999997476 769.999999998732 630.00000000428 550.000000007293 580.000000006014 519.999999994412 470.00000000731 580.000000008617 520 560.000000006014 570.00000001034 550.000000007696 399.999999994333 299.999999994321 299.999999996993 310.000000007361 280 370.000000007373 480.000000008742 359.99999999726 300.000000014523 670.000000033236 1059.99999993804 530.000000025005 450.000000016013 520.000000008828 309.999999995762 409.999999995575 570.000000004431 720.00000001474 840.000000005878 910.00000000733 1070.00000000445
120 89.9999999988347 80 120 130.000000004178 160 260.000000005383 390.000000004195 520.000000002996 400 380 350.000000004218 340.000000005451 339.999999997004 360 450.000000001245 540.000000005497 620 620.00000000552 670.000000010255 620.000000002996 509.999999998721 429.999999998715 390.000000001705 360 360 370.000000004303 360 360 360 370.00000000133 349.999999998664 449.99999999535 380.000000000301 339.999999996714 299.999999979588 230.000000001631 340.000000020202 1070.00000006435 1499.99999987468 1489.99999999517 1069.99999999582 799.99999999161 550.000000001404 629.999999998587 429.999999995745 399.999999991161 380.000000005855 580.000000014728 790.000000001555 960.000000032645 1230.00000001643
120 80 80 120 120 150.000000004178 190.000000001199 290.000000004189 340.000000002984 340.000000005417 330.000000001222 319.99999999456 309.999999998766 419.999999997016 389.999999995771 479.999999997016 540.000000005497 500.000000005508 590.000000001717 580.000000002984 480.000000005969 429.999999998715 360 360 360 360 380.000000002984 360 360 360 379.999999997016 360.000000008652 369.999999998653 340.000000000278 580.000000005701 1349.999999978 2080.00000003733 609.99999987678 950.00000001719 1759.99999996566 1170.00000000477 720.000000006156 510.00000000158 559.999999997181 419.999999997016 309.999999992744 329.999999995586 360 400.000000020685 539.999999991229 500.000000002984 560.0000000059
109.999999995856 80 110.000000004155 120 129.999999995833 80 170.000000012534 220.000000002973 250.000000004189 300.000000005417 270.000000007174 310.000000007179 269.999999998761 300.000000002973 350.000000009697 430.000000004229 400 440 510.000000001273 520 469.999999998715 399.999999997419 360 369.999999998698 400 360 389.999999995708 390.000000004297 389.99999999867 410.000000001336 479.999999997027 420.00000000511 710.000000009737 890.000000008743 1860.00000006744 2515.00000010439 940.000000026978 550.000000019219 629.999999987517 399.999999988484 460.00000000262 600.000000005781 610.000000015967 559.999999994054 439.999999994179 429.999999995597 410.000000004408 289.999999983876 260.000000008839 420.000000002905 559.999999994054 650.000000001464
80 80 109.99999999585 130.000000004155 190.000000004161 169.999999998795 240 120 110.000000007145 210.000000004189 219.999999994571 260.000000008401 279.999999994077 280 309.999999995782 330.000000004223 349.999999995771 440 409.99999999024 440 509.999999995748 409.999999992781 349.999999998698 360 380.000000002962 389.99999999572 380.000000002649 380 360 369.999999992735 379.999999999733 900.000000042888 2450.00000007417 2710.00000002482 2729.99999997605 2529.99999997344 1870.00000006278 1309.99999988757 320.000000017064 690.000000027063 2140.00000002935 749.999999966013 1009.99999993948 1180.00000003991 849.999999951493 809.999999986628 639.999999999841 549.999999974997 669.999999983683 2300.00000008807 2810.00000002805 2609.99999994529
90.0000000011823 80 120 120 129.999999998795 120 170.000000001734 149.999999995828 180 180.00000000295 169.999999998761 240 249.999999998749 269.999999995794 280 280 300.00000000295 330.000000001671 340.00000000295 320.000000008481 360.000000014035 470.000000001302 429.999999990177 300 339.999999994412 330.000000007225 369.999999993059 310.00000001553 350.000000012608 790.000000006736 779.9999999941 1190.00000000703 1560.00000010805 1510.00000001148 620.00000000885 549.999999966917 620.000000011448 690.000000065637 1480.00000009628 1290.00000007473 1729.99999995938 2160.00000004437 2300.00000002065 2540.0000000059 2659.9999999941 2729.99999998676 2349.99999997796 2049.99999995144 2169.99999999834 1679.99999993523 1300.00000002655 1189.99999996312
80 80 110.000000001199 120 120 120 130.000000001222 160 160 149.999999995822 160 160 169.999999998744 190.000000004201 209.999999998732 230.000000001273 249.99999999834 259.999999997061 280 250.000000001643 210.000000004241 260.000000008492 360.000000014381 519.999999994122 439.999999988535 339.999999997061 320.000000008282 270.000000001341 410.000000001103 509.999999998647 980.00000001425 519.999999994543 320.000000005679 510.000000007066 660 750.000000006935 749.999999966587 1079.99999992402 409.999999981094 359.999999970851 740.000000028308 1279.99999997042 1939.99999997061 2239.99999999978 2500.00000000882 2659.99999999706 2570.00000000733 2320.00000002055 2259.99999995306 1489.9999999809 699.999999970566 260.000000014762
80 80 110.000000004132 120 120 120 130.000000001228 160 160 160 360.000000024642 289.999999990376 160 220.000000005463 310.00000000382 340.000000008413 320 320 300 280 280 249.999999995759 220.000000008492 380.000000005576 720.000000005588 730.000000007191 460.000000002927 310.000000012824 479.999999994145 469.999999998641 550.000000006622 919.999999953911 740 819.999999985033 2040.00000001479 2210.00000001032 1380.00000001796 1109.99999999005 1329.99999999523 2219.99999999698 1939.99999998286 1570.00000001907 1890.0000000043 2250.00000000139 2570.0000000102 2609.99999999855 2590.00000001025 2290.00000001025 1550.00000001312 879.999999976467 369.999999998519 629.999999989777
80 80 80 120 120 120 120 160 160 160 170.000000001256 350.000000009618 1020.00000002548 609.999999983777 389.999999992889 280 310.00000000129 299.999999997084 250.000000001302 280.000000002615 340.000000005542 310.000000001319 280.000000005832 230.000000010078 420.000000019924 660.000000005366 629.999999992599 529.999999983856 1159.99999998674 2609.99999999845 2379.99999998595 1979.999999971 1609.99999997575 1569.99999999541 1609.99999998973 1639.99999998238 1859.99999998542 2079.99999997686 2109.99999999267 2050.00000001002 2190.00000002463 2190.00000002185 2360.00000000583 2610.00000000433 2639.99999998543 1679.99999995918 420.000000002882 630.000000001538 930.000000004425 999.999999994122 900.000000008805 1010.00000000732
80 80 80 120 120 140 160 160 170.000000004155 160 160 200 300.000000002905 390.000000009993 609.999999996817 650.000000037431 789.999999995174 350.000000004206 310.000000004212 250.000000010027 340.000000002638 289.999999992866 209.99999999867 179.999999997095 259.999999999557 479.99999999398 1120.00000000231 1950.00000001241 1950.00000001967 1110.0000000046 1020.00000000856 1439.99999999681 2090.00000000126 2160.00000000267 2110.00000000129 2049.99999998417 2109.99999999287 2229.99999998138 2240.00000001705 1999.99999999409 1519.99999996813 2200.00000002609 2360.00000001451 2300.00000001162 1910.0000000072 1140.00000000281 910.000000007279 879.99999999705 990.000000007347 1120 1109.99999998689 1050.0000000015
80 80 110.000000001222 160 170.000000004127 200 200 200 200 200 200 200 200 210.000000001285 220.000000005474 349.999999998403 1000.0000000026 900.00000000868 650.000000001046 1090.00000002344 1520.00000002555 1760.00000001689 2240.00000001091 2299.99999997396 2490.00000000424 2379.99999999729 1799.99999999474 1289.99999997855 1199.99999997975 1459.99999998814 2030.00000000388 2350.00000000139 2430.00000000139 2420.00000000289 2440.00000000289 2420.00000000289 2400.00000000579 2420.00000000289 2389.99999999572 1809.99999999 879.999999991337 920.000000014455 1079.99999998553 1190.00000000144 1159.99999999415 969.999999995592 980.000000008737 890.000000001481 889.99999999562 970.000000007279 1040.00000000289 1100.0000000059
80 90.0000000012221 120 180.000000005349 240.000000002478 280 280 269.999999995862 240 240 200 190.000000004161 230.000000001285 179.999999986494 220.000000002592 360.000000002603 670.000000009686 2159.9999999927 2199.99999998295 2219.99999997165 2369.99999999845 2310.00000000485 2060.0000000317 2130.00000001018 1930.00000000459 1900.00000000272 2049.99999999575 2080.00000000288 2100.00000000288 2100.00000000576 2100.00000001153 1930.00000001302 2110.0000000186 2290.0000000014 2439.99999999142 2360.00000001729 2080.00000001449 1560.00000003167 1030.00000001298 689.999999992809 660.000000011534 610.000000001432 630.000000007219 640.000000008686 640 780.000000008714 920.000000011687 1050.00000001004 1120 1120 1140.00000000288 1019.99999999986
99.9999999971294 120 120 140.00000000822 350.000000015217 380.00000000324 369.999999998386 339.999999994606 289.999999995862 240.000000005417 220.000000002871 239.999999997129 190.00000000129 280.000000008055 420.000000005474 610.000000001563 1460.00000000238 2250.00000002645 2230.00000001523 2269.99999999951 1389.99999999946 1100.00000001379 1569.99999999525 1669.99999999865 1600.00000001722 1410.00000001299 1350.00000001846 1480 1680.00000000574 1700.00000000861 1620.0000000114 1670.00000001568 1820.00000001429 1750.00000000161 1189.99999999587 820.00000000577 589.999999998573 570.000000004303 590.000000004309 600.000000002871 570.00000000432 619.999999991348 619.999999991337 640 669.999999998604 660.000000002962 700 740.000000002984 760.000000005741 760.000000005741 710.000000001361 590.000000001356
130.000000004087 120 160 130.000000001245 99.9999999971408 139.999999997141 200.000000008242 229.999999993014 230.000000001273 220.000000002859 250.000000004144 270.00000000129 290.000000001296 360.000000002859 380 350.000000006798 1140.00000005716 2279.99999999735 2039.9999999867 659.999999981111 360.000000008578 500.000000031287 600.000000039415 960.000000016871 1180.00000000845 1339.99999999154 1380.00000000847 1410.0000000072 1340.00000000286 1290.00000001276 1249.9999999958 1160.00000000005 939.999999991502 699.99999999431 579.999999994299 510.000000001427 570.000000001432 589.999999998579 620.000000000028 700.000000005758 719.999999994282 810.000000001461 769.999999998533 730.000000007191 680 710.000000001486 690.000000004351 719.999999994282 709.999999995637 640 560 509.999999998479
149.999999995919 150.000000004087 160 190.000000001251 190.000000001256 290.000000001262 340.000000008544 319.99999999236 289.999999995873 239.999999997431 209.999999995862 190.000000004144 330.000000009601 369.999999995845 330.000000004161 279.999999989029 570.000000022715 1289.99999998784 329.999999996345 259.999999994469 189.999999993111 109.999999990246 280.000000008151 780.000000008424 1020.00000000844 1070.00000000992 1030.00000000708 1030.00000000146 1120.00000001133 1250.00000000709 1249.99999998444 1099.99999999718 879.999999997169 709.999999998579 729.999999998579 710.00000000145 789.999999995714 689.99999999286 720 720 790.00000000723 779.999999997067 720 739.999999997152 690.000000001361 700.000000011528 739.999999997152 720 760 649.999999992608 499.999999996959 449.999999998474
149.999999995924 160 160 200 199.999999999687 329.999999998431 289.999999979451 239.999999994327 319.99999999406 420.000000027342 789.99999997836 709.99999988213 200.000000005451 250.00000000415 269.999999993207 279.999999991678 480.000000003365 259.999999991326 479.99999999701 549.999999987307 619.99999998285 799.999999999761 970.000000001364 949.999999992957 830.000000012636 750.000000004218 700.000000011221 730.000000007066 790.000000001438 860.000000002836 869.999999998607 689.999999992917 660.000000008515 670.000000004263 730.000000012807 880 920.000000005622 980.000000008572 959.999999999926 869.999999984271 780.000000008606 679.999999988438 640 590.000000004189 580.000000002836 640 680.000000005673 670.000000001509 720 610.000000001316 539.999999996948 479.999999988199
160 160 160 180.000000002524 210.000000001268 209.999999998727 200 280 259.999999997419 320.000000011067 410.000000015427 380.00000001674 509.999999987784 619.999999963273 519.999999966275 949.99999999269 1079.99999999969 1669.99999997026 1659.99999996084 1599.99999999164 1349.99999999049 1069.99999999581 880.000000002825 750.000000009851 600.00000000565 600.000000000051 560.00000000561 569.999999995777 600 570.000000004235 490.000000001415 530.000000001404 589.999999992923 629.999999998568 700.000000008526 739.999999991462 759.999999997101 700.000000002825 680.00000000565 609.999999998425 520 470.000000012909 480.00000000565 440.00000000565 460.000000008646 440.00000000565 540.000000008669 640 610.000000004346 609.999999995649 480 480
169.999999995936 209.99999999593 200 209.999999995919 220 200 219.999999994617 200 200 240.000000011045 289.999999998693 539.999999996999 530.00000000677 1020.00000000232 1940.00000001954 1949.99999998698 2210.00000000147 1820.00000000856 1399.99999999199 1060.00000001125 919.999999994543 740.000000002814 570.000000012568 470.000000004195 460.000000008401 409.999999998607 350.000000004229 400 360.000000005627 339.999999997169 340.000000014097 409.999999998573 450.000000001381 530.000000007066 589.999999992855 620.000000025579 580 560.000000002814 560 520.000000005627 419.999999997044 400 350.000000004303 369.999999998505 310.00000000451 370.000000004323 380.000000008657 510.000000001293 550.00000000434 549.999999986963 550.000000004351 439.999999988199
230.000000001256 220 219.999999994662 209.999999998727 180.00000000536 209.999999995913 209.999999995907 200 220.000000008208 200 229.999999995885 260.000000008242 920.000000033015 1999.99999997843 2000.00000000574 1360.00000001413 1280.00000001972 899.999999994589 880.000000000085 790.000000001438 659.999999994458 490.00000000698 320 230.000000001387 260.000000005588 230.000000006997 260.000000008413 230.000000009834 280 280 290.000000004229 280 350.000000012795 349.999999995839 440 489.999999998545 460.000000002922 420 459.999999997055 439.999999988483 330.000000004286 309.999999995532 280 280 260.000000005821 280 370.000000012969 460.000000008657 490.000000004334 500 540.000000003087 560
219.999999997209 220 180.000000002547 200.000000002558 220.00000000536 209.99999999871 200 200 209.999999995902 209.999999995896 209.99999999589 460.000000013529 1270.00000007272 799.999999951194 310.000000004025 439.999999997306 340.000000013784 339.999999994492 490.000000001427 470.000000001421 380.000000002791 319.999999991684 209.999999995822 159.999999997209 190.000000001393 209.999999995805 230.000000009811 229.999999995833 240.000000005582 270.000000004218 230.000000009879 259.999999991542 280 280 330.000000012858 450.00000000133 439.999999988552 460.000000002944 419.999999997044 329.999999992758 290.00000000428 290.000000004286 260.000000002791 240 240 280 310.000000001526 360.000000005582 400 430.000000004334 400 400
