Prepped_data/Covariate_Data/All_data/0.5deg/Palaeo/teyeq_DEM_0.5.asc
NCOLS 720 
NROWS 360 
XLLCORNER -180 
YLLCORNER -90 
CELLSIZE 0.5 
NODATA_value -9999 
[rows 24 to 47 of 360, columns 477 to 529 of 720]
-5100 -5200 -5150.00000000406 -5200 -5149.99999999588 -5149.99999999585 -5200 -5200 -5149.99999997669 -5150.00000000426 -5200 -5149.99999999568 -5200 -5149.99999997655 -5200 -5149.99999999557 -5149.99999999554 -5150.00000000449 -5200 -5200 -5200 -5149.9999999954 -5149.99999999537 -5150.00000002373 -5200 -5100 -5149.99999999525 -5150.00000002385 -5200 -5150.00000000483 -5149.99999997607 -5150.00000002396 -5149.99999997601 -5150.00000000495 -5150.00000002404 -5149.99999999498 -5100 -5150.00000002414 -5150.00000002417 -5200 -5149.99999999484 -5150.00000002426 -5150.00000002429 -5149.99999999476 -5150.00000002434 -5150.00000002437 -5149.99999999467 -5200 -5200 -5149.99999999459 -5149.99999999456 -5100 -4900.00000001907
-5150.00000002305 -5150.00000000406 -5200 -5149.99999999588 -5200 -5200 -5200 -5100 -5150.00000000426 -5149.99999999571 -5150.00000002333 -5150.00000000435 -5149.99999999562 -5150.00000000441 -5149.99999999557 -5149.99999997652 -5100 -5150.00000000452 -5200 -5149.99999999542 -5150.00000002362 -5149.99999997635 -5150.00000000466 -5149.99999999531 -5150.00000002373 -5200 -5200 -5150.0000000048 -5200 -5200 -5150.00000000489 -5150.00000002393 -5149.99999997604 -5200 -5200 -5149.99999999496 -5149.99999997591 -5150.0000000051 -5150.00000000513 -5150.00000002417 -5149.9999999758 -5200 -5150.00000002426 -5200 -5200 -5200 -5150.00000002437 -5149.99999999461 -5150.00000000541 -5100.00000001901 -4850.00000001354 -3780.00000003784 -2190.00000001136
-5100 -5150.00000002305 -5100 -5150.00000000415 -5149.99999999582 -5200 -5149.99999999576 -5200 -5200 -5149.99999999568 -5150.00000000435 -5200 -5149.99999997664 -5149.99999999557 -5149.99999999554 -5200 -5149.99999997652 -5150.0000000235 -5200 -5149.99999997644 -5200 -5149.99999999534 -5100 -5149.99999999528 -5150.00000000475 -5200 -5150.0000000048 -5149.99999999517 -5100 -5150.00000000489 -5149.99999999508 -5100 -5200 -5200 -5200 -5150.00000000507 -5200 -5149.99999999487 -5150.00000002412 -5150.00000000519 -5200 -5200 -5150.00000002423 -5149.9999999947 -5099.99999997038 -5049.99999999464 -5000 -4699.99999997834 -3290.00000001885 -1950.00000001552 -1260.00000001456 -900.000000029701 -499.999999993332
-2770.00000009532 -3160.000000098 -3650.00000006887 -3970.0000001138 -4250.00000006091 -4850.00000004204 -5000.0000000189 -5050.00000002319 -5150.00000000432 -5100 -5200 -5200 -5150.00000000443 -5100 -5150.00000000449 -5149.99999999548 -5200 -5100 -5149.9999999765 -5200 -5149.99999997644 -5200 -5150.00000000472 -5150.00000002365 -5200 -5150.0000000237 -5200 -5149.99999997624 -5200 -5200 -5150.00000000494 -5200 -5149.9999999761 -5200 -5200 -5200 -5150.00000002403 -5149.99999999484 -5150.00000000519 -5149.99999999478 -5149.99999999476 -5049.99999997583 -4949.9999999947 -4310.00000006601 -3360.00000000402 -2170.00000005132 -1459.99999999779 -1119.99999999782 -740.000000023675 -459.9999999978 -400 -380.000000009783 -360
-890.00000004228 -960.000000035578 -1080.00000001298 -1120 -1120 -1209.9999999978 -1440.00000007642 -2090.00000008927 -2830.0000001119 -3700.00000009193 -3960.00000008516 -4150.00000010309 -4800.00000006546 -5000 -5100 -5150.00000002339 -5049.99999997658 -5150.0000000046 -5150.00000002348 -5150.00000000466 -5149.99999999531 -5200 -5200 -5149.99999999523 -5200 -5149.99999997632 -5149.9999999763 -5200 -5200 -5149.99999999505 -5150.00000000497 -5149.999999995 -5150.00000002387 -5149.99999999494 -5150.00000002393 -5049.99999999487 -5149.99999999484 -5049.99999999481 -5049.99999999478 -4600.00000000836 -3400.00000002369 -1980.00000001908 -1350.00000002269 -960.000000012415 -480.000000003229 -320 -320 -300.000000002188 -360 -360 -379.99999999024 -360 -360
-379.999999990825 -360 -420.000000009197 -380.000000001694 -400 -400.000000010948 -420.000000005787 -440.000000007515 -460.000000005764 -580.000000031821 -600.000000030059 -620.000000031844 -1020.000000041 -1810.00000008342 -3720.00000015152 -5000.00000004672 -5150.00000002339 -5100 -5100.00000001879 -5099.99999997183 -5149.9999999765 -5200 -5149.99999999523 -5200 -5200 -5149.99999997635 -5150.00000000489 -5149.9999999763 -5100.00000001879 -5100 -5099.99999997121 -5100.00000001879 -5000 -5000 -4900.00000001879 -4600.00000000847 -3740.00000005014 -2870.00000007369 -1970.0000000014 -1230.00000000013 -860.00000003709 -380.000000009646 -310.000000024144 -240.000000020941 -170.000000001083 -169.999999995154 -209.999999975742 -260.000000018787 -340.000000002211 -300.000000009737 -290.000000026606 -290.000000003368 -380.000000009771
-360 -339.999999998317 -339.999999998306 -360 -360 -380.00000000922 -360 -360 -379.999999998238 -379.999999990735 -360 -379.999999990712 -360 -440.000000018622 -810.000000064426 -1320.0000000654 -2620.00000016092 -4210.00000014508 -5050.00000002342 -5150.00000002345 -5049.99999999525 -5000 -5050.00000002353 -5050.00000002356 -5000 -5050.00000002362 -4950.00000001381 -4850.00000001378 -4650.00000000381 -4160.00000006091 -3790.00000007391 -3380.00000000891 -2740.00000012223 -2060.0000000463 -1650.00000001733 -1350.00000002103 -1129.99999999896 -920.000000031616 -480.000000014984 -320.000000011732 -240.000000009106 -320.000000007492 -209.999999994614 -209.999999975856 -160 -160 -160 -160 -160.000000003746 -169.999999998883 -170.000000004869 -160 -169.99999999512
-340.000000001683 -399.999999989143 -360 -360 -360 -360 -380.000000001751 -379.999999998238 -379.999999998226 -379.999999990746 -360 -379.999999990723 -380.000000009288 -360 -379.999999998158 -380.000000009322 -379.999999998136 -940.000000044832 -1410.0000000664 -2570.00000015046 -2720.00000008008 -2390.00000003969 -2120.00000007469 -2160.00000006185 -2110.00000008545 -2030.00000007764 -1900.00000003361 -1720.00000006373 -1330.00000003061 -1190.00000000445 -1109.99999999899 -920.000000031577 -820.000000023738 -580.000000005411 -460.000000009538 -420.000000017025 -360 -340.000000009578 -289.99999999682 -209.999999994671 -209.999999994643 -159.999999994111 -169.999999998917 -160 -169.999999995171 -169.999999995165 -150.000000001106 -160 -159.999999994031 -160 -160 -120 -140
-360 -379.999999998295 -360 -360 -360 -399.999999992554 -360 -380.00000000922 -360 -380.000000009243 -340.000000009254 -259.999999981384 -340.000000009277 -339.999999990712 -380.0000000093 -339.999999998135 -360 -360 -379.999999998101 -379.99999999809 -400.000000007446 -440.000000014893 -460.000000012949 -520.000000014893 -560.000000014893 -560.000000007446 -520.000000014893 -460.000000009447 -440 -440 -379.999999997965 -419.999999997954 -360 -360 -360 -360 -360 -360 -340.000000002132 -360 -170.000000001077 -149.999999995194 -120.000000009624 -139.999999996277 -140 -109.999999998894 -149.999999998889 -150.00000000484 -150.000000004846 -140 -139.999999994009 -150.000000004863 -140.000000006014
-360 -360 -360 -360 -360 -360 -379.999999998226 -360 -360 -360 -340.000000009243 -160.000000005542 -240.000000020401 -299.999999998147 -209.999999995339 -109.999999999062 -10.0000000083673 -20.0000000130342 -100.000000003712 -70.0000000027512 40.0000000037119 40 29.9999999953104 40 29.9999999990109 50.0000000009947 -50.0000000121361 -70.0000000158536 -149.999999998988 -160 -240.000000020606 -240.000000009078 -180.000000007424 -240.00000002064 -299.999999990484 -300.000000002109 -220.000000011136 -190.000000014333 -190.00000001435 -160 -160 -150.000000001089 -160 -109.999999995188 -160 -139.999999996288 -120.000000003712 -110.000000001123 -129.999999997416 -110.000000001134 -100 -140 -110.000000001151
-379.999999990882 -379.999999998272 -360 -360 -379.999999998238 -380.000000001774 -360 -360 -339.999999998192 -310.00000002305 -269.999999995424 -210.000000023107 -209.999999976865 -160 -150.000000000938 -119.999999998113 -59.9999999907004 30.0000000046555 69.9999999953388 40 80 70.0000000046782 109.999999995316 139.999999990621 159.999999992599 259.999999996299 310.000000010419 349.999999997311 349.999999991581 279.999999992599 279.999999992599 269.999999989933 189.999999989939 159.999999992599 129.99999998995 99.9999999962995 -10.0000000158678 -70.000000002629 -60.0000000095554 -120.000000005866 -140.000000002177 -120.0000000037 -160 -109.999999998894 -129.999999997411 -109.999999995183 -100 -150.000000004829 -150.000000004835 -140.0000000037 -139.9999999963 -130.000000010854 -119.9999999963
-360 -360 -380.000000009129 -380.000000001762 -380.000000001774 -360.000000007378 -240.000000009271 -170.000000000904 -170.000000004599 -240.000000009237 -160 -160 -209.999999995339 -160 -160 -120.000000005588 -150.000000000955 -100.000000003689 -89.9999999953445 -80 -60.0000000019554 70.0000000046725 140.000000001978 180.000000009368 250.000000001 290.000000008384 370.000000010414 400 360.000000003689 329.999999998971 370.000000004724 440.000000013148 459.999999994219 359.999999994208 350.000000008436 209.999999995245 99.9999999941679 40.0000000036891 -60.0000000021657 -109.999999995222 -129.999999991527 -119.999999996311 -139.999999997789 -139.999999990399 -120.000000005923 -149.999999995188 -130.000000002561 -120.000000009646 -139.999999994031 -130.000000004835 -139.999999996311 -139.999999993997 -109.999999995148
-380.000000001739 -360 -360 -360 -260.000000018389 -160 -160 -169.999999995413 -160 -129.999999999079 -160 -140.000000003678 -160 -160 -129.999999997271 -100 -100.000000005599 -80 -70.000000000972 -59.9999999980446 20.0000000036778 30.0000000009891 50.0000000009948 140.000000002001 160 160.000000007356 140.000000003678 80 50.0000000047066 50.0000000047123 60.0000000015973 100.00000000577 150.000000001052 109.99999999315 70.0000000047407 19.9999999941792 7.98650034994353e-09 -80 -109.999999995234 -149.999999998906 -119.999999988245 -130.000000010672 -109.999999998889 -160 -120.000000005923 -129.999999991516 -119.999999994054 -150.00000000114 -60.0000000096463 -70.0000000144865 9.99999999516547 10.0000000048402 19.9999999842942
-379.999999990916 -360 -339.999999998226 -209.999999995538 -160 -160 -150.000000000909 -160 -139.999999990825 -150.000000000927 -160 -129.99999999352 -99.9999999963336 -90.0000000009493 -140.000000003666 -19.9999999980787 69.9999999953672 90.000000000972 -1.85764292837121e-08 30.0000000009834 0 49.9999999953388 120 129.999999991661 190.000000010368 189.999999985948 89.9999999953104 -69.999999993247 -59.9999999979309 -1.30796706798719e-08 70.0000000010459 80.0000000036664 69.9999999916099 20.0000000057923 20.0000000036664 29.9999999974108 -80 -9.99999998722444 -129.999999991573 -130.000000002566 -80 -89.9999999952223 -100 -99.9999999963336 -69.999999996615 -40.0000000118689 -80.000000001387 -90.0000000011454 -90.0000000011511 -90.0000000011568 -100.000000003666 -80 -99.9999999963336
-360 -320 -150.000000000892 -160 -160 -149.99999999909 -160.000000003655 -150.000000000921 -140.000000003655 -130.000000000932 -59.9999999908141 -49.9999999880913 139.999999990791 60.000000003655 139.99999999269 150.000000000966 60.0000000182752 -19.9999999980446 -10.0000000026716 39.9999999907118 70.0000000139494 -20.000000009311 9.99999999131432 -39.999999996345 179.99999999755 49.999999987574 -90.0000000010289 -80 10.0000000140858 1.8803806511869e-08 50.0000000026034 40 30.000000004718 -40 10.0000000010743 9.9999999967514 -9.99999998429132 -69.9999999937842 -130.00000001061 -150.000000004761 -110.000000002544 -80 -80 -19.9999999904333 -69.999999997479 -69.9999999929258 -70.0000000084555 -40.0000000073101 -40.0000000119371 -99.9999999940201 -90.0000000011681 -50.0000000011738 10.0000000061306
-320 -160.000000003644 -160 -160 -160 -150.000000000915 -150.000000000921 -160 -140.000000003644 -19.9999999981242 99.999999981651 139.999999990814 349.999999991758 240 99.99999998156 50.000000000972 50.0000000102204 10.0000000029502 99.9999999907345 89.9999999917179 110.000000003001 100.00000001055 100.00000000162 30.0000000115222 -90.0000000046668 -50.0000000233626 -69.9999999953218 -89.9999999953161 19.9999999963563 9.99999999530473 40 20 -19.9999999978627 -59.999999990564 -19.9999999789452 -40 -80 -140.000000009487 -79.9999999955776 -19.9999999977774 -39.9999999882448 -110.000000001123 -89.999999995228 -89.999999998866 -80 -59.9999999977092 -40 29.9999999842686 10.0000000048061 -10.0000000071481 7.28732629795559e-09 10.0000000048232 -49.9999999855135
-209.999999995538 -160 -119.99999999456 -140 -120.000000003632 -129.999999995447 -120.000000003632 -49.9999999953388 100.000000003752 150.000000000944 170.000000015478 210.000000004587 129.999999993486 129.999999986204 200.000000003888 109.99999998617 149.999999993719 229.999999976893 199.99999999801 389.999999989734 380 100.00000001977 59.9999999995623 9.99999999375859 39.9999999979423 -9.33368937694468e-09 -10.0000000083048 -40 -39.9999999927354 -19.9999999791271 59.9999999848512 9.99999999893134 20.0000000021487 9.99999999675992 -40 -80 -110.000000006932 -100.000000005844 -40.0000000072646 -20.0000000022339 29.9999999988773 19.9999999904787 39.9999999881993 119.999999981839 99.9999999950262 100.000000004604 -40.0000000072646 -30.0000000034873 -39.9999999891031 -49.9999999855817 50.0000000180677 120.00000001927 109.999999987912
-160 -160 -160 -120 -150.000000004542 -99.9999999981469 -90.0000000045531 19.9999999836405 99.9999999963791 130.000000002848 39.9999999908482 50.0000000082025 69.9999999990336 160.000000016695 179.999999992468 109.999999995396 169.999999978593 229.999999993395 269.999999991377 349.999999967611 69.9999999953672 -40.0000000185537 39.9999999870909 -19.9999999907004 -40 9.99999999325837 9.99999999686224 -7.24185156286694e-09 19.9999999834017 40.0000000072418 -70.0000000083105 -59.9999999978513 -39.999999988438 0 -39.9999999927581 -89.9999999952792 -80 -80.0000000130854 -9.99999998940723 30.0000000106098 250.000000010627 209.999999995245 180.000000001342 150.000000012008 70.0000000152994 159.999999978576 149.999999995217 139.999999985516 80.0000000023476 20.0000000059799 99.9999999831459 59.9999999987608 70.0000000144524
-160 -160 -160 -80.0000000072191 -89.9999999917577 -100.000000012812 -89.9999999954525 -19.9999999981128 29.9999999990507 19.9999999946908 69.9999999954298 80 40.0000000147168 50.0000000006764 -50.0000000009834 50.0000000137959 240.000000014438 -50.0000000030013 29.9999999917748 -20.0000000040472 -9.99999999379838 -69.9999999917577 -29.9999999902002 -9.99999999689635 9.99999998397015 -29.9999999839417 40.0000000036095 -40.0000000114483 -49.9999999938438 -60.0000000093564 -40.0000000072191 -50.0000000119087 -10.0000000083048 -70.0000000032742 -100 -60.0000000022112 30.0000000055564 89.9999999975074 209.99999998083 160.000000007219 140.000000002268 179.999999997721 190.000000014265 330.000000007063 279.999999997686 299.999999983237 390.000000007114 400.000000022743 439.999999977234 400.000000015569 309.999999999963 170.000000001197 79.999999993986
-160 -160 -130.000000002677 -129.999999997328 -130.000000006395 -120.000000009072 -120.000000001887 -110.000000010044 -80 -39.9999999800877 40.0000000035982 -60.000000001944 80.0000000071963 59.99999998887 -100.000000005576 20.0000000091859 50.0000000025977 -30.0000000118007 -80 29.9999999861529 -10.0000000046214 -110.000000001029 -89.9999999953672 -69.999999997442 60.0000000185764 -60.0000000092996 -40.0000000071964 -19.9999999864258 -20.0000000093337 -40.0000000114937 -20.0000000050363 10.0000000032571 -60.0000000093791 -89.9999999989029 -90.0000000047009 -19.9999999977774 59.9999999955321 209.999999998877 179.999999990547 270.000000001134 230.00000000114 269.999999995256 309.999999995251 369.999999983422 410.000000003487 520.000000011869 530.00000000712 540 519.999999990433 480.00000000598 500.000000001205 370.000000011997 329.999999991596
-160 -139.999999996413 -160 -160 -160 -119.999999996413 -80 -80 10.0000000083901 -60.0000000091063 -70.000000000972 10.0000000120622 19.999999986926 -39.9999999928264 -80 -90.0000000010004 -49.9999999938325 -29.9999999882277 -40.0000000163823 -30.0000000010232 50.0000000010289 -10.0000000025523 -59.9999999979195 1.49441348185064e-08 -80 -29.9999999989427 0 0 19.9999999978513 -60.00000000216 -90.0000000046725 -80 30.0000000104649 -39.9999999884153 -80 149.999999993943 190.000000003368 330.000000006972 270.000000010576 249.999999991687 250.000000004732 250.000000006023 309.999999999883 369.999999998838 409.999999999918 390.000000028629 509.999999996461 519.999999990456 539.999999997618 659.999999985647 679.999999982026 269.99999999396 259.999999985653
-160 -160 -170.000000000932 -289.999999995663 -360 -179.999999970953 10.000000000955 30.0000000042689 10.0000000006764 -50.0000000006594 2.21234586206265e-08 -19.9999999980332 -9.12905306904577e-09 -70.0000000101352 -99.9999999964245 1.27386101667071e-08 -80 -10.0000000066279 -40.0000000071509 -90.0000000046043 -39.9999999887109 29.9999999995452 -60.0000000092427 -39.9999999928491 -39.9999999886199 -19.9999999978741 0 -59.9999999978513 -59.999999990689 -60.0000000093223 -70.0000000032742 -59.9999999906549 -40 10.0000000082593 139.999999967821 250.000000028396 519.999999992849 329.99999999529 219.999999994145 229.999999996564 260.000000013029 249.999999998843 279.9999999941 380.000000002336 509.999999994131 599.999999991633 459.999999991644 460.000000005957 579.999999990456 349.999999993989 230.000000019182 349.999999996359 389.999999992767
-160 -209.999999977518 -259.99999998218 -360 -379.999999998101 -289.999999979315 0 -40 -70.000000002592 -10.0000000029331 10.0000000045475 -20.0000000019781 30.0000000045588 -80 -90.0000000045702 -89.9999999934005 -90.0000000045816 -90.0000000045872 60.00000001275 50.0000000010345 -4.16093826061115e-09 -40.0000000113118 -89.9999999953843 -69.9999999968281 -39.9999999928718 -70.0000000103341 -39.9999999928718 -69.9999999896317 -59.9999999871363 -40.0000000071282 19.999999995066 19.9999999977945 110.000000017104 390.000000013591 429.999999985539 359.999999990615 190.000000012798 290.000000012827 319.999999983453 219.999999997698 210.000000007034 240.000000013017 300.000000014137 329.999999985786 480.000000008282 539.999999994066 540.000000004746 440.000000016649 329.999999989265 250.00000000592 310.000000008342 220.000000003564 210.000000001225
-360 -320 -339.999999991007 -379.999999998101 -339.99999999809 -160 -19.9999999909619 -60.0000000090495 -39.9999999928946 -80 -9.99999999743636 -40 -20.0000000020009 -60.0000000091177 -60.000000009129 -39.9999999928946 -79.9999999908482 -80.0000000035527 -90.0000000045872 -80 -90.0000000010459 -40 -90.00000000461 -80 -80 -100 -30.0000000138982 9.99999998825615 259.999999959294 429.999999991275 400 340.000000025295 539.999999995123 539.999999989728 300.000000012909 379.999999985789 529.999999996314 389.999999972957 210.000000007006 229.999999989424 180.000000003553 160.000000005889 179.999999996447 140.000000003553 140.000000007105 190.000000004744 169.999999998803 170.00000000235 149.999999998792 150.000000001214 139.999999996447 170.000000001225 180
