Prepped_data/Covariate_Data/PalaeoDEM/teyep_DEM_1.asc
NCOLS 360 
NROWS 180 
XLLCORNER -180 
YLLCORNER -90 
CELLSIZE 1 
NODATA_value -9999 
[rows 138 to 160 of 180, columns 260 to 311 of 360]
-4679.9999999863 -4399.99999998501 -3919.9999999749 -4199.99999996916 -4239.99999995686 -3239.9999999917 -2999.9999999977 -2559.99999999487 -2920.00000001313 -4319.99999997553 -3840.00000000989 -3280.00000001889 -4040.0000000148 -3880.00000002179 -4559.99999999812 -4559.99999999468 -4519.99999999812 -2319.99999990218 -1559.99999997096 -1160 -1080 -559.999999990035 -40.0000000009379 -39.9999999926274 1.51412826188521e-19 39.9999999925819 40 119.999999998124 80 159.999999999062 280 279.999999984891 120.000000000938 239.999999999062 240 319.999999999062 280.000000005792 240.000000006753 360.000000006776 359.999999999062 439.999999999062 360 440.000000005929 400.000000006889 439.999999993088 440.000000007873 439.999999999062 480 440.000000021947 399.999999999062 519.999999992013 320.000000000938
-4240.00000002365 -3680.0000000251 -3759.99999998304 -3880.00000001196 -4240.000000012 -4479.99999994646 -3559.99999995766 -4080.00000000333 -4160.00000002437 -4439.99999999205 -2960.00000000496 -3320.0000000075 -3120.00000002588 -3800.00000001516 -4200.00000001063 -4639.99999998566 -4480.00000000628 -4559.99999998649 -2959.99999996582 -1240.00000001458 -159.999999984561 0 6.41193764735463e-09 160.000000013785 320 360.00000000465 320 240.000000006526 280.000000007464 280.000000006571 279.999999999085 279.999999994299 240.000000006639 279.999999992423 279.9999999924 319.999999991462 240 319.999999999085 360 480 480 320.000000000915 400 480.000000006889 680.000000011994 679.999999991235 639.99999999817 719.99999999817 600 560.000000000915 479.999999994782 320.000000014143
-2639.99999994033 -3439.99999998902 -3680.00000000328 -4160.00000003079 -4399.99999999911 -4319.99999999732 -4479.99999999484 -3360.00000004517 -4919.99999998944 -4599.99999997643 -3039.99999998515 -2560.00000000973 -1880.00000001594 -2840.00000003461 -4280.00000002224 -4400.0000000134 -3959.99999999729 -2479.99999997654 -1119.99999997293 -479.999999982754 199.999999985482 119.999999999108 159.999999993588 199.999999999108 480.000000000892 639.999999999108 760 560.000000000892 400.000000007441 480 439.999999999108 479.999999999108 280.000000006639 280.000000006662 280 320 359.999999992377 399.999999999108 400 480 400 360.000000006844 480.000000005974 519.999999992218 640.000000001785 560 560.000000008743 560.000000001785 600.000000021902 800.000000007026 600.000000007941 519.999999993821
-3319.99999999739 -3639.99999999826 -3920.00000001191 -4160.00000000598 -4199.99999999313 -4159.99999999484 -3799.99999996027 -4080.00000004945 -3040.00000007658 -4440.00000001397 -2879.99999998951 -2319.99999999384 -2359.99999999381 -3360.00000004171 -3679.99999998754 -2279.99999998733 -1520.00000000348 -799.999999995441 -239.999999994549 40.0000000063437 199.99999999913 319.999999991871 279.999999992718 320 240.000000007327 240.00000000087 440.000000005633 600.00000000087 560 559.99999999913 520 479.999999993383 400 320 400 360.000000006708 360 399.999999993247 400 399.999999993202 400 479.999999998261 440.000000001739 599.999999992241 560.000000007782 799.999999992195 759.999999993912 560.000000001739 560 480.000000015791 319.999999985903 240
-3760.00000000591 -3960 -4000 -3960.00000000085 -3919.99999998715 -3960 -3839.99999999915 -4039.99999999224 -4319.9999999609 -4480.00000000696 -3960.00000003937 -4520.00000001787 -3319.9999999806 -3399.99999999915 -3119.99999999377 -1679.9999999733 -959.999999993724 -239.999999995396 -8.01492205924282e-09 40 200.000000000847 399.999999987222 280.000000001694 319.999999992718 520.000000007304 560.00000000648 480.000000013853 559.999999999153 560 560.000000000847 480.000000007441 559.99999999169 480.000000006639 440.000000006662 479.999999993315 480 479.99999999327 479.9999999924 480 400 559.999999998306 639.999999993156 679.99999998542 599.999999993958 440.000000007759 480 480 559.999999999153 520.00000000785 359.999999992974 280.000000000847 240
-3839.99999999918 -3680.00000000082 -3320.00000001952 -3480.00000000082 -3720.00000000683 -3839.99999999315 -3839.99999999313 -4360.00000000442 -3919.99999995734 -4400.00000000447 -4400.00000000531 -4560.00000002794 -4760.00000000082 -4120.00000000456 -3439.99999998048 -2239.99999998585 -919.999999986625 -239.999999986579 0 79.9999999936563 160 240 280.000000000824 400.000000008083 480 479.99999999352 560 560.000000006526 639.999999986079 599.999999999176 599.999999993406 640 519.999999992536 480 519.999999992491 480.000000006708 519.999999992446 439.999999999176 480 520.000000005974 599.999999993179 640 799.999999999176 879.999999985397 759.999999993912 759.999999998351 759.999999997527 639.999999984391 440.000000007827 399.999999993798 279.999999992951 200.000000007896
-3799.99999999329 -3919.9999999992 -3319.99999994307 -3559.99999997528 -3680.000000008 -4079.99999999317 -3999.9999999992 -4359.99999999313 -4439.99999999391 -4520.0000000008 -4640.0000000008 -4519.9999999992 -4840.00000000618 -5119.99999999379 -4679.99999998594 -3399.99999994918 -1199.99999998665 -559.999999986602 -119.999999992076 280 239.999999993634 280.000000007191 319.999999999199 439.999999985528 520.000000005656 519.99999999352 520 560 559.999999993452 560 480.000000000801 480 519.999999992559 479.999999994139 440.000000000801 440 440.00000000673 480 480 520 559.999999993179 480.000000007645 560 600.000000006889 560.000000000801 599.999999993065 520.000000006156 480.00000000698 559.999999992195 400.000000000801 280 199.999999992127
-3400.00000000156 -3800.00000001187 -3920.00000000596 -3599.99999995814 -4000.00000000156 -3760.0000000348 -4240.00000000605 -4399.99999998786 -4160.00000000609 -4160.0000000069 -4520.0000000038 -4760.00000000616 -4799.99999999382 -4759.99999999379 -4880.00000002103 -4799.99999999297 -3519.99999994746 -839.999999986625 -39.9999999944578 40.0000000063437 240 280.000000007168 320.000000000779 360 519.999999998442 479.999999992741 480.000000007282 560.000000006526 480.000000008106 559.999999999221 560.000000007373 599.999999992605 560.000000000779 440 639.999999992536 519.999999999221 360.000000001558 400 439.999999993224 439.999999993202 399.999999986358 359.999999999221 399.999999993133 480.000000008447 440.000000000779 439.999999993065 439.999999993042 399.99999999302 319.999999985215 240 240.000000007049 120.000000000779
-3439.99999999924 -3600.00000001996 -3800.00000000823 -3999.99999998577 -4720.00000003072 -3560.0000000271 -4399.9999999932 -4280 -4279.99999998781 -4200 -4360.00000000076 -4600.00000000692 -4760.00000000543 -4799.99999999304 -4839.99999998603 -4720 -4399.99999998518 -2160.00000004006 -1119.99999998358 0 160.000000006366 280.000000012022 400.000000012824 400.000000006435 359.999999994299 440.00000000648 480.000000007259 480.000000000756 439.999999994964 519.999999986102 480 520 480.000000000756 399.999999999244 440 320.000000000756 320.00000001346 280.000000000756 360 280.000000000756 319.999999993935 240 240.000000000756 240.000000006889 279.999999993844 240.000000001512 240 160.000000007736 240.000000000756 199.999999999244 159.999999992951 119.999999999244
-4120.00000001182 -4160.00000000593 -4399.99999999404 -4040.00000000671 -3119.99999996485 -4439.99999998648 -4319.99999999322 -4320 -4200.00000001365 -4319.99999999927 -4440.0000000054 -4520.00000000689 -4680 -4560.00000000767 -4599.99999999524 -4400.00000000147 -4480 -4319.9999999852 -3039.99999991681 -559.999999978769 40.0000000056332 280 280.000000007145 479.999999998533 519.999999980628 399.99999999352 439.999999999267 400 400 479.999999991962 479.999999993406 400 440.000000006639 480 399.999999992582 320 240.000000000733 200 239.999999984982 240 160.000000001467 240 239.999999993867 160.000000000733 160.000000000733 120 160.000000000733 279.99999999302 159.999999992264 120 159.999999999267 160.000000007071
-3759.99999998155 -4160.00000000664 -4279.99999998737 -4320.00000001409 -3560.00000002685 -4359.99999999787 -4559.99999997901 -4360 -4599.99999998639 -4480.00000000683 -4519.99999999315 -4480.00000000687 -4520.00000000618 -4520 -4480.00000000071 -4480.00000000071 -4480.00000000628 -4439.99999998669 -4239.999999974 -1999.99999998447 -119.999999985846 239.999999993611 280 319.999999992855 280.000000007168 400.000000000711 440.000000006503 560 519.999999994162 520.000000005861 479.999999999289 400 400 360.000000000711 359.999999993315 240 160 199.999999992536 160 199.999999999289 199.999999999289 120.000000000711 120.000000007577 120.000000000711 80 40.0000000007105 0 80 80 80.0000000007105 120.000000014808 200
-3560.00000000275 -4519.999999992 -4080.00000000389 -4400.00000000667 -4480.00000000532 -4559.99999999604 -4520.00000001003 -4720.00000002772 -4680.00000000678 -4720.00000000069 -4680.00000000545 -4479.99999998905 -4320.00000000138 -4399.99999999448 -4400 -4400 -4360 -4319.9999999937 -3840.00000000138 -1759.99999995835 -319.999999982276 40.000000007077 319.999999992212 240.000000006435 240.000000006457 280 400 360 359.999999994139 359.999999993429 400.000000006594 399.999999993383 400 319.999999993338 279.999999993315 160 160.00000000673 160 80.0000000006878 159.999999986403 80 40.0000000143757 40 -40.0000000068894 -119.9999999924 -80 -80.0000000006878 -80 -80 -80 -80 -79.9999999986244
-3320.00000003946 -3799.99999998552 -4200.00000001854 -4280.00000000133 -4359.99999999466 -4280.00000000133 -4360.00000000804 -4479.99999997572 -4480.00000003922 -4160 -3879.99999995022 -2079.99999997952 -1720.00000001237 -2840.0000000164 -3440.00000003024 -3040.00000000532 -3439.99999998878 -2159.99999996886 -1439.99999998137 -359.999999989308 -40.0000000070315 120.000000005724 280 280.000000000665 280 240.000000000665 319.999999992832 400.000000000665 400 360.000000007236 360 280 280.000000014609 280 159.99999999398 80.0000000073726 80 79.999999993247 -80 -80.000000013597 -80.0000000068212 -79.9999999993349 -80 -159.999999999335 -119.999999999335 -159.999999986795 -120.000000007623 -160.00000000565 -159.999999992997 -199.999999992974 -159.999999999335 -80.0000000070713
-2920.00000000064 -2599.99999999871 -3040.00000001559 -3480.0000000045 -3880.00000000921 -4279.99999998859 -4240.00000000605 -4160 -4160.00000000193 -4479.99999998713 -3119.99999993861 -1559.99999998639 -1519.99999999446 -1600 -1880.00000001439 -2160.00000001251 -2680.00000000128 -2119.99999994524 -1039.99999998168 -40.0000000006423 -6.42330633025115e-10 120.000000006389 239.999999992946 279.999999999358 280 280 279.999999994139 280.000000000642 240 239.999999993429 159.999999992764 159.999999987409 240.000000007282 120 359.999999993958 -80 -119.99999999327 -80.0000000147907 -360.000000019043 -840.000000006156 -839.99999999061 -1040.00000001176 -1360.0000000161 -2520.00000000111 -1839.99999997911 -1519.9999999747 -1200.00000000632 -1120 -1159.99999999936 -959.999999998073 -639.999999982691 -120.000000022499
-2920.00000001244 -3040 -2999.99999999342 -2840.00000000062 -2719.99999998676 -2359.99999999415 -3360.00000001519 -3919.99999999517 -4000.00000001405 -4119.99999999938 -3800.0000000178 -3720.00000000124 -3880.00000000124 -4000.00000000497 -3959.99999998386 -4000.00000001132 -3759.99999998249 -3039.99999998183 -1279.99999999628 -599.999999990558 -159.999999979661 40.0000000063892 120.000000014683 279.999999987131 200.000000001859 199.99999999352 -5.88329385209564e-09 -119.999999997522 -439.999999989114 -479.999999981281 -400.000000016684 -400.000000004138 -239.999999990882 -319.999999996902 -600.000000016956 -1560.00000000784 -2320.00000002622 -3239.9999999956 -3720.00000001107 -4000.00000000432 -4079.99999998946 -4079.99999999006 -4040.00000000563 -4160.00000000379 -3999.99999999061 -3839.99999998365 -3079.99999998809 -2520.00000000202 -1879.99999998166 -1719.99999998223 -1599.99999999752 -1639.99999999752
-3719.99999986218 -2920.00000000593 -2919.99999999345 -2840 -2719.999999994 -2719.99999999397 -2519.99999999335 -2520 -2679.9999999994 -2359.99999999761 -2240.00000000358 -3240.00000002266 -3080.00000002094 -4080.00000001241 -4320.00000002108 -4040.00000000745 -4119.99999999611 -3800 -3760.00000002767 -3959.99999999187 -3519.99999998946 -3119.99999999702 -2680.00000000044 -1999.99999996292 -1999.99999998459 -2320.00000001049 -3040.00000000763 -3839.99999999523 -3999.99999999226 -4159.99999999164 -4079.99999999821 -3999.99999999159 -3999.99999999157 -3959.9999999994 -3960.00000000668 -4159.99999999881 -4239.99999999267 -4240.00000000675 -4359.99999999881 -4599.9999999988 -4639.99999998013 -4279.99999999912 -4240.00000001045 -4239.99999999609 -4359.99999998046 -4200.00000001506 -4199.99999997217 -4080.00000000817 -4320.00000001759 -4560.00000000583 -4359.9999999871 -4040.00000000179
-4920 -4919.99999998967 -3680.00000000653 -3759.99999999713 -3479.99999999081 -2999.99999998737 -2760 -2879.99999998006 -2720 -2639.99999999274 -2680.0000000117 -2680.00000000788 -2719.99999998763 -2639.99999999322 -2519.99999999713 -2359.99999999037 -2759.99999999089 -2840.00000001032 -3200.00000001781 -3399.99999998674 -3680.00000001847 -4200.00000000639 -4239.99999999943 -4120.00000000057 -4199.99999999828 -4159.99999999943 -4200 -4239.99999999347 -4319.99999999943 -4199.99999999515 -3800.00000000459 -3760.00000001006 -3640.0000000023 -3800.0000000023 -3680.00000000898 -3600.000000009 -3600.00000000845 -3600.00000000344 -3560.00000000965 -3159.999999991 -2520.00000001148 -2120.00000001546 -2080.00000002122 -2119.99999999426 -2119.99999999885 -2159.99999999249 -2240 -2359.99999999359 -2360.00000001619 -2440 -2880 -3120.00000000535
-4920 -4920 -4920 -4920 -4920 -4920 -4839.99999998622 -3719.99999999393 -3479.99999991086 -2479.9999999989 -2399.99999998827 -2040.00000001563 -2119.99999999039 -2319.99999998428 -2119.99999999708 -1280.00000000607 -1880.00000000793 -2400.0000000211 -2279.99999997692 -2199.99999999945 -2559.99999999945 -2679.99999999085 -2439.99999999248 -1959.99999998548 -1839.99999999724 -2159.99999998856 -2280.0000000281 -2160.00000001085 -2080.00000000979 -1959.99999998465 -1799.9999999989 -1679.99999999945 -1599.99999999336 -1599.99999999945 -1759.9999999989 -2080.0000000045 -2640.00000000122 -3119.99999998553 -3000.00000001592 -3359.99999997409 -3159.99999999449 -3039.99999999669 -2720.00000000466 -3039.99999998925 -3119.99999996434 -2880.00000004161 -3479.99999992856 -3080.00000001672 -2879.99999998175 -2639.99999998058 -2640.0000000174 -2680.00000000817
-4920 -4920 -4920 -4920 -4920 -4920 -4519.99999997399 -3559.99999998839 -3000 -2680 -2599.99999999386 -2640.00000000828 -3000.00000000264 -2959.99999998085 -720.000000007816 -959.999999994805 -1400.0000000068 -1680.0000000226 -2040.00000000053 -2719.99999996881 -2959.99999997665 -2480.00000002873 -2719.99999997118 -2839.99999998122 -3159.99999998168 -2999.99999999669 -3079.99999999788 -2640.00000000159 -2280.00000002017 -2440.00000000869 -2399.99999999552 -1879.99999999497 -1960.00000000717 -2120.00000000106 -2240.00000001496 -2680.00000000776 -2880.00000000211 -2920.00000000887 -2999.99999998803 -2879.99999999426 -2599.99999999424 -2319.9999999958 -2120.0000000169 -2240.00000000423 -2039.9999999952 -1679.99999998772 -1480.00000000211 -719.999999984345 -160.000000004758 -119.99999999456 -39.9999999913655 -240.000000003899
-4560.00000000455 -4239.99999999811 -4120.00000000849 -4199.99999999503 -4039.99999996449 -3600 -3319.99999998841 -3000 -2479.999999969 -479.999999987261 -239.999999995379 -160.000000006162 -440.000000001518 -480.000000005701 -360.00000001246 -279.999999992735 -199.999999995242 -399.999999993196 -399.999999995197 -480.00000000253 -559.999999995657 -680.000000021191 -960.000000004553 -999.999999995589 -1000.00000000253 -1160.00000003149 -1440.00000001257 -1280.00000000906 -1239.99999998893 -1039.9999999909 -999.999999981736 -600.000000009652 -719.999999994373 -440.000000009697 -880.000000007697 -840.000000001012 -559.999999987551 -680.000000003035 -519.999999982202 -360.000000009328 -440.000000002024 -240.0000000147 -520.000000000506 -240.000000021174 -80.0000000059003 -359.9999999875 -240.000000002404 -200.000000011937 200.000000005991 200.000000006014 240.000000006037 320.000000006059
-1919.99999998565 -1319.9999999646 -1120.00000000596 -1000.00000000966 -800 -839.9999999865 -160.000000011613 -360.00000001628 -679.999999993423 -120.000000000966 -40 -6.64499566475629e-09 -6.18456397198332e-09 4.83169060242054e-10 80.0000000004832 80.0000000134719 119.999999999034 320.000000011147 519.99999999855 399.99999998538 399.999999983885 -240.000000001933 -520.000000002416 -639.999999993082 -719.999999987568 -479.999999994969 -239.999999986994 240.000000005076 239.999999999517 279.999999993429 319.999999979252 119.999999985317 39.9999999995168 -8.11155587144007e-09 -240.000000008617 -280.00000000864 -199.999999972113 79.9999999917975 159.999999991292 239.999999999517 240 199.999999992673 239.999999999517 359.999999985738 239.999999999034 400.000000000483 159.999999999517 159.999999986522 160.000000000966 80 279.999999991985 400.000000008038
-440.00000000407 -400.000000006855 -119.999999994503 79.9999999986187 -79.9999999953786 -120.00000000046 -240.000000001381 -160 279.999999992986 279.999999994344 160.00000000046 280.000000005701 319.999999998619 320.000000004826 279.999999991928 520.000000004871 639.999999986528 320.000000006298 360.000000006321 880.000000002302 1039.99999999409 800 1000.00000000503 879.999999993105 599.999999999079 439.999999998619 399.999999993037 119.999999986949 -479.999999999079 -680.00000000519 -679.999999985891 -439.999999985846 -79.9999999919794 40.0000000137845 4.60431692849649e-10 120.000000004405 -120.00000000673 5.83213477519862e-09 160.000000006315 319.99999999954 280.000000006821 480 319.999999993133 439.999999986221 320.00000000046 240.000000007395 199.999999993503 240.000000001381 280.000000001842 239.999999993435 239.999999993872 439.99999999954
-40.0000000190482 -320.000000000875 -280.000000000875 -39.9999999995623 80 79.9999999939746 80.0000000004377 80.0000000004377 119.999999994344 120 200 319.999999999562 319.999999993815 160 40.0000000026262 40.0000000026262 80.0000000080263 280 359.999999999562 360.000000000438 80.0000000017508 -319.999999990109 320.000000007287 559.999999993565 680.000000000438 720.000000006918 679.999999986994 279.999999987824 -120.000000006986 -400.000000007009 -559.999999999562 -559.999999999125 -519.999999992485 200.0000000071 480.000000006247 560.000000013415 600 519.999999978866 4.37694325302513e-10 239.999999993639 80.0000000008754 80.0000000072816 80.0000000008754 160.000000000875 120.000000000438 40.000000008248 120 -40.0000000017508 160 -119.999999985073 159.999999991638 -39.9999999792237
