Prepped_data/Covariate_Data/PalaeoDEM/teyeo_DEM_1.asc
NCOLS 360 
NROWS 180 
XLLCORNER -180 
YLLCORNER -90 
CELLSIZE 1 
NODATA_value -9999 
[rows 0 to 23 of 180, columns 216 to 269 of 360]
0 0 0 0 0 0 0 0 0 0 0 0 0 0 0 0 0 -39.9999999906208 0 0 0 0 0 0 0 0 0 0 0 0 -1.54093279114019e-17 0 0 0 0 -1.57225256331784e-17 0 0 0 0 0 0 0 0 0 -5.93445292846486e-09 0 0 0 -2.45918211172699e-18 0 -8.05266142434375e-18 0 0
0 0 0 -39.9999999909619 -4.05862010615437e-09 0 0 0 0 0 0 0 0 0 0 0 0 -1.07508922707471e-18 0 0 0 0 0 -39.9999999905071 -9.74068825465975e-08 -719.99999982831 0 -1199.99999971249 0 -1399.99999966298 0 -1559.99999962268 0 0 -2.89821855366243e-07 0 0 -1.84081727620173e-07 0 0 0 -6.49379216971041e-08 -4.10636857808952e-08 0 0 -6.02142249499095e-18 0 0 0 0 0 0 0 1.22327037376089e-08
-4919.99999991651 -4920 -4919.99999999193 -4839.99999976387 -4839.99999982646 -4920 -4480.00000009992 -4920 -4919.99999994397 -4839.99999983856 -3119.9999999534 -2719.9999999343 -2399.99999994465 -2239.9999999129 -2199.99999992212 -2279.99999993946 -2319.99999993015 -2279.99999993946 -2119.9999997861 -6.05382410786772e-08 -679.999999840168 -5.65023583400344e-08 -5.94172888601675e-07 -4919.99999950359 -4919.9999997417 -4919.99999950359 -4919.99999950359 -4919.99999950359 -4919.99999962063 -4919.99999950359 -4920 -4920 -4920 -4920 -4920 -4920 -4920 -4920 -4920 -4920 -4920 -4920 -4920 -4920 -4920 -4920 -4920 -4920 -4920 -4920 -4920 -4919.99999950359 -1.84448351902327e-18 0
-4920 -4920 -4920 -4920 -4920 -4920 -4920 -4920 -4920 -4920 -4920 -4920 -4920 -4920 -4920 -4920 -4920 -4920 -4920 -4920 -4920 -4920 -4920 -4920 -4920 -4920 -4920 -4920 -4920 -4920 -4920 -4920 -4920 -4920 -4920 -4920 -4920 -4920 -4920 -4920 -4920 -4920 -4920 -4920 -4920 -4920 -4920 -4920 -4920 -4920 -4920 -4840.00000000803 -4840.00000000803 -4839.99999999579
-4920 -4920 -4920 -4920 -4920 -4920 -4920 -4920 -4920 -4920 -4920 -4920 -4920 -4920 -4920 -4920 -4920 -4920 -4920 -4920 -4920 -4920 -4920 -4920 -4920 -4920 -4920 -4920 -4920 -4920 -4920 -4920 -4920 -4920 -4920 -4920 -4920 -4920 -4920 -4679.99999991958 -40.0000000319233 0 0 -239.999999976058 -79.9999999920192 -79.9999999920192 -119.999999988029 -40.0000000079808 0 0 0 0 0 -79.9999999859028
-4920 -4920 -4920 -4840.00000001789 -4920 -4920 -4840.00000001803 -4920 -4920 -4920 -4920 -4920 -4920 -4920 -4920 -4920 -4920 -4920 -4920 -4920 -4920 -4920 -4840.00000000793 -3160.00000000362 -40.0000000039677 -39.9999999905526 0 -119.999999993622 -519.999999968259 -2.38060238200129e-08 -159.999999965723 -280.000000011539 -1159.99999996032 -1479.99999999148 -1519.99999999603 -1559.99999999777 -1759.9999999903 -1680 -1520.0000000119 -1400.00000001007 -1120.00000002195 -680.00000002799 -680.000000015871 -720.000000007935 -800.000000001944 -799.999999988097 -639.999999984118 -279.999999982117 -199.999999996032 -79.9999999980901 -239.999999998113 -480 -520 -520.000000003968
-4.85226792079657e-07 -4.93400875663181e-09 -640.000000055331 -1560.00000000394 -1679.99999998528 -1480.00000000108 -1559.99999996008 -1319.99999998591 -1519.99999997518 -1599.99999998422 -1400.00000001422 -1400.00000009438 -1160.00000010009 -1160.00000010257 -1240.00000013413 -880.000000178875 -4.85226792079657e-07 -3960.00000007349 -3800.0000000945 -2400.00000010511 -2200.00000001326 -2000.00000000394 -1999.99999999605 -2080.00000000543 -2160 -2079.99999997874 -1919.9999999945 -1879.99999999447 -1799.99999995808 -1799.99999999374 -1559.99999999311 -2439.99999994189 -4799.99999974864 -4799.99999998148 -4920 -4919.99999998816 -4919.99999998816 -4919.99999998816 -4919.99999997239 -4920 -4920 -4920 -4920 -4919.99999998816 -3399.99999997634 -2679.99999996446 -2479.99999997826 -2279.99999999211 -2439.99999999417 -2719.99999997239 -3159.99999998448 -4799.99999985404 -4920 -4920
-1600.00000001078 -1680.00000001177 -1640 -1759.99999999608 -1759.99999998039 -1560 -1520.00000002299 -1839.99999999723 -1879.99999999608 -1720.00000003615 -1440.00000000812 -1320.00000000392 -1400.00000001443 -1759.99999997782 -1799.99999998039 -1680.00000002094 -1839.99999999608 -1960.00000001706 -2199.99999997254 -2199.99999998823 -1879.9999999872 -1959.99999997452 -1520.00000001028 -840.000000000898 -719.999999989086 -3359.99999992548 -4919.99999997173 -4800.00000001658 -4920 -4920 -4920 -4920 -4920 -4920 -4920 -4920 -4920 -4920 -4920 -4920 -4920 -4920 -4920 -4920 -4920 -4799.99999986272 -4799.99999986272 -4919.99999998823 -4920 -4920 -4920 -4920 -4920 -4920
-4920 -4920 -4799.99999983199 -3159.99999997552 -2919.99999980113 -2839.99999980225 -3319.99999981512 -4919.99999966855 -4919.99999964905 -1519.99999999463 -1679.99999998564 -1719.9999999961 -1919.99999994417 -1839.99999997922 -1640.00000002872 -2119.99999995169 -2239.99999999748 -4920 -4920 -4920 -4920 -4920 -4920 -4920 -4920 -4920 -4920 -4920 -4920 -4920 -4920 -4920 -4920 -4920 -4920 -4920 -4920 -4920 -4920 -4920 -4920 -4920 -4920 -4920 -4920 -4920 -4920 -4920 -4800.0000000117 -3680.00000016871 -2640.00000015009 -600.00000008796 -640.000000035095 -560.000000003899
-4920 -4920 -4920 -4920 -4920 -4920 -4920 -4920 -4920 -4920 -4920 -4920 -4920 -4920 -4920 -4920 -4920 -4920 -4920 -4920 -4920 -4920 -4920 -4919.9999999837 -4920 -4920 -4920 -4920 -4920 -4920 -4920 -4920 -4920 -4920 -4920 -4920 -4920 -4920 -4920 -4920 -4920 -4920 -4920 -4920 -4920 -4920 -4919.99999998213 -2480.00000012063 -440 -600 -639.999999990075 -599.999999996123 -599.999999996123 -520
-4920 -4920 -4920 -4920 -4920 -4920 -4920 -4920 -4920 -4920 -4920 -4920 -4920 -4920 -4920 -4920 -4920 -4920 -4920 -4920 -4800 -4919.99999998844 -4919.99999998844 -4919.99999998844 -4919.99999998844 -4799.99999989209 -4920 -4640.00000002698 -4800.00000001156 -4920 -4920 -4920 -4920 -4920 -4920 -4920 -4919.99999998281 -3680.00000010791 -3680.00000000577 -3680.0000000058 -3680 -4919.99999998844 -4920 -4640.00000000342 -2160.0000000632 -360.00000007916 -400.000000005957 -519.999999992292 -640 -599.999999993975 -560 -519.999999996146 -519.999999993906 -519.99999999003
-4799.99999989656 -3720 -3759.99999999617 -3720 -4800 -4920 -4920 -4920 -4920 -4920 -4800.00000002691 -4800.00000001149 -4920 -4919.99999998438 -2920.00000011944 -1560.00000004412 -520.000000002387 -479.999999996169 -479.999999996169 -480 -480 -480.000000003831 -439.999999996169 -440 -439.999999986881 -399.999999996169 -319.999999996169 -319.999999992337 -399.999999996169 -560.000000034129 -1520.00000005157 -2240.00000004214 -1760.00000007099 -1880.00000007279 -2120.00000006884 -2440.00000004981 -2400.00000005747 -2600.00000003831 -3799.99999999039 -3320.00000002858 -1920.00000005533 -720.000000020975 -440.000000003831 -400.000000003831 -400.000000009743 -440 -560 -600 -560 -560 -480 -519.999999990098 -320.000000003831 -160.000000023726
-599.999999996191 -600 -640.000000003808 -600.000000011426 -680.000000011426 -640.000000007617 -760.000000062175 -1440.00000011042 -2240.00000017143 -2640.00000014592 -1880.00000007484 -920.00000007617 -320.000000013858 -240.000000007617 -359.999999998579 -280 -200.000000003809 -440 -440 -360.000000003808 -360.000000003808 -439.999999996191 -479.999999996191 -440 -360.000000007617 -440.000000003809 -440.000000003809 -480.000000009334 -440.000000013165 -440.000000007617 -440.000000003809 -440 -440 -480 -480.000000003808 -520.000000005707 -600 -600 -560 -520 -559.999999996191 -520 -560 -560.000000005889 -560.000000003809 -440.000000007617 -440.000000003809 -399.99999999402 -400 -360.000000009834 -319.99999999776 -160.000000003809 -120.000000006094 -40
-359.999999996214 -360.000000003786 -480.000000003786 -520.000000003786 -520 -480 -440.000000003786 -400.000000003786 -280 -240.000000008902 -399.99999999892 -399.999999988643 -279.999999996214 -199.999999991007 -319.999999996214 -400.000000005252 -320 -160.000000003786 -120 -160.000000009129 -159.999999994634 -119.999999998397 -40.0000000037858 -200 -160.000000013028 -240.000000003786 -280.000000003786 -320.000000007571 -320.000000018929 -400.000000022715 -599.999999998192 -560.000000015143 -680.000000009504 -840.000000003786 -1039.99999998107 -919.999999962142 -679.99999996777 -759.9999999735 -519.999999988643 -359.999999994202 -360 -319.999999997942 -280.000000009652 -320.000000003786 -280.000000003786 -359.99999999028 -439.9999999946 -879.999999983265 -1000.00000000379 -1000.0000000129 -480.000000034072 -120.000000003786 -119.999999987813 -40
-400.000000011289 -520.000000018815 -760.000000028729 -960 -760.000000006287 -760.000000002501 -720.000000016337 -760.000000003763 -799.999999996237 -640.000000007526 -440 -279.999999994839 -279.999999991053 -240.000000003763 -280.000000007526 -360.000000003763 -360 -360 -320 -239.999999994657 -80.000000009129 -79.9999999779334 3.76303432807661e-09 80.0000000112891 200.000000014302 120.000000031821 360.000000001739 680 -3.92219590108282e-08 -159.999999985096 119.99999998505 160.000000003706 359.999999960494 -1.50521373148754e-08 -160 -120.000000003763 -160 -440.000000009732 -800.000000009277 -439.999999997965 -319.999999986301 -199.999999994157 -200 -199.999999994111 -160.000000003763 -160 -120 -120 -80 -80 -120 -40 -40 -40
-240 -119.99999999626 -240.000000012437 -200.000000001239 -359.99999999626 -240.000000019986 -560.00000000374 -600.00000000374 -600 -599.999999991144 -399.999999994861 -159.999999977035 -40 -40 -80 -80 -80.0000000127556 -160 -160.00000000374 -200 -159.999999987153 -159.99999999626 -120 -119.999999990825 -40 -79.9999999962597 -40 -119.999999990734 -119.999999992519 -80 -39.9999999944066 40.000000016837 -80 -120.00000000374 -79.9999999943156 79.9999999887791 119.99999998106 -9.49285094921757e-09 -40.0000000057753 -40.0000000037403 -40 -3.74029696104138e-09 -7.48059392153422e-09 -40 -7.48059392152997e-09 -40.0000000059345 -40.0000000059572 0 0 -5.63419857073941e-19 -3.74029696104138e-09 -40 0 -1.22327037377062e-08
-3.71755959258416e-09 -79.9999999888473 -40.0000000037176 280.000000002456 -39.9999999988518 -160.000000001307 -239.999999987517 -320.000000008788 -479.999999996282 -520.000000003718 -559.999999994861 -479.999999994839 -320 -159.999999978434 -119.999999992565 -119.999999996282 0 -40 -40.0000000037176 -80 -80 -120 -80.0000000037175 -119.999999992565 -40 -39.9999999945203 0 -40 -40 -40 -80.0000000037175 -80 -40.0000000037176 0 80 80.0000000319915 160.000000007435 120.00000001354 240.00000000166 359.999999986767 360.000000007924 560.000000015405 519.999999987278 639.999999988222 359.999999995612 119.999999996282 0 -40 0 0 0 0 0 0
-320.000000004911 -240.000000003695 -199.999999995043 -239.999999996305 -199.999999994998 -199.999999987585 -160 -280 -360.000000003695 -360.000000011084 -360.000000012528 -400.000000003695 -440 -399.999999996305 -280 -239.999999996305 -159.99999999103 -119.999999991007 -80.0000000036948 -120.000000005343 -120.000000003695 -40 -40.0000000091063 -80 -40 3.69482222595273e-09 0 0 -5.12464238870801e-19 0 3.69482222595273e-09 -3.69482222543397e-09 -40 80.0000000056616 79.9999999963052 119.99999999261 80.0000000073896 200.000000009447 160.000000005775 320.00000002268 79.9999999963052 40.0000000036948 279.999999969793 159.999999996305 120 0 40.0000000059572 40.0000000059799 0 0 0 40.0000000023761 79.9999999902116 0
-240 -239.999999996328 -200 -160.000000003672 -160 -239.999999987631 -279.99999999128 -280 -280 -280 -320.000000005139 -400 -319.999999994816 -280 -240 -240 -200 -160 -80 -40 -40 -40 -9.08357833346085e-09 -39.9999999963279 -40 -40 -40 0 -40 79.9999999870852 200.000000001751 360 159.999999996328 119.999999996328 160.000000002012 200 119.999999992656 119.999999984823 40 40.0000000189402 40.0000000189857 120.000000005844 80 120 3.6720848578657e-09 39.9999999903935 40 80 40 40 79.9999999963279 40 40 79.9999999963279
-160.000000003649 -200 -240.000000001307 -279.999999996351 -159.999999998647 -160.000000005025 -160.000000007299 -80.0000000072987 0 -40 -159.999999987563 359.999999998749 159.999999978684 -200.000000023454 -120.000000010948 -119.999999996351 -80.0000000089244 -80 -40.0000000053205 -40 -40 -40 -39.9999999945885 -40 0 -40 -3.64934749086408e-09 40 239.999999979855 80.0000000128693 200.000000003649 280.000000011232 239.999999996351 320.000000009311 280.000000010175 80.000000010948 80 80.0000000036493 80.0000000021259 80 80.0000000036493 120 80 40.000000005889 79.9999999963507 119.999999990416 40 40.0000000036493 40.0000000156547 239.999999992701 359.99999995996 239.99999996719 159.999999993906 79.999999997533
-280.000000008538 -320 -280 -120.000000003627 -80.0000000036266 -8.65156835015988e-09 -40.0000000086743 40 159.999999987654 359.999999988472 600.00000002841 80.0000000196678 -199.999999992747 -319.999999991166 -120 -160.000000003627 -39.9999999947249 0 -3.62661012331976e-09 0 0 0 -39.9999999909619 -5.43423084260086e-09 -40 4.96818893066183e-19 0 1.83035808716784e-08 40 240 279.999999987153 80 40 40 40 79.9999999906663 120.000000003627 79.9999999942474 119.999999990598 79.9999999963734 79.9999999963734 79.9999999905299 40.0000000036266 159.999999992747 359.999999990462 240.000000007253 239.999999995077 320 280.000000024011 439.999999975842 279.999999998795 80.0000000096975 159.999999996373 120.000000003627
-200 -240.000000003604 -119.999999996396 -120.000000004979 -79.9999999913939 -39.999999994975 399.999999989188 879.999999991996 360.000000005093 -159.99999999942 -280 -79.9999999948386 -80.0000000036039 -80.0000000124146 0 0 0 0 0 0 0 0 0 0 79.9999999982492 159.999999987313 239.999999992792 199.999999992792 79.9999999980559 40.0000000055706 40.0000000072077 80.0000000036039 79.9999999907572 40.0000000036039 40.0000000036039 119.999999987085 79.9999999963961 120 80.0000000057753 79.999999994202 80.0000000058208 80 240.000000002262 439.999999998681 320.000000003604 360.00000002268 440.000000021475 440.000000015643 600.000000006003 679.999999990371 440.000000004889 240.00000001935 199.999999992792 200
-200 -160 -120 -200 -80.0000000050022 159.999999996419 679.999999994952 160.000000002092 -119.999999996419 -279.999999994884 -199.999999994861 -80 -119.999999994816 -40 0 0 5.27506926981101e-09 0 0 0 0 0 0 39.9999999909846 3.58113538871966e-09 80.0000000035811 40.0000000035811 79.9999999964189 40 40.0000000035811 80.0000000020122 40.0000000056161 79.9999999943611 40.0000000035811 79.9999999943156 79.9999999964189 79.9999999942702 40.0000000035811 79.9999999964189 159.999999989257 160.000000034925 719.999999961926 199.999999997715 439.999999984641 359.999999983345 400.00000000706 600.000000005957 640.000000026284 440.00000002517 439.999999977206 440.000000006048 320.000000009652 319.999999981719 320
-240 -160 -200.000000001398 -119.999999998579 40.0000000050022 360.000000015075 440.000000007117 -160.000000010141 -280.000000010186 -119.999999994884 -79.9999999964416 -40.0000000035584 -40 -40 -79.9999999964416 0 40 40 40 0 5.36601873998322e-09 0 39.9999999928832 40 40.000000005457 80 40.0000000035584 79.9999999857664 119.999999996442 80 119.999999994407 40.0000000035584 80 80.0000000113232 320.000000043349 679.999999961528 840.000000002171 879.999999952615 719.999999951581 320.000000056139 1120.00000000872 679.999999984754 519.999999987017 479.999999990553 360 279.999999996442 239.999999996442 279.99999999402 319.999999996442 279.999999990416 359.999999986835 319.999999980741 399.999999985766 439.999999983208
