Prepped_data/Covariate_Data/PalaeoDEM/teyen_DEM_0.5.asc
NCOLS 720 
NROWS 360 
XLLCORNER -180 
YLLCORNER -90 
CELLSIZE 0.5 
NODATA_value -9999 
[rows 66 to 87 of 360, columns 588 to 636 of 720]
590.000000001663 509.999999998343 540.000000006708 559.999999999955 560.00000000328 630.000000008376 670.000000001629 699.999999989808 650.00000000172 660 779.99999997973 599.999999989853 560.000000010158 489.999999984905 340 309.999999984712 379.999999993133 549.999999995097 780.0000000169 440 189.999999994398 79.9999999964132 49.9999999984624 -20.0000000138925 -30.0000000051472 -19.9999999757563 209.999999995143 99.9999999827025 -10.0000000188294 -230.00000000517 -160 -200 -250.00000000185 -299.999999996663 -369.999999994802 -720.000000017877 -1050.00000000146 -1110.00000000522 -1069.99999999812 -1090.00000000523 -1019.99999999621 -909.999999987622 -869.999999994756 -799.999999992838 -770.000000001918 -680 -689.99999999807 -660.000000003337 -629.999999998059
689.999999994995 630.000000011752 610.000000005073 489.999999991721 490.000000001702 640.000000006651 620.00000003356 760.000000006764 969.999999998275 899.999999993213 899.999999996675 829.999999998417 829.99999997847 1010.00000003186 870.00000002581 639.999999958868 399.999999989592 90.0000000051017 170.000000008671 190.000000001538 389.999999992079 329.999999987952 259.99999998613 209.999999957399 -1.05899289337685e-08 7.28732629795559e-09 49.9999999948528 210.000000018784 149.99999998785 -110.000000015493 -220.000000003325 -219.999999996675 -269.999999998144 -380.000000007049 -590.000000001867 -710.000000001873 -910.000000001447 -950.000000015186 -1089.99999999811 -1130.00000000522 -1059.99999999287 -959.999999989535 -860.000000003325 -829.999999984269 -739.999999996675 -729.999999994745 -660 -680 -679.999999996675
419.999999993258 450.000000001623 370.000000014953 419.99999999319 520.000000006628 470.0000000016 479.999999996561 680.000000026921 700.000000020179 720.000000013574 809.999999978033 839.999999993372 790.000000005261 929.999999995131 1219.99999998963 879.999999999773 590.000000008404 230.00000000866 110.000000001788 210.000000008421 199.999999993088 440.000000006924 299.999999983123 259.999999986744 249.999999995194 40.000000003314 19.999999996686 20.000000003314 169.999999998161 -30.0000000018446 -190.000000012179 -289.99999998449 -290.000000008899 -310.000000001447 -440.000000006628 -700.000000003314 -770.00000002976 -850.000000005204 -1010.0000000019 -1069.99999999478 -1000.00000000331 -970.000000005227 -960.000000003314 -909.999999998076 -859.999999989513 -820 -819.999999996686 -849.999999994739 -820.000000003314
400 360 359.999999993292 340 360.000000003428 370.000000011764 409.999999998423 460 510.000000008512 669.999999995137 690.000000001941 820.000000003098 840.000000023766 1120.00000000683 1250.00000001804 879.999999992394 480 299.999999993395 149.999999991601 149.999999991596 130.000000015322 280 360.000000010237 429.999999980983 109.999999988265 169.999999998167 149.999999998531 129.999999998536 39.9999999860165 -120.000000010306 -260.000000014438 -469.999999991533 -170.000000001867 -209.999999984473 19.9999999966974 -470.000000005187 -650.000000012275 -920.000000003303 -910.000000004704 -860.000000006605 -900.000000003303 -910.000000005221 -899.999999985698 -940.000000003303 -899.999999996697 -890.000000008546 -860 -850.000000001953 -820.000000003303
320 360 390.000000008416 370.000000005005 360.000000010021 360.000000006742 400.000000006753 459.999999993236 519.999999996515 730.000000015527 840.000000026762 900.000000027012 1069.99999999847 900.0000000005 949.999999971109 679.999999996163 619.999999972533 589.999999981159 189.999999998201 109.999999988003 160 179.999999996709 340.000000010226 450.000000001464 299.999999989376 260.000000013938 399.99999997948 409.999999981699 79.999999989717 -230.00000000928 -430.000000008876 -550.000000001867 -39.9999999892168 -240.00000001034 3.81135123461718e-08 -50.0000000296865 -480.000000020748 -669.999999998099 -600.000000014211 -649.999999998087 -740 -870.000000005215 -889.999999994779 -890.000000005227 -879.999999989535 -860.000000003291 -819.999999996709 -820.000000003291 -630.000000078828
320 290.000000001708 270.000000001714 269.99999999828 270.000000005005 310.000000001549 450.000000001737 580.000000016604 589.999999995188 749.999999998474 699.99999999344 700.00000000984 930.000000011872 970.000000001776 669.999999984814 889.999999974366 560.00000000656 460.000000007196 629.999999991965 269.999999998531 240.000000003632 159.999999983237 180.00000000656 160.00000000328 579.999999997118 619.999999978684 450.000000008404 339.999999997141 319.999999985585 -200.000000014006 -640.000000014029 -909.999999994847 -359.999999944657 69.9999999877872 -189.99999997743 -79.9999999760178 -220.000000016922 -520 -540.00000000328 -609.999999998082 -670.000000001924 -830.000000012349 -979.999999992849 -930.000000001941 -880 -870.000000005232 -849.999999994762 -829.999999987548 -800.00000000328
290.000000004977 280 280 240.000000006537 270.000000004999 280 390.000000001742 420.000000003268 650.000000015305 730.000000011565 760.000000016604 579.99999999319 760.000000006537 830.000000022871 1139.99999998631 719.999999982703 719.999999990195 879.999999969219 530.000000001458 490.000000001816 409.999999970905 100 129.999999991232 279.999999989785 429.999999978124 450.000000008387 499.999999993031 369.999999987895 379.99999998974 39.9999999831914 -250.000000028976 -690.000000035541 -569.999999969967 129.999999995353 -120.000000041837 -340.000000007071 -339.999999996732 -549.999999990993 -500.000000003837 -580.000000007117 -640 -789.999999998064 -920.000000003882 -900.000000003268 -860.000000007174 -889.999999991505 -880 -859.999999996732 -1000.00000000395
290.000000008399 250.00000000172 220.000000003257 219.999999996743 260.000000003257 270.000000001742 399.999999993247 500.000000020293 719.999999986449 660.000000006787 559.999999996459 710.000000001776 830.000000001475 1020.00000001335 789.999999984519 950.000000001117 879.999999995686 470.000000011218 270.00000000833 260.000000006128 149.999999994915 120.000000003666 279.999999990229 430.000000008791 629.999999991635 499.999999985607 380.000000003712 369.999999998138 239.999999993008 109.99999999487 29.9999999948642 -160.000000023823 -360.000000006514 50.0000000290214 119.999999996743 -320 -410.00000000517 -479.999999982555 -489.99999999541 -540.000000007117 -650.000000009064 -790.000000001941 -910.000000012355 -970.000000008467 -949.999999998042 -1010.00000000196 -1079.99999999349 -1190.00000000918 -1490.00000001131
269.999999995035 240 209.999999998269 210.000000004982 269.999999998258 289.999999995006 310.000000001754 429.999999994995 489.999999998235 480 400.000000003246 529.999999994972 640.000000016558 680.000000013324 600 650.000000005414 379.999999983021 279.999999986244 80 20 29.9999999912546 259.999999989831 390.000000005534 479.999999996754 639.999999996754 629.999999991647 500.000000003723 289.999999998133 159.999999995754 59.9999999859938 0 -40 -180.000000020566 120 149.999999976913 -360.000000010317 -410.000000005164 -430.000000008416 -460.000000007105 -590.000000009052 -710.000000001941 -769.999999998701 -820.000000011056 -980.000000003917 -1069.99999998574 -1430.00000000011 -1909.99999999365 -2760.00000000215 -4120.00000000073
289.99999999504 219.999999996766 200 190.000000004977 220.00000000673 280 259.999999993247 490.000000001765 409.999999991454 430.000000001776 509.999999988515 570.000000012173 589.999999982035 740.000000017263 560 429.99999999819 399.999999989899 229.999999981597 89.9999999912831 19.9999999930992 130.000000008751 320 590.000000026355 740.000000007424 839.999999989808 810.000000008336 480.000000006969 210.000000001361 -50.0000000018787 30.00000000135 -240.000000014029 -340 -189.999999987827 -189.99999998723 -30.0000000089727 -279.999999996163 -380.000000007083 -430.00000000193 -490.000000005807 -540.000000010351 -830.000000023331 -950.000000002623 -1159.99999999745 -1470.00000001768 -2160.00000000282 -2830.00000001921 -3260.00000001803 -4210.00000000596 -4239.99999999602
360 239.999999996777 169.999999998258 170.000000001475 169.999999995023 190.000000004982 209.999999998235 310.000000004994 380 470.000000018238 560.000000003223 470.000000001066 460.000000026535 330.000000011474 209.999999997792 199.999999989512 40.000000003223 49.9999999981725 9.9999999981668 30.0000000018389 160 330.00000000185 729.999999994921 700.000000006446 829.999999997621 730.000000007796 580.000000013415 150.000000005636 -90.0000000158678 -279.999999996777 -300.00000001782 -550.000000008927 -439.999999972442 -219.999999986505 230.000000001918 140.000000023812 -480.000000017388 -449.999999987099 -670.000000001941 -650.000000005841 -1290.00000000332 -1649.99999999943 -2030.00000000267 -2430.00000000663 -2760.00000003264 -3190.00000002105 -4169.99999999801 -4359.99999999906 -4649.99999999555
430.000000001475 299.999999996788 280 259.999999996788 289.999999991817 239.999999990047 240 329.9999999918 249.99999999857 350.000000011786 340.000000006798 370.000000008222 169.999999994984 190.000000001401 159.9999999831 99.9999999963563 90.0000000018275 59.9999999967883 99.9999999967883 109.999999994944 299.999999993577 340.000000010135 9.99999998426858 -49.9999999943981 360.000000004815 629.999999995455 390.000000001333 170.000000001884 -20.0000000005684 -90.0000000013159 -390.000000011536 -780.000000014052 -769.999999984627 -379.999999989114 80.0000000179682 289.999999966573 -110.000000023843 -330.000000005153 -1160.00000001558 -1189.99999997557 -1710.00000004864 -2289.99999999947 -2790.00000000342 -3109.99999999555 -3180.00000001114 -4740 -4739.9999999928 -4880.00000000478 -4999.99999999599
439.999999996515 400 390.000000004954 350.000000011678 410.000000014896 349.99999999857 339.9999999968 349.999999998218 329.999999995012 339.999999993213 390.000000022195 309.999999994586 120.000000010021 80.0000000036323 69.9999999981782 70.0000000050278 70.0000000082338 80 139.999999993111 180.0000000037 370.000000001856 219.9999999968 139.999999987199 129.999999992272 339.999999982884 429.999999977209 409.999999980409 40 -210.000000008296 6.02540239924565e-10 -140.000000014029 -630.000000039617 -910.000000008319 -329.999999956432 40.0000000102602 59.9999999929287 -269.999999998741 -710.000000086382 -1520.00000001172 -1880.00000000143 -2520.00000001251 -3030.00000000985 -3330.00000000198 -3399.9999999968 -4730.00000000519 -4779.99999999118 -4979.9999999968 -5000 -4990.00000000521
390.000000001748 400 399.999999993292 429.999999991516 399.999999996811 359.999999996447 409.999999998218 360.000000019907 229.999999998207 199.999999996402 149.999999995006 80 100.000000003189 69.9999999981782 80 79.9999999963336 160.000000017411 159.999999996811 280.000000019645 319.999999993099 430.000000004516 570.000000005056 630.000000005062 750.000000005068 509.999999977243 220.000000006378 299.999999999409 19.9999999828503 -219.999999958663 -199.999999985994 -19.9999999929855 -60.0000000102148 -300.000000030678 -609.999999991692 -479.999999969936 -579.999999987938 -809.999999926152 -710.000000012236 -2220.00000000073 -2760.00000000786 -2910.00000000272 -3330.00000001307 -3509.99999999164 -4799.99999999122 -4980.00000000398 -5000 -5000 -5000 -5009.99999999798
320 319.999999996481 360 350.000000004948 410.000000011684 539.999999996436 469.999999974776 280 260 159.99999999639 149.999999995012 80 69.9999999981782 70.0000000018275 120 80.0000000031775 190.0000000082 110.000000005028 210.000000005033 259.999999993099 380.000000003735 650.000000005619 819.999999980355 869.999999977868 579.999999996822 239.999999975915 380.00000001076 229.999999988566 109.999999994915 20.0000000031775 230.000000001918 329.999999998747 79.9999999936449 -270.000000025565 -710.000000027708 -969.999999991698 -1250.00000001076 -940.000000033032 -2460.00000003703 -3180.00000000076 -3259.99999999047 -3690.00000000594 -4900.00000001589 -5000 -5000 -5000 -5010.00000000519 -5000.00000000721 -4990.00000000202
289.999999998593 240 269.999999995063 379.999999993668 379.999999996436 380.000000013483 439.999999995993 389.999999991869 210.000000008137 120.000000003166 80 119.999999980048 119.999999986846 110.000000001833 160 160.000000006855 139.9999999963 200.000000000546 250.000000008751 330.0000000151 530.000000011951 700.000000013847 830.000000015152 920.000000008885 109.999999935486 -70.0000000075971 229.999999998099 230.000000019034 150.000000001913 180.000000035016 209.999999977032 390.000000008262 279.999999989092 -230.000000026253 -1010.0000000577 -1420.00000001098 -1700.00000000392 -2450.0000000406 -3210.00000003348 -3430.00000000593 -3850.00000000594 -4630.00000002266 -5000 -5000 -5000 -5000 -5000 -5000 -5009.99999999797
240 200 200 250.000000004937 370.000000004943 460.000000029689 380.000000013506 340.00000000631 219.999999993224 190.000000001816 180.000000006798 249.999999998172 199.999999993179 170.000000001316 200 130.000000005005 110.000000005011 120 229.999999998712 360.000000013802 539.999999976711 610.000000011349 79.9999999716351 330.000000018943 360.00000000631 29.9999999810001 -50.0000000019071 229.999999995603 99.9999999930083 69.9999999987693 59.9999999758018 6.30961949354969e-09 -30.000000009706 -270.000000005841 -1010.00000004747 -1490.00000001218 -1870.00000001928 -2870.0000000201 -3760.00000005605 -3909.99999999963 -4500.00000000877 -4989.99999999801 -5000 -5000 -5000 -5000 -5009.99999999798 -5000 -5010.00000000519
200.000000009828 170.00000000492 200 210.000000004931 240.000000003143 259.999999996857 249.999999998195 200 200.000000010408 230.000000004965 309.999999981944 289.999999995023 209.999999998695 140.000000003143 79.9999999962995 140 149.999999994995 180.000000003735 300.000000003746 490.000000011923 790.00000001194 650.000000008177 -10.0000000119741 50.0000000176186 80.0000000069576 -50.0000000050562 50.0000000196763 290.00000002286 389.999999984092 420.00000001329 289.999999987907 9.99999999103295 -110.000000003448 -590.000000002714 -779.999999997578 -1620.00000000707 -1920.0000000181 -3080.00000001814 -3490.00000001701 -4470.00000000513 -5000 -4980 -4989.999999998 -5009.99999999799 -5000 -5000 -5000 -4990.00000000518 -5000
190.000000004908 160.000000003132 150.000000001788 170.000000001793 240.000000003598 299.999999990604 380 269.999999998184 529.999999998178 319.999999990081 309.999999995035 320.000000003132 210.000000001845 240 89.999999995012 120 130.000000008734 280 340 629.999999988719 649.999999998758 439.999999982361 310.000000005704 -9.9999999980929 70.0000000050449 -19.999999993031 60.0000000038369 460.000000003848 339.999999996868 619.99999999539 249.999999998059 29.9999999847631 -290.000000026196 -699.999999989035 -1190.00000000823 -1610.00000002318 -2340.0000000583 -3350.00000000907 -3920.00000001818 -4920.00000001822 -5000 -4980 -5010.00000000514 -4989.99999999798 -4990.00000000202 -5000 -5000 -5000 -5000
160 169.999999995092 180.000000006708 209.99999999508 229.999999998195 249.99999999819 370.000000018443 350.000000005465 520.000000002586 380.000000006787 500.000000010476 420.00000000681 409.999999994449 180 119.999999993759 130.000000004988 300.000000003746 320.000000002484 439.999999996231 610.00000000189 580.000000007583 570.000000001219 159.999999982316 -49.999999991141 -6.24140739091672e-09 30.0000000019241 160 379.999999979798 269.999999998064 409.99999997157 429.999999984797 69.9999999980474 -280.000000003917 -500.000000007049 -1310.00000001297 -1790.00000001612 -2910.00000006657 -3550.00000001391 -4369.99999999177 -5009.99999999488 -4979.99999999287 -5000 -5000 -5000 -5010.00000000203 -4989.99999999485 -4990.00000000204 -5000.00000000312 -4990.00000000517
199.999999990206 160 180.000000003109 200 309.999999985241 349.999999988333 599.999999990672 669.999999998718 460.000000006776 409.999999995052 609.999999994466 540.000000007401 470.000000014896 319.999999990058 140 139.999999996891 369.999999995012 530.000000005653 599.999999990001 710.000000015697 730.00000000812 79.9999999885574 -249.999999988759 -289.999999994972 110.000000032864 130.000000005039 180.000000003109 280.000000010851 549.999999994176 469.999999992619 389.999999998047 279.999999996891 -180.000000017184 -460.000000025085 -1390.00000001694 -2160.00000002292 -3160.00000001106 -4460.0000000275 -4750.00000002597 -5000 -4989.99999999799 -5000 -5000 -5000 -4989.99999999486 -5010.00000000204 -5000 -5000 -4990.00000000516
170.000000001793 160 240 220.000000006719 310.000000008546 519.999999976677 620.000000025898 599.999999979707 540.000000006196 630.000000005534 520.000000003098 570.000000004954 589.99999999504 409.999999988202 189.999999995029 240.000000006855 530.00000000741 360.000000013074 660 670.000000004295 139.999999981645 -129.999999994262 -80.0000000200657 -250.000000018915 -9.9999999949722 -79.999999996129 110.000000008905 439.999999993804 860.000000015575 769.999999967744 199.999999982873 359.999999996072 -160.000000018014 -620.000000025096 -1930.00000004434 -2760.00000002916 -3930.0000000051 -4459.99999999291 -5000 -4999.99999999288 -5000 -5000 -4999.99999999595 -5009.99999999797 -5000 -4990.00000000204 -5000 -5000 -4999.9999999969
