Prepped_data/Covariate_Data/PalaeoDEM/teyeq_DEM_1.asc
NCOLS 360 
NROWS 180 
XLLCORNER -180 
YLLCORNER -90 
CELLSIZE 1 
NODATA_value -9999 
[rows 120 to 143 of 180, columns 270 to 323 of 360]
-5000 -5000 -5000 -5000 -5000 -5000 -5000 -5000 -5000 -5000 -5000 -5000 -5000 -5000 -5000 -5000 -5000 -5000 -5000 -5000 -5000 -5000 -5000 -5000 -5000 -5000 -5000 -5000 -5000 -5000 -5000 -5000 -5000 -5000 -3639.99999995041 -1919.99999994452 -759.999999986085 -360 -360.000000002706 -360.000000002706 -360 -360 -159.999999992906 39.9999999942361 -120 -160 -160 -120.000000001353 -520.000000049215 -1120.00000002755 -1720.00000017642 -5000 -5000 -5000
-5000 -5000 -5000 -5000 -5000 -5000 -5000 -5000 -5000 -5000 -5000 -5000 -5000 -5000 -5000 -5000 -5000 -5000 -5000 -5000 -5000 -5000 -5000 -5000 -5000 -5000 -5000 -5000 -5000 -5000 -5000 -5000 -5000 -5000 -5000 -1719.99999993065 -519.999999983424 -360.000000013961 -360 -360 -360 -359.999999957993 80.0000000070941 -79.9999999960096 120.000000020088 1679.99999992664 1759.99999995265 40 40 40.0000000072532 79.9999999827878 -160 -160.000000007321 -1200.0000001027
-4400.00000001961 -5000 -4200.000000044 -5000 -5000 -4200 -3999.99999997516 -4000 -4199.9999999684 -5000 -5000 -5000 -5000 -5000 -5000 -5000 -5000 -5000 -5000 -5000 -5000 -5000 -5000 -5000 -5000 -5000 -5000 -5000 -5000 -5000 -5000 -3799.99999997763 -3280.00000000261 -2520.00000003972 -1919.99999997067 -679.99999999136 -360 -360.000000013961 -360 -360 -360 -279.999999981401 -79.9999999831971 79.9999999928832 279.999999994168 159.999999998067 520.000000067291 2080.00000002159 2120.00000002823 1280.00000003483 1559.99999990462 39.9999999913939 -160 -120.000000001307
-3439.99999999386 -3360.00000001361 -3399.99999999381 -3399.99999999508 -3400.00000000771 -3399.99999999375 -3439.99999999372 -3439.9999999937 -3639.99999996197 -3640.00000002537 -4000 -4200.00000007674 -5000 -5000 -5000 -5000 -5000 -5000 -5000 -5000 -5000 -5000 -5000 -5000 -5000 -5000 -5000 -5000 -5000 -5000 -2279.9999999736 -1480.00000000086 -919.999999977672 -360.000000002569 -280.000000002569 -360.00000001387 -360 -360.00000001653 -360 -360.000000014052 -360.000000014097 -280.000000016712 -160 -80.0000000071168 -119.999999991576 -80 1.69393388202869e-08 80.0000000084924 199.999999985539 1.11072040451675e-08 40.0000000171212 279.999999995271 -160 -120.000000008629
-3640 -3639.99999999243 -3439.99999999874 -3439.99999999127 -3360.00000000875 -3400.00000000751 -3399.99999999372 -3400.0000000063 -3439.99999999242 -3640 -3800.00000003814 -4999.99999997476 -5000 -5000 -5000 -5000 -5000 -5000 -5000 -5000 -5000 -5000 -5000 -5000 -5000 -5000 -5000 -5000 -5000 -5000 -5000 -2239.99999993515 -679.999999986267 -160 -360 -360 -360 -360.000000013961 -360.000000014006 -439.999999983424 -439.999999983379 -439.999999983334 -160 -80.0000000083787 -80 -2.52384779696811e-09 -119.999999989029 39.9999999987381 -80.0000000072305 -160 -120.000000008538 -160 -120.000000008583 -119.999999992656
-3999.9999999693 -4399.9999999938 -4399.99999996288 -4599.9999999938 -4399.9999999938 -4599.99999996254 -4999.99999998141 -4999.99999997522 -5000 -5000 -5000 -5000 -5000 -5000 -5000 -5000 -5000 -5000 -5000 -5000 -5000 -5000 -1919.9999999668 -1120.00000000124 -1120.00000001288 -1919.99999997142 -5000 -5000 -5000 -5000 -5000 -5000 -2519.99999994822 -679.999999983743 -360.000000013824 -439.999999983652 -360 -360.000000013961 -360 -359.999999997522 -360 -360.000000002478 -160 -80 -119.99999999286 -119.999999998761 -80 -80 -119.99999999277 -80.0000000097316 -119.999999998761 -160 -120.000000008561 -120.000000001239
-3199.99999998767 -3640 -5000 -5000 -5000 -5000 -5000 -5000 -5000 -5000 -5000 -5000 -5000 -5000 -5000 -5000 -5000 -5000 -5000 -5000 -5000 -5000 -1719.99999995961 -440.000000002433 -440 -440 -600.000000002433 -1120 -1120.00000000122 -1120 -1120 -1440.00000004684 -2080.00000007204 -1119.99999997933 -360.000000002433 -360 -360 -360 -439.999999983561 -439.999999997567 -360 -439.999999983424 -160 -120.0000000059 -120.000000005923 -119.999999991621 -80.0000000096179 -159.999999991576 -160 -159.999999998784 -120.000000007276 -160 -160 -159.999999991439
-2800.00000001705 -3239.9999998706 -4399.99999995117 -5000 -5000 -5000 -5000 -5000 -5000 -5000 -5000 -5000 -5000 -5000 -5000 -5000 -5000 -5000 -5000 -5000 -5000 -5000 -1479.99999993905 -439.999999984288 -360 -360 -439.999999984152 -360.000000013506 -360 -280.000000015984 -360 -360 -440 -360 -360 -360 -360 -439.999999983652 -360 -360 -360 -359.999999964643 -160 -160 -159.999999998806 -160 -159.999999990428 -80.0000000072077 -1.44609657581863e-08 -159.999999992747 -159.999999998806 -119.999999998806 -159.999999998806 -159.999999998806
-3799.99999991553 -3399.99999998918 -4199.99999968423 -4400.00000003104 -4399.99999999417 -4000.00000016215 -5000 -5000 -5000 -5000 -5000 -5000 -5000 -5000 -5000 -5000 -5000 -5000 -5000 -5000 -5000 -5000 -2279.99999994025 -440 -360 -360 -439.999999984209 -360 -360 -360 -360 -360 -160.000000003496 -160 -159.999999993088 -160.000000005826 -280.000000016246 -439.999999983709 -439.999999983663 -359.999999997669 -359.999999997669 -160.000000003496 -160 -160 -160 -120.000000001165 -160 -120.000000008373 0 -80 -359.999999994173 -159.999999990371 -159.999999998835 -160
-3800.00000006139 -4599.99999996348 -4200 -4199.99999993793 -4400.00000000571 -4199.99999999429 -3639.99999997319 -2999.99999986601 -3080.0000000195 -3040.00000000749 -2680.00000004734 -3800.00000003428 -3800.00000022663 -5000 -5000 -5000 -5000 -5000 -5000 -5000 -5000 -5000 -2199.99999998237 -679.999999971067 -360 -360 -360.000000002285 -360 -360 -360 -360 -359.99999996578 -160.000000001143 -119.999999993111 -80.0000000149669 -80.0000000022851 -80.0000000069576 -159.999999991877 -159.999999991854 -159.999999992974 -159.999999991809 -80.0000000082139 -159.999999998857 -160 -160 -160 -280.000000012085 -119.999999992792 0 80 -80.0000000084185 -280.000000016882 -80.0000000061789 -120.000000008487
-4399.9999999693 -4600.00000002521 -4200.00000007304 -2879.99999999216 -2399.9999999911 -2959.99999989081 -2880.00000009054 -3999.9999999944 -3240.00000000592 -2760.00000018098 -2919.99999988995 -5000 -5000 -5000 -5000 -5000 -5000 -5000 -5000 -3119.99999996938 -4999.99999973625 -3280.00000004153 -3279.99999988217 -839.999999971112 -360.00000001337 -360 -359.99999998654 -279.999999981981 -199.999999992104 -359.999999984163 -279.999999981776 -199.999999992036 -160 -80.0000000160185 -80 -79.9999999769557 120.00000000224 199.99999999776 79.9999999988802 -79.9999999977604 -119.99999999888 -120 -159.999999992906 -160 -279.999999980821 -160 -120.000000008305 -159.99999999888 1.11981535176072e-09 80 39.9999999916042 -160 -359.999999957794 0
-4599.99999997479 -4799.99999984595 -4799.99999985985 -4600 -4599.99999986991 -3080.00000003828 -4800.00000006276 -5199.99999999451 -4800 -4799.99999996828 -3360.00000026322 -5000 -5000 -5000 -5000 -5000 -5399.99999993497 -5000 -5000 -3360.00000002527 -3279.99999984729 -2279.99999998677 -1160.00000000104 -679.999999986676 -519.999999984436 -360 -159.99999999327 -160 -160 -359.999999960522 -160 -160 -160 2.1765345081055e-08 120.000000013824 199.999999997806 239.999999991945 200 40 39.9999999896829 -119.999999998903 -120 -160 -359.999999994515 -160.000000038989 -160.000000005485 -160 -159.999999992792 -119.999999992769 0 39.9999999949182 -2.19415596762758e-09 -80.0000000010971 -119.999999993753
-4600.00000000537 -5000 -5000 -5000.00000000537 -4799.99999990655 -5199.99999996336 -5000.00000003675 -5000.00000003686 -5000.00000000537 -4199.99999997365 -2680.00000004978 -5000 -5000 -5000.00000003217 -5400 -5400 -5400.00000000537 -5400 -5000 -3279.99999983465 -2519.99999996044 -1919.99999999463 -599.999999997851 -519.999999986676 -360 -160.000000006708 -160 -120.000000006753 -80.0000000157002 -1.78943082570233e-08 -160.000000003223 -160 79.9999999909846 200.000000001074 80.0000000079865 120 120.000000001074 119.999999998926 0 -80.0000000070258 -159.999999998926 -120.000000001074 -160 -160 -359.999999958931 -160 -359.999999958703 -359.999999997851 -80.0000000072305 0 3.9084283943135e-19 200 320 319.999999960056
-4999.99999996405 -4800.00000003081 -5199.99999993815 -4999.99999996896 -4799.99999996885 -4800 -5000.00000003663 -5199.99999999474 -4599.99999992627 -5000 -5000 -5000 -5000 -5000.00000007486 -5399.99999996771 -5400 -5400 -5000 -3239.99999985756 -1719.99999999685 -1319.99999996388 -519.99999998887 -160.000000006639 -160 -159.999999993315 -159.999999998948 -120.00000000673 280.000000001052 279.999999984345 200.000000001052 -80.0000000115392 0 40.0000000026603 119.999999995214 80.0000000238913 120.00000001387 199.999999983982 80.0000000069804 80.0000000070031 39.9999999898193 40.0000000151488 -119.999999998948 -80 -159.999999984715 -120 -80.000000005059 -159.999999992815 -120.000000001052 -80 40.0000000040984 80.0000000072759 239.999999997897 400 679.999999991604
-5000 -5000.00000003081 -4800 -4800 -4800 -4800.00000007282 -5000 -4999.99999996336 -4200 -4599.99999988427 -2280.00000002366 -3360.0000000294 -4999.99999960246 -5000 -5000 -5000 -5000.00000001029 -5000 -1599.99999998344 -1120.00000000103 -440.000000017303 -159.999999998971 -359.999999994856 -119.999999994367 -160 -159.999999993292 240.000000007759 559.999999984436 400.000000006776 280.000000019367 200.000000006821 -79.9999999958845 119.999999985238 199.999999984163 -2.05773176240637e-09 80.0000000079638 200 199.999999986039 120.000000016064 119.999999995032 119.999999984874 80.0000000060424 199.999999997942 119.999999992883 119.99999999286 -1.74111391965106e-08 -119.999999993844 -80 -80.0000000010289 80 120.000000014552 320.00000001254 480.000000002058 440.000000007344
-4800.0000000307 -4999.99999996416 -4800.00000003092 -4800.00000000503 -4800 -4800 -4600 -4400 -4400 -3799.99999994794 -1919.99999999497 -2199.99999999698 -3199.99999987389 -2280.00000017959 -2280 -1599.99999999263 -3239.99999984494 -1160.00000000402 -160 -520 -519.9999999848 -160 -119.999999994367 39.9999999790077 -160 40.0000000154273 239.999999998994 200 320.000000015564 479.999999993202 319.999999993179 119.999999995168 239.999999992127 279.999999992104 119.999999998994 120.00000001387 120.000000002012 120.000000013961 200 199.999999985948 120.000000002012 120.000000009084 280 120.000000016246 199.99999996943 79.9999999908255 -80 -3.62595913982368e-19 79.9999999815145 120 200 480.00000000428 919.999999983345 560
-4800 -4799.99999996919 -4800 -4600 -4399.99999999508 -3800 -3640 -3800.00000000492 -3640.00000002922 -2079.99999997954 -1440 -1320.00000002212 -1720 -1439.9999999807 -1199.99999999354 -1200.0000000059 -1079.99999997497 -440 -439.999999986903 -360 -360 -359.999999995083 -159.999999985738 40.0000000056787 -79.9999999876138 40.0000000067075 120 80.0000000087198 200.000000005792 360.000000006798 279.999999994162 319.999999992173 320.000000006867 319.999999993111 239.999999993088 199.999999998033 200.000000000983 239.999999992036 240.000000007986 199.999999998033 120.000000001967 120.000000013159 120.000000008077 200 200 120.000000001967 239.999999999017 120.000000014415 119.999999999017 80 80.0000000009834 160.000000008282 200.000000001967 399.999999986295
-4800 -4799.99999996919 -4400 -4399.9999999952 -4400 -3640.00000002501 -2519.99999993097 -2199.99999997043 -1599.99999998392 -1120.00000000192 -1120 -1200 -1439.99999995865 -519.999999987131 -359.999999987085 -359.999999985118 -160 -359.999999962569 -160 -160 -359.999999967031 -120.000000000961 40 120.000000013324 120 199.999999984664 120.000000015382 200 200 240.000000015518 240.000000008743 360.000000007805 439.999999999039 359.999999986221 239.999999994048 240 239.999999992082 200.00000000698 240.000000000961 280.000000000961 200 199.999999998079 240 120.000000014234 120.000000001921 200 399.999999998079 319.999999984624 239.999999991809 199.999999998079 120 199.999999983481 200 199.999999992656
-4200.00000000469 -3999.99999996919 -3640.00000002849 -4599.99999996427 -4399.99999999531 -4400.00000003126 -4000 -1120 -1120.0000000082 -1119.99999999906 -1120 -1120 -160.00000000469 -160 -160 -160 -159.999999986056 -120.000000007464 -40.0000000084242 -1.50180312628765e-08 1.13118403533047e-08 80 40.0000000075772 119.999999993338 200.000000006685 199.999999998124 199.999999998124 120.000000013506 279.999999999062 239.999999999062 319.999999999062 319.999999993156 360.000000000938 320 320.000000006912 399.999999992127 319.999999992104 359.999999985101 320 320.000000007026 479.999999984965 319.999999985857 200.000000007094 200 120 80.0000000081002 200.000000006247 239.999999992792 240 239.999999992747 199.999999985448 80.0000000082366 199.999999983481 159.999999999062
-2120.00000002692 -2919.99999998652 -3640.00000000824 -4000.00000003561 -4400 -4400.00000003126 -4599.99999999542 -4400.00000003149 -3639.99999994743 -1439.9999999501 -919.999999961801 -160.000000004576 -120.000000006412 -1.46997081171155e-08 80.000000004627 79.9999999926047 119.99999999817 80.0000000065256 199.999999984158 120.000000014973 120.000000012272 240.000000007532 200.000000000915 239.999999992423 199.99999998663 120.000000015245 200.000000007645 239.999999993247 240.000000007691 360.000000006798 440.000000007736 359.999999999085 320.000000006867 320 360.000000005997 479.999999993065 440.000000006042 519.999999999085 479.999999999085 559.999999999085 479.999999999085 319.999999992929 319.999999991076 200 120.000000016109 80.0000000080774 120 120 119.999999991854 79.999999993662 79.9999999936392 119.999999983572 119.999999991763 120.000000007344
-3640.00000002456 -3000.00000000884 -2400.00000000803 -2760 -3800.0000000623 -4400 -4400.00000000446 -3800.00000000892 -1599.99999993939 -1120.00000000178 1.45178091762031e-08 -80.0000000063892 79.9999999935881 120 400.000000005565 480.00000000648 399.999999991712 399.999999998215 359.999999990774 360 240 320.000000005724 200.000000007532 239.999999999108 200 240.000000000892 280.000000007623 319.999999992355 280.000000000892 399.999999999108 399.999999993179 320 320 320.000000014671 560.000000001785 759.999999983453 639.999999986977 559.999999999107 759.999999984209 640.000000005241 559.999999999107 440.000000014143 279.999999993798 199.999999985766 199.999999986613 119.999999992838 39.999999992815 40.0000000008924 8.9244167611499e-10 8.14566192259062e-09 79.9999999918316 40.0000000081911 119.999999992679 80.0000000229249
-2679.99999996756 -2239.99999999297 -2279.99999998154 -3280.00000008243 -3999.99999999565 -3000.00000002017 -2199.99999999441 -1159.99999999979 -679.999999965553 -120.00000000087 -80 40.0000000055195 199.999999987176 239.999999992696 159.999999987085 240.000000015569 519.99999999913 759.999999985209 559.99999999913 439.99999999913 440 480 439.999999992491 359.999999985806 319.999999991576 280.000000007577 240 319.999999993247 320.000000007645 360 399.99999999913 360.000000007714 520.000000005997 400.00000000602 559.999999994827 520.000000006935 680.000000052182 839.99999998256 799.99999999913 559.999999995583 479.99999999826 200.000000008811 160.000000007964 119.999999992883 80 8.03197508487511e-09 39.9999999919453 1.56715183161871e-19 39.9999999991303 1.57703922487813e-19 40.0000000081457 120 119.99999999913 199.999999983572
-3800.0000000307 -3999.99999987831 -2400.00000001491 -3280.00000000705 -3199.99999999462 -1639.99999997584 -1120 -600 -160.000000000847 -80 40.0000000135799 200 120.000000007259 279.999999992718 280.00000002583 519.999999990979 319.999999993497 399.999999993474 519.999999998306 559.999999999153 479.999999999153 440.000000000847 439.999999992514 319.999999993338 359.999999999153 359.999999999153 359.99999999327 360.000000000847 280.000000000847 400.000000006798 400.000000014489 480.000000006844 639.999999983726 560 439.999999993088 480.000000008629 480.000000007805 520.000000000847 440 320.000000007873 319.999999993798 200 120 120 39.9999999937074 1.51655164258519e-19 -1.60639501694531e-08 -1.61094249048451e-08 -1.44609657578801e-08 -79.9999999829526 7.27595761402771e-09 39.9999999927013 1.54898316392571e-08 79.9999999926558
-4599.99999996106 -4799.99999996507 -4599.99999996908 -3800 -3119.99999999295 -1919.99999996874 -1000 -360 -159.999999986534 -159.999999987313 -80 79.9999999936108 160.000000006412 320.000000006435 320.000000007282 360.000000007304 519.999999991849 520 559.999999993452 559.999999999176 519.999999991758 520.000000004968 479.999999999176 439.999999993338 439.999999993315 439.999999993292 479.999999991621 400.000000006753 360.000000014376 400.000000007623 479.999999998352 519.999999999176 680.000000018127 759.999999984573 759.999999995879 759.999999961204 440 639.99999997043 400 439.999999991326 240 200.000000000824 119.999999999176 119.999999992883 40 7.98650034964701e-09 -79.9999999839815 -40.000000008032 -1.64845914696399e-09 -79.9999999983515 -1.45519152280637e-08 -1.64845914696399e-09 -79.9999999837087 -79.9999999853116
