Prepped_data/Covariate_Data/PalaeoDEM/teyeq_DEM_1.asc
NCOLS 360 
NROWS 180 
XLLCORNER -180 
YLLCORNER -90 
CELLSIZE 1 
NODATA_value -9999 
[rows 72 to 95 of 180, columns 216 to 269 of 360]
-360 -440.000000014757 -5000 -5000 -5000 -5000 -5000 -5000 -5000 -5000 -5000 -5000 -160 -160 7.67386154620952e-09 240.000000002444 199.999999991894 -160 -200.000000002876 -160.000000002444 -200 -160 -200 -160 -160 -160 -160 -199.999999997556 -199.999999994452 -160 -160 -359.999999997556 -280.000000011278 -239.999999995111 -159.999999994316 -119.99999998696 80 120 120 120 120 119.999999994156 120 120 120 120.000000008379 120.000000002444 200 400.000000004889 640.00000002052 680.000000016985 680 839.999999984129 1040
-439.999999985334 -599.999999995157 -1120 -2080.00000015153 -5000 -5000 -5000 -5000 -5000 -5000 -5000 -5000 -5000 -5000 -160 -160 120.000000010118 -160 -160.000000004843 -160.000000002422 -199.999999997578 -200 -200.000000007833 -239.999999997578 -160 -160 -279.999999992076 -200 -200.000000005548 -160 -199.999999994407 -359.999999983925 -360 -360 -280.000000016212 -360 -280.00000000573 -119.999999991826 8.19682099937935e-09 8.2195583669223e-09 40.0000000082423 80.000000008265 120 119.999999997578 120 80 120.000000002422 159.999999997578 159.999999991576 199.999999997578 400.000000010891 680.000000023056 1039.99999997445 1280
-360 -440 -519.999999990087 -680.000000029513 -1440.00000008881 -5000 -5000 -5000 -5000 -5000 -5000 -5000 -5000 -5000 -5000 -159.999999995202 -160.000000002399 -360 -360 -439.999999995202 -360 -359.999999984425 -160.000000011994 -280.000000004798 -359.999999995202 -360 -359.999999988995 -160 -160 -160 -160 -360 -360 -360 -360 -360 -360.00000001146 -360 -359.999999986051 -319.999999991803 -239.999999995202 -79.9999999976012 40.0000000023988 119.999999991712 119.999999991689 120 120 119.999999997601 120 120 120 120.000000016939 680.000000031571 1040
-360 -360 -360.000000009913 -439.999999990041 -440.000000029513 -1440 -3800.00000022271 -5000 -5000 -5000 -5000 -5000 -5000 -5000 -5000 -5000 -5000 -360 -359.999999984607 -360.000000004752 -160 680.000000016166 1039.99999999287 679.999999974193 119.999999997624 -80.0000000078557 -360 -360 -519.999999995248 -600 -599.999999984061 -520 -519.999999995248 -440 -360 -360 -360 -360.000000004752 -360 -360 -360 -360 -360 -360 -119.999999994088 79.999999997624 120 120 120 120 120 120 120 360.000000004752
-360 -360 -360 -440 -440.000000019418 -920.000000014756 -3320.00000021906 -5000 -5000 -5000 -5000 -5000 -5000 -5000 -5000 -5000 -5000 -5000 -5000 -439.999999995293 -439.999999969123 80.0000000232262 960.000000024943 1480.00000001412 1479.99999996801 839.999999979627 120.000000011005 39.9999999827082 -359.999999988904 -280.000000015848 -360.000000004707 -519.999999984061 -520.000000004707 -600 -600 -519.999999988586 -440 -440 -360.000000004707 -439.999999983697 -360 -360 -360 -360.000000011778 -360 -280 -160 5.97992766415904e-09 40.000000008356 80 80.0000000084015 120 120 120.000000002353
-360 -360.000000004661 -359.999999995339 -360.000000009959 -440.000000010004 -680 -1120 -5000 -5000 -5000 -5000 -5000 -5000 -5000 -5000 -5000 -5000 -5000 -5000 -5000 -2239.99999996434 -759.999999975239 -160 280.00000003339 960.000000020236 1280.00000002343 1479.99999999534 839.999999972635 239.999999997669 120 40 -80.0000000102773 -360.000000004661 -520 -520.000000004661 -599.999999983925 -520.000000004661 -520 -520 -519.999999995339 -440 -439.999999995339 -360 -360.000000011778 -360 -360 -359.999999988086 -360 -359.999999988347 -160 -159.999999997669 -159.999999997669 -79.9999999831516 79.9999999915531
-360 -360.000000009868 -360 -439.999999995384 -440.000000010004 -600.00000001005 -1000.0000000101 -1720.00000007333 -5000 -5000 -5000 -5000 -5000 -5000 -5000 -5000 -5000 -5000 -5000 -5000 -5000 -5000 -4999.99999985691 -1119.99999999769 -360.00000001553 40.0000000178829 440.00000001935 680.000000009231 1200.00000001571 1559.99999999347 1039.99999998846 799.999999980537 399.999999979491 120 -2.06000549945021e-08 -360 -440 -440 -440 -520.000000004616 -679.999999988358 -680 -520 -440 -360 -360 -360 -360 -439.999999983379 -360 -360 -360 -360.000000012187 -360
-360.00000000457 -360 -440 -440 -440.00000000457 -520 -519.999999989905 -440.000000014711 -520.00000000457 -5000 -5000 -5000 -5000 -5000 -5000 -5000 -5000 -5000 -5000 -5000 -5000 -5000 -5000 -5000 -5000 -2799.99999987301 -839.999999979855 -159.999999997715 40.000000007833 199.999999999 400.000000014734 520.000000019327 1040.00000000914 1400.00000001589 1199.99999997949 559.999999971453 159.9999999897 -120.000000008038 -360 -360 -360.00000000457 -440.000000016257 -599.999999992838 -600 -680 -599.99999999543 -520 -439.99999998804 -360 -360 -360 -360 -360 -360
-360 -360 -440 -440.000000004525 -360.000000004525 -439.999999985425 -439.99999998538 -360.000000014666 -439.999999985289 -520.000000024988 -5000 -5000 -5000 -5000 -5000 -5000 -5000 -5000 -5000 -5000 -5000 -5000 -5000 -5000 -5000 -5000 -5000 -4999.99999985973 -1119.99999996752 -439.999999984334 -159.999999995475 1.01408659244511e-08 120.000000002262 120.000000007924 560.000000004525 1280.00000002391 1799.99999996924 1279.99999999095 839.999999961062 359.999999987415 120 119.999999997738 79.9999999954753 -120.000000002262 -359.999999995475 -360.000000004525 -520.000000016439 -760 -680 -520.000000016576 -440 -360.000000012142 -439.999999983288 -360
-160.000000006719 -359.999999995521 -360.000000019827 -440 -360 -439.999999985471 -360.000000014575 -440.00000001462 -440.000000014666 -520.000000014711 -520.000000014757 -5000 -5000 -5000 -5000 -5000 -5000 -5000 -5000 -5000 -5000 -5000 -5000 -5000 -5000 -5000 -5000 -5000 -5000 -5000 -4999.99999987682 -1919.99999993161 -919.999999966326 -359.999999995521 2.23963070343423e-09 120.000000010186 280.000000014688 920.000000011198 1400 1480 1480 1559.99999999104 1399.99999999328 1399.9999999888 959.999999991041 519.999999976933 199.999999983606 -199.99999999178 -360.000000004479 -520.00000001653 -679.999999987904 -679.999999995521 -599.999999983334 -440
-120.000000004911 -360 -360 -439.999999995566 -360 -439.999999995566 -440 -440 -440.000000004434 -600 -439.999999985289 -440.000000035402 -5000 -5000 -5000 -5000 -5000 -5000 -5000 -5000 -5000 -5000 -5000 -5000 -5000 -5000 -5000 -5000 -5000 -5000 -5000 -5000 -5000 -5000 -5000 -1599.99999995057 -519.999999991132 -79.9999999818442 119.999999994225 120.000000010232 160.000000016905 240.000000021362 240.000000011084 480.000000016973 760.00000002143 1280.00000002445 1559.99999998365 1279.99999996278 359.999999981344 -160.000000011084 -360 -360 -440 -520.000000012233
-80 -360 -360 -360 -440 -440 -440 -440 -519.999999985425 -520.000000010232 -519.999999989723 -360.000000004388 -1120.00000001037 -5000 -5000 -5000 -5000 -5000 -5000 -5000 -5000 -5000 -5000 -5000 -5000 -5000 -5000 -5000 -5000 -5000 -5000 -5000 -5000 -5000 -5000 -5000 -5000 -4999.99999990346 -1159.99999999203 -439.999999973045 -79.9999999934175 6.5824679037614e-09 79.9999999963279 40.0000000102773 79.9999999940883 80.0000000081286 120.000000010346 440.000000039881 839.999999992383 199.999999987949 119.999999997806 -160 -359.999999995612 -359.999999983379
-4.91127138957409e-09 -320.000000002763 -360 -360 -439.999999985653 -360 -360.000000010095 -439.999999989859 -440 -440 -520 -360 -680 -5000 -5000 -5000 -5000 -5000 -5000 -5000 -5000 -5000 -5000 -5000 -5000 -5000 -5000 -5000 -5000 -5000 -5000 -5000 -5000 -5000 -5000 -5000 -5000 -5000 -5000 -5000 -5000 -5000 -5000 -5000 -5000 -5000 -5000 -5000 -1119.99999998046 4.34283720096598e-09 120 280.00000000997 559.999999989143 159.999999989541
80 -280.000000007719 -360.000000004297 -440 -360.000000010004 -360 -440 -439.999999985562 -440 -440 -360.000000010277 -360 -520 -1120 -5000 -5000 -5000 -5000 -5000 -5000 -5000 -5000 -5000 -5000 -5000 -5000 -5000 -5000 -5000 -5000 -5000 -5000 -5000 -5000 -5000 -5000 -5000 -5000 -5000 -5000 -5000 -5000 -5000 -5000 -5000 -5000 -5000 -5000 -5000 -5000 -4999.99999986678 -439.999999995703 280.000000016837 1280
119.999999995089 -40.0000000028081 -359.999999995748 -440 -440 -440 -360.000000004252 -360 -440 -440 -439.999999985471 -360.000000010323 -440.000000020736 -160.000000006378 -1920.00000020447 -5000 -5000 -5000 -5000 -5000 -5000 -5000 -5000 -5000 -5000 -5000 -5000 -5000 -5000 -5000 -5000 -5000 -5000 -5000 -5000 -5000 -5000 -5000 -5000 -5000 -5000 -5000 -5000 -5000 -5000 -5000 -5000 -5000 -5000 -5000 -5000 -5000 -5000 -1599.99999995002
199.999999992986 79.999999995066 -360 -440.000000009959 -440 -440 -360.000000010095 -519.999999985653 -440.000000004206 -440 -439.999999985516 -439.999999985471 -360 -360 -360 -5000 -5000 -5000 -5000 -5000 -5000 -5000 -5000 -5000 -5000 -5000 -5000 -5000 -5000 -5000 -5000 -5000 -5000 -5000 -5000 -5000 -5000 -5000 -5000 -5000 -5000 -5000 -5000 -5000 -5000 -5000 -5000 -5000 -5000 -5000 -5000 -5000 -5000 -5000
319.999999983186 80.0000000020805 -280.000000023988 -440 -439.999999985835 -360 -440 -440.000000010141 -440.000000014347 -440.000000014393 -520 -439.999999989677 -360 -360 -360 -5000 -5000 -5000 -5000 -5000 -5000 -5000 -5000 -5000 -5000 -5000 -5000 -5000 -5000 -5000 -5000 -5000 -5000 -5000 -5000 -5000 -5000 -5000 -5000 -5000 -5000 -5000 -5000 -5000 -5000 -5000 -5000 -5000 -5000 -5000 -5000 -5000 -5000 -5000
359.999999995089 119.999999993008 -360 -360.000000009959 -360 -360.00000001005 -440 -519.999999985744 -440 -519.999999995885 -520 -439.999999995885 -600.000000006253 -599.999999975057 -360 -5000 -5000 -5000 -5000 -5000 -5000 -5000 -5000 -5000 -5000 -5000 -5000 -5000 -5000 -5000 -5000 -5000 -5000 -5000 -5000 -5000 -5000 -5000 -5000 -5000 -5000 -5000 -5000 -5000 -5000 -5000 -5000 -5000 -5000 -5000 -5000 -5000 -5000 -5000
359.999999985266 79.999999995066 -360 -360 -360 -440 -440.00000000407 -440 -440 -520 -520 -360 -440 -920 -599.99999999593 -5000 -5000 -5000 -5000 -5000 -5000 -5000 -5000 -5000 -5000 -5000 -5000 -5000 -5000 -5000 -5000 -5000 -5000 -5000 -5000 -5000 -5000 -5000 -5000 -5000 -5000 -5000 -5000 -5000 -5000 -5000 -5000 -5000 -5000 -5000 -5000 -5000 -5000 -5000
120 119.999999995066 -360 -360 -360 -440 -519.99999998588 -439.999999989859 -440 -439.999999989768 -439.999999989723 -439.999999985653 -360 -1120 -1120 -5000 -5000 -5000 -5000 -5000 -5000 -5000 -5000 -5000 -5000 -5000 -5000 -5000 -5000 -5000 -5000 -5000 -5000 -5000 -5000 -5000 -5000 -5000 -5000 -5000 -5000 -5000 -5000 -5000 -5000 -5000 -5000 -5000 -5000 -5000 -5000 -5000 -5000 -5000
120 39.999999995066 -439.999999986107 -360 -439.999999986017 -440 -439.999999996021 -360.000000003979 -360 -360 -439.999999996021 -360.000000003979 -360 -1440.00000010414 -5000 -5000 -5000 -5000 -5000 -5000 -5000 -5000 -5000 -5000 -5000 -5000 -5000 -5000 -5000 -5000 -5000 -5000 -5000 -5000 -5000 -5000 -5000 -5000 -5000 -5000 -5000 -5000 -5000 -5000 -5000 -5000 -5000 -5000 -5000 -5000 -5000 -5000 -5000 -5000
240.000000013756 -159.999999998033 -360 -440 -440 -440 -440 -360.000000010141 -360.000000003934 -360 -360.000000010277 -360 -280.000000004468 -5000 -5000 -5000 -5000 -5000 -5000 -5000 -5000 -5000 -5000 -5000 -5000 -5000 -5000 -5000 -5000 -5000 -5000 -5000 -5000 -5000 -5000 -5000 -5000 -5000 -5000 -5000 -5000 -5000 -5000 -5000 -5000 -5000 -5000 -5000 -5000 -5000 -5000 -5000 -5000 -5000
399.999999995089 -120.000000006878 -360 -440.000000013847 -519.999999986107 -439.99999998995 -360.000000010095 -520.000000010141 -599.999999996112 -600.000000006344 -359.999999974307 -160.000000025807 -4999.99999987947 -5000 -5000 -5000 -5000 -5000 -5000 -5000 -5000 -5000 -5000 -5000 -5000 -5000 -5000 -5000 -5000 -5000 -5000 -5000 -5000 -5000 -5000 -5000 -5000 -5000 -5000 -5000 -5000 -5000 -5000 -5000 -5000 -5000 -5000 -5000 -5000 -5000 -5000 -5000 -5000 -5000
480 -200.000000023579 -360.000000003843 -519.999999986198 -440 -360 -520 -679.999999996157 -759.999999996157 -1119.99999999808 -1160.00000001671 -5000 -5000 -5000 -5000 -5000 -5000 -5000 -5000 -5000 -5000 -5000 -5000 -5000 -5000 -5000 -5000 -5000 -5000 -5000 -5000 -5000 -5000 -5000 -5000 -5000 -5000 -5000 -5000 -5000 -5000 -5000 -5000 -5000 -5000 -5000 -5000 -5000 -5000 -5000 -5000 -5000 -5000 -5000
