Prepped_data/Covariate_Data/PalaeoDEM/teyeo_DEM_1.asc
NCOLS 360 
NROWS 180 
XLLCORNER -180 
YLLCORNER -90 
CELLSIZE 1 
NODATA_value -9999 
[rows 48 to 71 of 180, columns 270 to 323 of 360]
1119.99999999701 2079.99999998224 2199.99999997907 1440.00000001518 1320.00000000299 1239.99999998777 959.999999990735 1040.00000001228 1199.99999999402 1199.99999998469 880.000000046782 1079.99999999701 1200.0000000094 1319.99999998759 1359.99999999007 1279.99999999202 1319.99999999454 520.000000016041 479.999999952308 80.0000000065711 40 120.000000000637 440.000000010641 319.999999993338 680.000000046793 1479.99999993139 759.999999991019 -80.00000000299 -119.999999990234 160.000000010607 6.82121026278941e-09 -159.999999925581 1159.99999996268 -400.000000012608 -240.000000028581 -3880.00000000394 -3759.99999999902 -4920 -4920 -4920 -4920 -4920 -4920 -4920 -4920 -4920 -4920 -4920 -4920 -4920 -4920 -4920 -4920 -4920
1560.00000000256 1399.99999998471 1280.00000000915 1399.99999998165 1160.00000001187 1039.99999998156 959.999999984823 1039.99999998813 960.000000012255 920.000000011869 1320.00000001316 1440.00000001871 1320.00000000297 1400 1240.00000004014 640.000000018349 520.000000012437 520.000000002376 239.999999977388 -40.0000000036039 -40.0000000065938 439.999999994066 40.0000000059345 160.000000009629 40.000000019304 479.999999986585 -160.00000000673 -39.9999999962142 0 679.999999894305 -80.0000000148361 279.999999970566 -1000 -3319.99999997711 -3920 -4919.9999999911 -4920 -4920 -4920 -4920 -4920 -4920 -4920 -4920 -4920 -4920 -4920 -4920 -4920 -4920 -4920 -4920 -4920 -4920
1199.99999999067 1199.99999999062 1080.00000000589 1119.99999999379 880.00000000623 1280.00000000036 1439.99999997157 1439.99999997227 1320.0000000084 1679.99999997848 1200.00000001178 1440.000000056 1560.00000000347 1120.00000001287 719.999999995248 40 119.999999981105 40.0000000159957 -40.0000000065484 -199.999999986858 79.9999999970555 0 -40 40 679.999999972226 80.0000000281375 -120 119.999999937143 480.000000018554 600.000000032651 359.999999910244 -2039.9999999735 -3720.00000002059 -3759.999999999 -4920 -4920 -4920 -4920 -4920 -4920 -4920 -4920 -4920 -4920 -4920 -4920 -4920 -4920 -4920 -4920 -4920 -4920 -4920 -4920
1000.00000000322 1119.99999999416 1279.99999999123 1439.99999999416 1240.00000003076 1240.00000000917 1360.00000000628 1360.00000001214 1200 1360.00000000292 1240.00000000397 1520.00000000639 1080.00000008977 1199.99999999353 80 40 40 0 -40.0000000094701 -80 -6.59383658785598e-09 -39.9999999933834 -40 4.8662130707719e-19 200.000000005844 0 -80 -39.9999998643602 439.999999931185 5.15228748519729e-08 -560.000000031196 -3519.99999998923 -4920 -4920 -4920 -4920 -4920 -4920 -4920 -4920 -4920 -4920 -4920 -4920 -4920 -4920 -4920 -4920 -4920 -4920 -4920 -4920 -4920 -4920
1080.00000000614 1319.9999999971 1560.00000000657 1400.00000000331 1320.00000000333 1240.00000000625 1400 1439.9999999937 1320.00000001264 1239.99999997173 1520.00000000114 1600.0000000058 1360.00000002503 120.000000005798 40 40 40 40 -40 79.999999994202 119.999999967827 -80 -79.9999999904617 0 0 -79.999999997101 -120.000000002899 0 0 -280.000000029195 -3440.00000001074 -4920 -4920 -4920 -4920 -4920 -4920 -4920 -4920 -4920 -4920 -4920 -4920 -4920 -4920 -4920 -4920 -4920 -4920 -4920 -4920 -4920 -4920 -4920
1080.00000001477 1440.00000001232 1400 1320.00000000621 1360 1439.99999999325 1400.00000000628 1479.99999999083 1199.99999999368 1199.99999999019 1040.00000003985 1240.00000001054 1080.00000005639 1359.99999992332 40 40 40 80.0000000036493 79.9999999971237 -39.9999999839815 -40 -40 -80 -40.0000000095383 -79.9999999971237 -120 -120 -119.999999971112 -1200.00000014389 -3880.00000000392 -4919.99999999137 -4920 -4920 -4920 -4920 -4920 -4920 -4920 -4920 -4920 -4920 -4920 -4920 -4920 -4920 -4920 -4920 -4920 -4920 -4920 -4920 -4920 -4920 -4920
1319.9999999853 1520.00000002134 1319.99999999667 1400.00000001527 1519.99999997508 1360.0000000034 1520.00000000342 1799.99999993879 1479.99999999021 1160 1240.00000001054 1120.00000002773 1159.99999999859 520.000000027137 80 80 120.000000005707 280.000000009379 160.000000006548 0 0 -2.85353962681272e-09 -40 -40 -40 -40.0000000028535 -80 0 -3759.99999999821 -4719.99999994226 -4920 -4920 -4920 -4920 -4920 -4920 -4920 -4920 -4920 -4920 -4920 -4920 -4920 -4920 -4920 -4920 -4920 -4920 -4920 -4920 -4920 -4920 -4920 -4920
1040 1599.99999998868 1720.0000000304 1800.00000001415 1399.99999999603 1640 1719.99999999656 1399.99999999434 1399.99999999019 1440.00000000917 1000.00000002193 999.999999970157 959.999999992838 40.0000000553314 80.0000000056616 80 40 120.00000002068 40 40 0 0 0 -40 -40 -40 -80 -1160.0000000708 -3880 -4920 -4920 -4920 -4920 -4920 -4920 -4920 -4920 -4920 -4920 -4920 -4920 -4920 -4920 -4920 -4920 -4920 -4920 -4920 -4920 -4920 -4920 -4920 -4920 -4920
1040.00000000385 1519.99999997364 1480.00000000338 1399.99999999438 1280.00000002369 1400.00000000281 1519.99999999438 1279.99999999021 1319.99999997823 1440.00000008881 1560.00000004156 759.999999995646 120.000000008424 200.000000005616 80 80 40 40.0000000028081 40 40 40 6.61657395493582e-09 0 -40 -40 -40 -40.0000000095383 -3440.00000006586 -4920 -4920 -4920 -4920 -4920 -4920 -4920 -4920 -4920 -4920 -4920 -4920 -4920 -4920 -4920 -4920 -4920 -4920 -4920 -4920 -4920 -4920 -4920 -4920 -4920 -4920
1319.99999999721 1319.99999999384 1399.99999999721 1400.00000000279 1439.99999999377 1359.99999999721 1320.00000000906 1159.99999999649 959.999999971931 1839.99999999969 1999.99999994867 1400.00000002474 439.999999984391 1.47906575871369e-08 80 79.9999999935199 40 79.999999990689 40 40 40 40 0 -6.66204869002507e-09 -40 -40.0000000094929 -240.000000040382 -3879.99999999603 -4920 -4920 -4920 -4920 -4920 -4920 -4920 -4920 -4920 -4920 -4920 -4920 -4920 -4920 -4920 -4920 -4920 -4920 -4920 -4920 -4920 -4920 -4920 -4920 -4920 -4920
1439.99999999386 1440.00000000064 1479.99999998829 1400.00000000553 1360.00000000899 1520.00000000073 1520 1399.99999999094 1079.99999997748 1359.99999997933 1159.99999999555 1000.00000003678 199.999999987176 159.999999988984 79.9999999870852 79.9999999972374 79.9999999972374 40.0000000027626 40 159.99999997857 200.000000016576 119.999999987858 199.999999997237 0 -40 -40.0000000094701 -1240.00000009663 -3640.00000020136 -4920 -4920 -4920 -4920 -4920 -4920 -4920 -4920 -4920 -4920 -4920 -4920 -4920 -4920 -4920 -4920 -4920 -4920 -4920 -4920 -4920 -4920 -4920 -4920 -4920 -4920
1680.00000000614 1880.00000000616 1520.00000000274 1640 1559.99999999726 1399.99999999726 1360.00000001529 1359.99999997207 1279.99999999094 1359.99999999726 920.000000050125 840.000000019168 120.00000000274 199.99999999726 160.000000047942 160.00000000822 360.000000019179 79.9999999907345 479.999999932243 160.000000006571 319.999999954957 239.999999997726 240.00000001412 0 -80 -80 -2960.00000013586 -4920 -4920 -4920 -4920 -4920 -4920 -4920 -4920 -4920 -4920 -4920 -4920 -4920 -4920 -4920 -4920 -4920 -4920 -4920 -4920 -4920 -4920 -4920 -4920 -4920 -4920 -4920
1439.99999999386 1400 1320.00000000543 1400.00000001513 1520.00000000623 1240.00000000897 1200.00000000272 1280.00000001531 1320.00000001719 1000.00000000634 480.000000001785 360.000000004627 559.999999970873 80 80 40 40.0000000173713 40 119.999999988017 439.999999970555 640.000000045759 240.000000052933 159.999999971931 -40.000000006662 -80.0000000094019 -120 -3920 -4920 -4920 -4920 -4920 -4920 -4920 -4920 -4920 -4920 -4920 -4920 -4920 -4920 -4920 -4920 -4920 -4920 -4920 -4920 -4920 -4920 -4920 -4920 -4920 -4920 -4920 -4920
1360 1479.99999999731 1400 1359.9999999911 1280 1120 1039.99999999103 1160.00000000539 1159.99999998922 1319.99999999731 1399.99999995715 919.999999978138 360.000000010778 80 40 119.99999999352 359.999999975103 79.9999999934744 79.9999999907573 599.999999901956 280.00000005424 1040.00000001716 2.81943357509393e-08 -40.0000000026944 -80.0000000026944 -280.00000007642 -3880.00000000269 -4920 -4920 -4920 -4920 -4920 -4920 -4920 -4920 -4920 -4920 -4920 -4920 -4920 -4920 -4920 -4920 -4920 -4920 -4920 -4920 -4920 -4920 -4920 -4920 -4920 -4920 -4920
1360.00000000881 1399.99999999384 1119.99999999382 959.999999993793 720.000000010687 680 719.999999994657 560.000000002672 440.000000005343 440.000000008015 639.999999993008 560.000000073533 1319.99999995512 120.000000002672 40 80.0000000091518 399.999999989666 80.0000000026716 279.99999998156 319.999999980287 719.999999925876 319.99999997608 199.999999970771 -80.0000000026716 0 0 -3880.0000000094 -4920 -4920 -4920 -4920 -4920 -4920 -4920 -4920 -4920 -4920 -4920 -4920 -4920 -4920 -4920 -4920 -4920 -4920 -4920 -4920 -4920 -4920 -4920 -4920 -4920 -4920 -4920
1560.00000000614 1519.99999999384 1199.99999999382 839.999999991144 800 720 559.999999993724 520.000000002649 400.000000002649 480.000000031719 920.000000022305 1239.99999993408 480.000000012824 479.999999963666 360.000000028479 80.0000000026489 80.0000000156547 279.999999993474 639.999999957913 320.000000011869 520.000000007947 679.999999990734 79.9999999880629 -40.0000000026489 0 0 -3880.00000000673 -4920 -4920 -4920 -4920 -4920 -4920 -4920 -4920 -4920 -4920 -4920 -4920 -4920 -4920 -4920 -4920 -4920 -4920 -4920 -4920 -4920 -4920 -4920 -4920 -4920 -4920 -4920
1280.00000000877 1360.00000000263 1280 999.999999996419 720 640.000000003627 520.000000002626 600 439.999999991053 400.000000020123 959.999999967054 480.000000052955 879.999999955969 280.000000026921 359.999999996385 279.999999971453 200.000000026012 1439.99999994119 120.000000051091 240.000000049931 240.00000006454 79.9999999841407 -40.0000000026262 -120.000000005252 -80 0 -3880.00000000673 -4920 -4920 -4920 -4920 -4920 -4920 -4920 -4920 -4920 -4920 -4920 -4920 -4920 -4920 -4920 -4920 -4920 -4920 -4920 -4920 -4920 -4920 -4920 -4920 -4920 -4920 -4920
1359.99999999386 1439.9999999974 1280 1120.00000000881 800.000000005207 679.999999997396 840.000000003672 719.999999997397 439.999999991076 840.000000020498 1279.99999998987 759.999999950069 440.000000045077 759.999999930299 479.999999989689 160.000000059651 200.000000050727 1039.99999993998 360.000000002603 159.999999996032 159.999999993406 -39.9999999973966 -79.9999999907573 -40 -40 -40 -3879.9999999974 -4920 -4920 -4920 -4920 -4920 -4920 -4920 -4920 -4920 -4920 -4920 -4920 -4920 -4920 -4920 -4920 -4920 -4920 -4920 -4920 -4920 -4920 -4920 -4920 -4920 -4920 -4920
1280 1320.00000000258 1239.99999999382 919.999999991212 919.99999999377 840.000000012506 960.000000018827 999.999999979662 999.999999988518 1040.00000001527 999.999999992258 1040.0000000129 720.000000012824 759.999999965212 320.000000047748 759.99999991719 640 160.000000008959 200.000000040484 40 -39.9999999908255 -40 -40 -40 -40 -40 -2920.00000008177 -4920 -4920 -4920 -4920 -4920 -4920 -4920 -4920 -4920 -4920 -4920 -4920 -4920 -4920 -4920 -4920 -4920 -4920 -4920 -4920 -4920 -4920 -4920 -4920 -4920 -4920 -4920
1240.00000000614 1200 1040.00000001749 920.000000006207 1040.00000000734 1120.00000000369 1359.99999999744 1440 1280.00000000632 1559.99999999744 1359.99999997578 1040.00000000895 640.000000025648 359.99999998837 200.000000006332 479.99999997425 159.999999998613 80.000000002558 5.11590769705425e-09 0 -40 -40 -40 -40 -40 -79.9999999932925 -2840.00000005801 -4920 -4920 -4920 -4920 -4920 -4920 -4920 -4920 -4920 -4920 -4920 -4920 -4920 -4920 -4920 -4920 -4920 -4920 -4920 -4920 -4920 -4920 -4920 -4920 -4920 -4920 -4920
1000.00000001735 1040.00000000507 1040.00000001237 1199.99999999746 1439.99999999377 1320 1519.99999999119 1279.99999998111 1360.0000000025 1479.99999998224 1279.99999995549 800.000000006492 520.000000036982 320.000000047385 119.999999996078 159.999999988449 559.999999957345 160.000000019202 359.999999930924 -40 -40 -40 -40 -40 -40 -40 -2360.00000006477 -4920 -4920 -4920 -4920 -4920 -4920 -4920 -4920 -4920 -4920 -4920 -4920 -4920 -4920 -4920 -4920 -4920 -4920 -4920 -4920 -4920 -4920 -4920 -4920 -4920 -4920 -4920
720.000000008652 1079.99999999498 1120.0000000087 1240.00000001241 1400.00000000251 1320.00000000877 1599.99999999121 1679.9999999874 1639.99999996596 1519.99999999736 800.00000006969 360.000000035391 160.000000007537 519.999999943805 120.000000011482 319.99999998995 80.0000000025125 40.0000000115506 0 -40 -40 -40 -80 -40 -40 -40 -1520.00000013119 -3640.0000002687 -4920 -4920 -4920 -4920 -4920 -4920 -4920 -4920 -4920 -4920 -4920 -4920 -4920 -4920 -4920 -4920 -4920 -4920 -4920 -4920 -4920 -4920 -4920 -4920 -4920 -4920
640 880 1040.00000001237 1240.00000001739 1400 1359.99999999126 1560.00000000877 1280.00000005156 1759.99999996591 1640.00000001381 1519.9999999607 1119.99999991868 560.000000013881 160.000000015359 40.0000000064574 39.9999999935199 40 0 -40.0000000090381 -79.9999999909392 -40 -40 -40 -40 -40 -40 -600.000000067303 -3839.99999997725 -4920 -4920 -4920 -4920 -4920 -4920 -4920 -4920 -4920 -4920 -4920 -4920 -4920 -4920 -4920 -4920 -4920 -4920 -4920 -4920 -4920 -4920 -4920 -4920 -4920 -4920
560.000000006139 840.000000014791 1239.99999999753 1320.00000000867 1360 1279.99999997877 1119.99999999753 1320.00000000766 1280.00000002359 959.999999967224 799.999999994668 280.000000012778 240.000000058697 319.999999983163 0 -159.999999997533 0 40 -40 -119.999999984391 -40 -40 -40 -40 -40 -40 -120.000000020191 -3919.99999999325 -4920 -4920 -4920 -4920 -4920 -4920 -4920 -4920 -4920 -4920 -4920 -4920 -4920 -4920 -4920 -4920 -4920 -4920 -4920 -4920 -4920 -4920 -4920 -4920 -4920 -4920
