Prepped_data/Covariate_Data/PalaeoDEM/teyen_DEM_0.5.asc
NCOLS 720 
NROWS 360 
XLLCORNER -180 
YLLCORNER -90 
CELLSIZE 0.5 
NODATA_value -9999 
[rows 308 to 329 of 360, columns 49 to 97 of 720]
-650.000000000574 -780 -1220.00000000059 -2140.00000000063 -2600.00000000065 -3130.00000000067 -3299.99999999941 -3189.99999999939 -3039.99999999935 -2749.99999999687 -2479.9999999964 -2560.00000000069 -2600.00000000293 -2510.00000000274 -2340.00000000379 -2999.99999999912 -3299.99999999883 -3249.99999999933 -3230.00000000009 -3109.999999996 -3399.99999999921 -2980.00000000102 -2409.9999999992 -1970.00000000374 -1890.0000000003 -1710.00000000358 -2240.00000000636 -2859.99999999794 -3159.99999999941 -3199.99999999972 -3509.99999999984 -3479.99999999791 -3569.99999999949 -3540 -3489.99999999982 -3539.99999999963 -3520.00000000156 -3429.9999999998 -3430.00000000079 -3379.99999999958 -3289.9999999992 -3300.00000000059 -3249.99999999977 -3190.00000000082 -3210.00000000024 -2929.99999999536 -2770.00000000084 -2820.00000000059 -2829.99999999968
-719.999999997726 -1060.00000000057 -1919.9999999983 -2699.99999999965 -3419.99999999943 -3409.99999999887 -3519.99999999885 -3379.99999999821 -3230.00000000053 -3200 -3249.9999999987 -3179.99999999943 -3199.99999999885 -3140 -3350.00000000107 -3280.00000000016 -3319.99999999868 -3299.99999999924 -3210.00000000067 -3209.99999999875 -2929.99999999953 -2899.99999999897 -2329.99999999629 -1639.99999999778 -1489.99999999846 -1520.00000000169 -1590.000000001 -2159.99999999943 -3249.99999999901 -3349.99999999837 -3499.99999999943 -3530.00000000109 -3500.0000000015 -3540.00000000245 -3419.99999999943 -3340.00000000019 -3299.99999999903 -3179.99999999861 -3180.00000000157 -3200.00000000388 -3210.00000000035 -3080 -3110.00000000102 -2929.99999999919 -2780 -2770.0000000019 -2839.9999999993 -2550.00000000339 -2190.0000000008
-1519.99999999775 -2579.99999999947 -3249.99999999949 -3559.99999999947 -3629.99999999885 -3600.00000000062 -3580.00000000063 -3419.9999999988 -3419.99999999944 -3409.99999999995 -3369.99999999949 -3380.00000000081 -3339.99999999887 -3340.00000000071 -3420.00000000056 -3440.00000000073 -3400.00000000074 -3310.00000000103 -3230.0000000001 -3139.99999999978 -2979.99999999887 -2929.99999999875 -2659.99999999812 -2219.99999999749 -2239.99999999325 -2349.99999999451 -2539.99999999976 -2770.00000000015 -3230.00000000072 -3059.9999999992 -3340.00000000056 -3409.99999999982 -3470.00000000038 -3439.99999999962 -3230.00000000019 -3240.00000000113 -3219.9999999979 -3039.99999999845 -2970.00000000035 -3079.99999999887 -3120.00000000043 -3030.00000000229 -2920.00000000009 -2889.99999999631 -2580.00000000394 -2209.99999999934 -2130.00000000195 -2150.00000000083 -2279.99999999889
-2920.00000000006 -3329.99999999944 -3550.00000000005 -3660.00000000115 -3609.99999999948 -3549.99999999997 -3529.99999999933 -3549.9999999994 -3510.00000000005 -3439.99999999922 -3430.00000000006 -3439.99999999945 -3490.00000000287 -3409.99999999992 -3360.0000000011 -3390.00000000009 -3339.99999999926 -3309.99999999935 -3370.00000000011 -3259.99999999945 -3269.99999999933 -3219.9999999981 -3200 -3189.99999999986 -3159.99999999918 -3199.9999999989 -3159.99999999859 -3160.00000000032 -3240.00000000143 -3499.99999999856 -3279.9999999991 -3500.00000000091 -3359.99999999962 -3240.00000000094 -3190.00000000075 -3079.99999999849 -3040.00000000194 -3359.99999999988 -3029.99999999878 -2809.99999999821 -2560 -2510.00000000024 -2540.00000000159 -2580.0000000011 -2109.99999999817 -1770.00000000189 -1970.0000000019 -2080.00000000164 -2089.99999999973
-3339.99999999892 -3619.99999999946 -3559.99999999946 -3620.0000000006 -3600 -3609.99999999996 -3580 -3539.9999999999 -3460.00000000119 -3480 -3470.00000000007 -3510.00000000061 -3430.00000000008 -3439.99999999875 -3349.99999999937 -3360.00000000073 -3360 -3260.00000000054 -3400 -3350.00000000012 -3309.99999999934 -3370.00000000067 -3299.99999999811 -3269.99999999986 -3329.99999999985 -3329.99999999931 -3329.9999999993 -3329.99999999822 -3379.99999999946 -3360.00000000143 -3430.00000000072 -3339.99999999709 -3160.00000000255 -3350.00000000128 -3130.0000000002 -3299.99999999958 -3059.99999999903 -2900.0000000001 -2690.00000000085 -2580.00000000108 -2460 -2179.99999999853 -1810.00000000245 -1920.00000000054 -1999.9999999984 -2029.99999999811 -1709.99999999756 -1850.00000000298 -1950.00000000293
-3480.00000000056 -3559.99999999991 -3600 -3580.0000000006 -3610.0000000011 -3579.99999999938 -3479.99999999884 -3390.00000000059 -3380.00000000053 -3400 -3449.99999999993 -3389.99999999992 -3330.00000000114 -3300.00000000053 -3310.00000000062 -3310.0000000001 -3319.99999999978 -3340.00000000053 -3330.00000000012 -3320.00000000025 -3369.99999999934 -3380.00000000053 -3380 -3409.99999999985 -3330.00000000015 -3340.00000000053 -3310.00000000016 -3309.99999999949 -3289.99999999982 -3270.00000000071 -3260.00000000053 -3280.00000000144 -3269.9999999994 -3170.00000000155 -3139.99999999927 -2880.00000000063 -2799.99999999797 -2639.99999999803 -2289.99999999983 -2080 -1940.00000000053 -1980.00000000156 -1919.99999999945 -1289.99999999921 -1670.00000000556 -1960.00000000268 -2040.00000000053 -2040 -2160.00000000327
-3499.99999999948 -3430.00000000055 -3570.00000000048 -3460.00000000155 -3459.99999999991 -3430.00000000047 -3440 -3360.00000000064 -3339.99999999948 -3350.00000000126 -3310.00000000076 -3309.99999999991 -3309.99999999869 -3260.00000000052 -3160.00000000114 -3250.00000000114 -3250.00000000011 -3299.99999999924 -3300.00000000052 -3309.99999999961 -3349.99999999907 -3340.0000000008 -3389.99999999985 -3269.99999999716 -3219.99999999968 -3300.00000000136 -3149.99999999897 -3299.99999999739 -3209.99999999945 -3029.99999999944 -3020.00000000155 -3039.99999999976 -3130.00000000404 -2860.0000000001 -2730.00000000039 -2490.00000000288 -2270.00000000132 -2149.99999999873 -2150.00000000275 -1999.99999999796 -2070.00000000128 -2049.99999999613 -1950.00000000182 -1949.99999999922 -1599.99999999526 -1469.99999999972 -1980.00000000429 -2160.0000000011 -2150.0000000003
-3500 -3489.99999999946 -3479.99999999949 -3399.9999999989 -3280 -3299.99999999938 -3360 -3450.00000000044 -3369.99999999942 -3329.99999999941 -3119.99999999983 -3239.99999999931 -3189.9999999999 -3170.00000000111 -3249.9999999996 -3190.00000000011 -3280.00000000024 -3230.00000000038 -3240.00000000178 -3179.99999999922 -3129.99999999957 -3130.00000000167 -3160.00000000101 -3029.99999999851 -3000.00000000134 -2969.99999999966 -3019.99999999696 -3460.00000000087 -2899.99999999535 -3090.00000000156 -2790.00000000132 -2610.00000000131 -2469.99999999937 -2319.99999999949 -2400 -2279.99999999853 -2320.00000000148 -2419.99999999896 -2119.99999999899 -2180.00000000051 -2169.99999999873 -2079.99999999847 -2190.00000000232 -1929.9999999993 -1960 -1959.99999999791 -1869.99999999602 -1699.99999999494 -2120.00000000373
-3480.0000000005 -3440 -3440 -3419.9999999994 -3379.9999999995 -3330.00000000006 -3280 -3380.0000000005 -3350.00000000057 -3269.99999999991 -3109.99999999856 -3139.99999999981 -3089.99999999821 -3060.00000000071 -2960.00000000122 -3179.99999999877 -3169.99999999938 -3180 -3140.00000000077 -3130.00000000064 -3049.99999999886 -3239.99999999882 -3360 -2959.99999999802 -2759.99999999882 -2679.99999999965 -2540.00000000125 -2450.00000000266 -2430.00000000168 -2389.99999999931 -2440 -2500 -2499.99999999951 -2490.00000000022 -2429.99999999878 -2440.00000000146 -2389.99999999974 -2369.99999999926 -2419.99999999951 -2139.99999999901 -2269.99999999974 -2200.00000000053 -2099.99999999797 -2140.00000000247 -2220.00000000156 -2240.00000000116 -2219.99999999891 -2140.00000000686 -2029.9999999955
-3400 -3409.99999999995 -3400 -3379.9999999994 -3339.99999999952 -3319.9999999989 -3220.00000000034 -3120.00000000097 -3110.00000000009 -3140.00000000018 -3060 -3050.0000000001 -3180.00000000022 -3130.00000000111 -2890.00000000036 -2820.00000000023 -2900.00000000171 -3210.00000000814 -3040.00000000676 -2780.00000000019 -2519.9999999989 -2400 -2379.99999999903 -2370.00000000017 -2400.00000000035 -2470.00000000018 -2519.99999999952 -2529.99999999981 -2509.9999999998 -2509.99999999883 -2480.00000000042 -2519.99999999908 -2529.99999999978 -2620.00000000048 -2579.99999999903 -2530.00000000024 -2509.99999999782 -2530.00000000025 -2469.99999999827 -2390.00000000026 -2419.99999999743 -2359.99999999939 -2230.00000000076 -2309.99999999923 -2170.00000000232 -2350.00000000314 -2699.99999999602 -2749.99999999715 -2439.99999999758
-3369.99999999995 -3359.9999999999 -3349.99999999994 -3300.00000000094 -3260.00000000094 -3059.99999999923 -2999.9999999989 -3010.0000000012 -3049.99999999802 -3119.99999999811 -2920.00000000283 -2760.0000000012 -2790.00000000059 -2869.99999999965 -2869.99999999965 -2850.00000000013 -2930.00000000061 -2799.99999999783 -2729.99999999608 -2719.9999999945 -2430.00000000016 -2570.00000000021 -2789.99999999558 -2759.99999999847 -2849.99999999877 -2699.99999999613 -2769.99999999548 -2839.99999999623 -2849.99999999649 -3000.00000000042 -2949.99999999782 -3110.00000000019 -3180 -2939.99999999433 -2939.99999999433 -2669.999999995 -2659.99999999717 -2779.99999999851 -2579.99999999628 -2559.99999999723 -2399.99999999811 -2369.99999999736 -2219.99999999244 -2179.99999999695 -2240.00000000012 -2470.00000000185 -2550.00000000125 -2570.00000000439 -2680.00000000014
-3320.00000000205 -3329.99999999845 -3349.99999999856 -3189.99999999841 -3199.99999999939 -3239.99999999862 -3130.00000000377 -2889.99999999899 -2829.99999999898 -2769.99999999852 -2769.99999999919 -2859.99999999839 -2939.99999999862 -2899.99999999975 -2799.99999999882 -2830.0000000006 -2890.0000000006 -2920 -2939.99999999954 -2969.99999999938 -2940.00000000046 -2959.99999999874 -2969.99999999982 -3000 -3000 -2969.99999999981 -2950.0000000002 -2980.00000000046 -2969.99999999933 -3280.00000000135 -3379.99999999864 -3299.99999999954 -3250.00000000023 -3150.00000000114 -3169.99999999881 -2849.99999999929 -2839.99999999903 -2800.00000000046 -2690.00000000019 -2649.99999999973 -2560 -2510.00000000028 -2550.00000000285 -2990.00000000076 -2930.00000000076 -2860 -2639.99999999908 -2329.999999996 -2150.00000000078
-3559.99999999899 -3639.9999999991 -3629.99999999858 -3659.9999999994 -3710.00000000008 -3669.99999999947 -3769.99999999964 -3799.9999999991 -3759.9999999991 -3779.99999999977 -3799.9999999991 -3820.00000000045 -3829.99999999943 -3790.00000000013 -3819.99999999928 -3789.99999999941 -3820.00000000045 -3810.0000000006 -3800 -3820.00000000078 -3790.00000000062 -3810.00000000063 -3820.00000000081 -3790.00000000064 -3740.00000000045 -3970.00000000094 -4059.999999996 -4189.99999999802 -4299.99999999957 -4520 -4449.99999999707 -3780.00000000042 -3589.99999999931 -3480 -3360 -3340.00000000045 -3349.99999999974 -3340.00000000045 -3329.99999999973 -3170.00000000017 -3070.00000000118 -2969.99999999958 -2790.0000000006 -2680.0000000003 -2609.99999999835 -2590.00000000014 -2549.99999999923 -2420.00000000115 -2330.00000000102
-3680 -3709.99999999963 -3779.99999999956 -3769.99999999964 -3789.99999999948 -3779.99999999956 -3850.00000000117 -3840 -3840 -3840 -3849.99999999988 -3840 -3829.99999999987 -3819.99999999956 -3740.00000000116 -3740 -3749.99999999985 -3750.0000000006 -3730.0000000006 -3740 -3790.00000000097 -3809.99999999982 -3819.99999999919 -3850.00000000058 -4060.00000000581 -4529.99999999892 -4560 -4489.99999999978 -4210.00000000372 -4120.00000000221 -4100.00000000169 -3640.00000000135 -3570.00000000112 -3500.00000000044 -3380 -3300.00000000044 -3300.00000000141 -3290.00000000016 -3180.00000000088 -3080.00000000031 -2800.00000000073 -2560.00000000175 -2320.00000000159 -2190.00000000311 -2000.000000002 -1720.00000000111 -1370.00000000143 -1210.00000000055 -1180.00000000088
-3769.99999999993 -3800 -3820.00000000043 -3810.00000000051 -3789.99999999991 -3820.00000000062 -3829.99999999947 -3819.99999999978 -3800 -3749.99999999988 -3790.00000000055 -3740.00000000043 -3729.99999999944 -3710.00000000128 -3779.99999999957 -3769.9999999993 -3990.00000000069 -4160.00000000033 -4439.99999999574 -4409.99999999599 -4679.99999999994 -4729.99999999896 -4649.99999999853 -4479.99999999659 -4520.00000000044 -4550.00000000234 -4109.99999999505 -3570.00000000063 -3570.00000000279 -3460.00000000167 -3339.99999999724 -3190.00000000146 -3080.00000000256 -3030.00000000051 -2950.00000000197 -2880.00000000074 -2660.0000000031 -2610.00000000412 -2370.00000000455 -2120.00000000155 -1829.99999999895 -1539.99999999982 -1309.99999999993 -1149.99999999991 -960.000000001069 -739.999999998482 -459.999999999108 99.9999999948841 -50.0000000075033
-3929.99999999758 -3939.99999999652 -3989.99999999843 -4029.99999999926 -4059.99999999958 -4080.00000000083 -4060.00000000063 -4030.00000000053 -3980.00000000041 -4169.99999999872 -4429.99999999904 -4560.00000000027 -4680 -4619.99999999876 -4639.99999999948 -4640.00000000115 -4720.00000000158 -4749.99999999983 -4320.00000000546 -3810.00000000438 -3800.00000000498 -3480.00000000044 -3500.00000000247 -3440.00000000207 -3310.0000000031 -2889.99999999761 -2560.00000000371 -2380.00000000585 -2310.00000000215 -2250.00000000356 -2300.00000000249 -2130.00000000224 -2170.00000000358 -2080.00000000081 -1830.00000000252 -1470.00000000058 -1269.99999999985 -1150.00000000236 -1180.00000000207 -1160.00000000391 -1060.00000000045 -749.99999999971 -509.999999999477 -430.000000000512 -369.999999999858 -159.999999999341 -60.000000000415 -110.000000000756 -179.999999998892
-4689.99999999911 -4679.99999999902 -4559.99999999546 -4029.99999999848 -3969.9999999997 -4490.00000000011 -4620.00000000086 -4699.9999999996 -4690.00000000013 -4679.99999999919 -4489.99999999878 -4109.99999999735 -4080 -4130.00000000056 -4100 -3960.00000000007 -3850.0000000003 -3430.00000000038 -3010.00000000026 -2820.00000000242 -2760.00000000123 -2690.00000000302 -2400.00000000241 -2080.0000000024 -1680.00000000156 -1350.00000000305 -1250.00000000179 -1150.00000000352 -1020.00000000073 -930.000000002262 -740.00000000021 -500.000000000699 -429.999999999619 -340.000000002149 -490.000000002433 -590.000000000682 -480.000000000404 -229.99999999971 -210.000000002098 -229.999999999699 -290.000000000307 -340.000000001029 -229.999999999682 -160 -189.999999998863 -229.99999999738 -200.000000000682 -220.000000000693 -190.00000000116
-4740.00000000039 -4720 -4690.00000000049 -4639.99999999881 -4200 -4239.9999999982 -4510.00000000587 -4760 -4669.99999999882 -4690.0000000008 -4109.99999999704 -3719.9999999997 -3550.0000000029 -3310.00000000298 -3150.00000000198 -2790.00000000189 -2640.00000000349 -2179.9999999974 -2009.99999999981 -1810.00000000254 -1670.00000000334 -1290.00000000135 -1040.00000000115 -840.000000000313 -580.000000002746 -520.000000001961 -540.000000000318 -520.000000001569 -440.000000000392 -299.999999999392 -160.000000000665 -129.999999999739 -200.000000001069 -229.999999999812 -290.000000004138 -190.000000000324 -30.0000000020634 19.9999999980389 -40.000000002774 -150.000000001484 -149.999999999687 -19.9999999993634 119.999999999216 129.999999998494 129.999999997704 79.999999997749 89.9999999999545 159.999999997726 199.999999997647
-4550.00000000029 -4130.00000000009 -4090.00000000277 -4650.00000000087 -4650.0000000005 -4589.99999999916 -4370.00000000229 -4100.00000000521 -3820.00000000239 -3440.00000000334 -3160.00000000774 -2850.00000000121 -2380.00000000076 -2290.00000000055 -2180.00000000114 -2049.99999999915 -1919.99999999853 -1630.00000000135 -1150.00000000209 -700.00000000033 -330.00000000129 -170.000000000171 -170.000000000165 -170.000000000159 -210.000000000153 -160.000000000381 -69.9999999996646 80.0000000005969 99.9999999984766 9.99999999860165 19.9999999983345 99.9999999992383 39.9999999988574 159.999999999415 329.999999998573 410.000000001432 420.000000000591 519.999999998857 499.999999998244 419.999999998613 350.000000000318 590.000000000591 670.000000000887 900.000000002393 1039.99999999521 759.999999997783 589.999999998505 579.999999999284 520
-3160.00000000072 -3030.00000000261 -2840.00000000363 -2900.00000000585 -2870.00000000125 -2490.00000000308 -2400.00000000474 -2440.00000000019 -1980.00000000082 -1920.00000000037 -1980.00000000074 -1920.00000000111 -1960.0000000023 -1570.00000000315 -1100.00000000589 -719.999999999648 -539.99999999813 -239.999999999596 -180.000000000341 -20.0000000003695 -70.0000000017394 -220.000000002711 -40.0000000002956 10.0000000006821 159.999999999534 260.000000000847 299.999999998033 259.999999999631 259.999999998892 289.999999999153 539.999999998522 579.999999997607 569.99999999917 639.99999999946 739.999999996834 819.999999999483 909.99999999859 1220.00000000271 1169.99999999881 899.999999998994 820.000000002495 709.99999999967 649.999999999665 910.000000004604 1479.9999999994 1019.99999999822 789.999999999642 809.999999998897 929.999999999261
-2450.00000000317 -2080.00000000086 -1940.00000000036 -1950.00000000084 -1869.99999999998 -1710.00000000059 -1480.00000000116 -1260.00000000086 -1080.00000000215 -819.999999999437 -520.000000000438 -410.000000001597 -460.000000001074 -279.999999999653 -19.9999999985619 200.00000000324 339.999999998181 260.000000000796 369.999999999847 310.00000000021 389.999999999068 359.999999998124 379.999999998568 530.000000000233 539.999999998926 629.999999999886 659.999999999642 659.999999999642 760 820.000000001785 829.999999999369 920.000000000716 1000.00000000143 1019.9999999992 840.000000000125 830.000000002336 860.000000001074 910.00000000237 890.000000000676 739.999999998636 649.999999998954 660.000000001029 810.000000001023 960.000000001768 860 850.000000000358 799.999999999642 940.000000002552 1120.00000000258
-1900.00000000217 -1959.99999999955 -1849.99999999836 -1550.00000000032 -1400.00000000217 -1079.99999999995 -760.000000002711 -680.000000002376 -629.999999999926 -330.000000001199 -240.000000000693 -240 -170.000000000523 -99.999999999983 -10.0000000005059 -39.99999999892 40.0000000003979 209.99999999992 229.999999998403 420.000000000779 409.999999997851 540.000000000455 670.000000001739 600.000000001864 640.000000000693 760.0000000005 720.000000000347 870.000000000608 769.999999999733 789.999999999926 770.000000000625 769.999999999716 670.000000000983 639.999999999062 680 700.000000000347 750.000000001006 749.999999999682 670.000000000671 629.999999998977 610.000000000682 690.000000001035 730.000000000693 760 790.000000000335 870.00000000071 949.999999999329 1140.00000000115 1269.99999999934
