Prepped_data/Covariate_Data/PalaeoDEM/teyeo_DEM_1.asc
NCOLS 360 
NROWS 180 
XLLCORNER -180 
YLLCORNER -90 
CELLSIZE 1 
NODATA_value -9999 
[rows 144 to 167 of 180, columns 270 to 323 of 360]
-4640 -4719.9999999976 -4919.99999999221 -5200.00000000621 -5000.00000000463 -3840.00000000225 -1799.99999989865 -440.000000000801 80 280.000000022237 479.999999992832 480 400 439.999999992764 639.999999999199 559.999999999199 480.00000002031 599.999999993474 600 560 559.999999999199 560.000000006617 560 520 560.000000005883 480 480.000000000801 520 559.999999993224 480.000000006798 480.000000000801 440.000000007645 520.000000001603 719.999999991508 640 480.000000007736 560 440 479.999999992997 320 319.999999992951 200 120.000000007896 120 120 80 80 80 80 80 80 160 199.999999991877 160.000000007344
-4520.00000001764 -4920 -4880.00000000078 -4919.99999999379 -4840 -5359.99999992029 -3599.9999999443 -800.000000002336 40.0000000205205 200.000000007122 440.000000007145 480 480.000000006412 479.999999998442 520.000000001558 480 599.999999992718 600 600.000000006548 560.000000006571 600 600.000000000779 600.000000000779 519.999999993338 560.000000007464 440.000000008265 440 480 440.000000000779 440 399.999999993179 360 400 479.999999993111 440 400.000000007714 360.000000000779 320 319.999999992997 240 200.000000000779 199.999999992929 199.999999999221 199.999999992883 120 80 80.0000000079637 159.999999999221 240.000000006452 399.999999975904 40 120.000000007299 200.000000000779 359.999999993435
-4439.99999999924 -4680.00000000616 -4919.9999999923 -4839.9999999891 -4840.00000001322 -4840.00000000625 -4640.00000000076 -2999.99999993853 -1559.99999995727 120 200.000000007122 400 400.000000007168 480.000000006435 519.999999992787 480.00000000648 480.000000006503 520 480 480 480 519.999999994139 520.000000006639 479.999999992582 399.999999993315 320.000000006708 320 319.999999993247 319.999999993224 280.000000007554 319.999999993179 320 280.000000006867 240 279.999999993088 239.99999998613 199.999999999244 239.999999999244 279.999999992241 200.000000007026 200 200 200 200 160 120 280.000000007941 399.999999992036 879.999999985539 159.999999984738 40 119.999999991945 240.000000007321 320
-4559.99999999927 -4680 -4720.00000000618 -4719.99999999927 -4599.99999999377 -4520.00000000479 -4520 -4599.9999999789 -4119.99999999295 -1039.99999994485 159.999999993634 400.000000000733 360.000000007145 440.000000007168 360.000000001467 479.999999992787 560 520.000000006526 520 520 480.000000000733 440 480 480.000000006662 439.999999993315 320.000000000733 280.000000000733 240 280 280 240 240.000000000733 239.999999993133 200 120.000000007645 120 160.000000000733 160.000000000733 200 239.999999992974 200.000000007049 319.999999992929 200.000000000733 200 199.99999999286 240 120.000000007918 200.000000023823 560.000000001466 439.999999970254 239.999999999267 320 200 159.999999991923
-3520.00000013344 -4560.00000001303 -4520 -4560.00000000071 -4520.00000000765 -4719.99999997982 -4560 -4559.9999999874 -4240.00000000632 -3040.00000002182 40 240 399.999999987176 399.999999993565 320.000000006457 360 440 520 520 480.000000007282 559.999999993406 440 440.000000000711 439.999999993338 280.000000007395 240 200.00000000673 200 200 200 199.999999993179 120.000000000711 199.999999993133 120.000000000711 120 40 79.9999999930424 -6.2698291000973e-09 120.000000007003 80.0000000077364 160 80.0000000077818 200.000000006384 240.00000000071 160.000000009271 200.000000006452 160.000000007896 120 559.999999967525 719.999999976109 359.999999994145 120.000000000711 80.000000008032 80
-4719.99999996999 -3840.00000000003 -3320.00000002612 -4319.99999999379 -4240.00000002144 -4240.00000000138 -4160.00000000765 -4159.99999999508 -3599.99999998379 -1119.99999995406 -119.999999995009 40.0000000127784 360 359.999999993565 320 320 440 479.999999992787 479.999999992764 439.999999992741 440 359.999999993383 599.999999999312 439.999999993338 239.999999994003 160 160 120.000000000688 120 80.0000000006878 40.0000000006878 0 0 -39.9999999993122 -40 -40 -40 -40 -40.0000000076909 -40 -40 -40 6.87805368337995e-10 119.999999992883 80.0000000006878 160.0000000157 319.999999992815 0 40.0000000137732 160.000000015194 320 79.9999999920135 79.9999999919907 80
-4160.00000001161 -2079.99999999517 -2199.99999998078 -1960.0000000082 -2600.00000000042 -2320.00000000266 -3280.00000000133 -2839.99999994132 -1039.99999998736 -119.999999987313 6.65068000565827e-10 240.000000007719 320 359.999999999335 320.000000007122 320 320.000000007168 400 359.999999994117 320.000000000665 320.000000007259 359.999999999335 320 280 279.999999999335 159.999999986585 39.9999999872045 -6.75299816055401e-09 -80.0000000203272 -1.35969457913969e-08 -119.999999999335 -199.999999991161 -120.000000006202 -279.999999969117 -320.0000000319 -560.000000016814 -799.999999975802 -599.999999983379 -400.000000024687 -120 -80 -40.0000000070713 -40 -40 6.65068000552974e-10 160 0 0 40.0000000157911 0 319.999999999335 40.0000000006651 80 160
-4079.99999998772 -1919.99999998639 -1440.00000001791 -1760.00000000492 -1880.00000000687 -2280.00000001876 -2840.00000000692 -2039.99999997236 -879.999999988 -79.9999999987153 80.0000000063665 239.999999992968 319.999999999358 320 320 279.999999994162 279.999999987637 159.999999988876 1.9269918994872e-09 39.9999999881425 -1.2545342542267e-08 6.4233063312735e-10 1.28466126646793e-09 1.28466126614772e-09 2.5693225325094e-09 -1.07711194216695e-19 -79.9999999926274 -400.000000037949 -1320.00000002746 -3239.99999995996 -3479.99999993387 -3360.00000000919 -3360.00000001739 -3600 -3360.00000000498 -2479.99999999358 -1799.9999999696 -1479.99999999045 -1319.99999999235 -1119.99999999936 -1039.99999998333 -919.999999976216 -680.000000020668 -519.999999923051 -319.99999996823 -119.999999992195 -1.43700162877782e-08 -40.0000000006423 159.999999998715 39.9999999921044 -39.9999999920817 -7.29869498160888e-09 -39.9999999920362 79.9999999926558
-4279.99999999262 -4080.00000002709 -4159.99999999072 -4160.00000002669 -4479.99999999752 -4480.00000002935 -4919.99999995863 -4919.99999998307 -3039.99999994844 -1759.99999999009 -1039.99999995268 -79.9999999929912 -1.2823875294804e-08 1.85877979664938e-09 2.47837306223205e-09 -1.23407062345853e-08 -80.0000000123862 -1439.99999999133 -2520.00000006991 -3559.99999997347 -3520.00000000575 -3599.99999996858 -3320.00000004506 -3320.00000002882 -3679.99999994329 -4120.00000000299 -4400.00000001284 -4519.99999999876 -4679.99999999938 -4839.99999999196 -5079.99999998388 -5039.99999998321 -4879.99999999251 -4960.00000000503 -4999.9999999969 -5079.99999997672 -4960.00000000448 -4639.99999998992 -4240.00000006836 -3679.99999997417 -3319.99999996561 -3319.99999997656 -3279.99999999504 -3680.00000003001 -4399.99999997672 -4079.99999997762 -3399.99999999702 -520.000000047356 -7.23048287965313e-09 -400.000000018042 -2.18278728422072e-08 -39.9999999920817 -439.999999951734 -39.9999999920362
-2599.99999999028 -2200.00000000081 -3039.99999993018 -3879.9999999852 -3960.00000005726 -4479.99999996069 -4120.00000009712 -4080.00000001379 -4119.9999999777 -5079.99999999582 -4879.99999996697 -4799.99999998543 -4439.99999999821 -4439.99999996949 -4160.00000000993 -4360.00000000708 -4399.99999999881 -4919.99999998456 -4960.00000001131 -5079.99999999881 -5080.000000006 -4999.99999999881 -4999.99999999821 -5039.99999999881 -5040.00000000609 -5000.0000000079 -5280.000000019 -5319.99999996265 -4519.99999997328 -4319.9999999994 -4319.99999999318 -4080.0000000006 -4040.00000000985 -4000.00000000179 -4040.00000000179 -4000.00000000813 -3840.00000000239 -3720.00000000358 -3840.00000001118 -4200.00000002181 -4160.00000000657 -3999.99999998824 -3360.00000000895 -2800.00000001373 -2359.99999999171 -1880 -1760.00000001313 -2040.000000009 -2240.00000000842 -2199.99999999394 -2160.00000000358 -2080.00000000491 -2439.99999997445 -2600.00000002084
-2720.00000001016 -2999.99999998094 -2800.00000000791 -2999.99999999322 -2640.00000001869 -2640.00000002673 -2439.9999999726 -2279.99999998284 -2880.00000000402 -3479.99999999885 -3240.00000001211 -3600.00000001148 -4080.00000003541 -4920.00000000057 -5120.00000000115 -5199.99999999065 -4959.99999999407 -4720.00000000036 -4120.00000001033 -3599.99999999432 -3440.00000000344 -3360.00000000402 -3440.00000000402 -3600.00000000115 -3520.00000000956 -3399.99999999003 -2719.99999997611 -2000.00000001148 -2120.00000000574 -2080.00000000622 -2319.9999999977 -2400.00000001254 -2519.99999999943 -2520.00000000689 -2599.99999999828 -2679.99999999077 -2719.9999999977 -2799.99999999828 -2839.99999999943 -2799.99999999828 -3160.00000000647 -3359.9999999977 -4120.00000001956 -3960.0000000023 -3880.00000000944 -3880.00000002436 -3760.00000003592 -3839.99999997723 -3680.00000000608 -3799.99999999045 -3800.00000000555 -3879.99999999943 -3800.00000001464 -3959.99999998359
-2559.99999999496 -2000.00000003126 -1919.9999999948 -2560.00000002814 -1040.00000002222 -1239.9999999908 -1080.00000002324 -1079.99999998119 -2240.00000002804 -2280.00000001489 -2799.99999999945 -2840.00000000804 -2639.99999998132 -2200.00000000588 -2279.99999999614 -2719.99999999614 -2799.99999999724 -2479.99999999945 -2400.00000001255 -2359.99999999177 -2039.9999999923 -1840.00000001434 -1720.00000000165 -1840.00000000055 -2040.00000000503 -2520.00000001121 -3600.00000003034 -3720.00000000331 -3840.0000000141 -3559.99999999375 -3759.99999997898 -3680.00000003013 -3799.99999998897 -3999.99999997933 -3959.9999999461 -3639.99999999637 -3639.99999997747 -3199.999999964 -3279.99999994028 -2760.00000000978 -2919.99999999626 -2719.99999995812 -3079.9999999907 -3079.99999999945 -2639.99999998079 -3000.0000000303 -3279.99999999502 -3319.99999997558 -3240.0000000011 -3479.99999996988 -3400.00000000672 -3439.9999999781 -3120.00000003094 -3200.00000003893
-4920 -4920 -4920 -4920 -760.000000027563 -679.999999973494 -1120.00000001467 -1360.00000002418 -1800.00000000473 -2480.00000001269 -3039.99999999947 -2280.00000003454 -2480.00000001924 -3000.00000000211 -3319.99999999947 -3040.00000001018 -3039.99999999017 -2999.99999998589 -2199.99999997983 -2519.9999999932 -2599.99999999499 -1640.00000001799 -2080.00000000106 -2080.00000001142 -2480.00000000159 -2880.00000000264 -2959.9999999814 -3000.00000000834 -2919.99999996612 -2800.00000001624 -2599.99999994855 -2199.99999996842 -2120.00000003909 -2319.99999999045 -1600.00000000846 -1559.99999998237 -1239.99999999463 1.98838279171365e-08 -119.999999992337 79.9999999898023 -119.999999985374 -599.999999967486 -119.999999964001 -559.999999976006 -359.999999990746 -280.000000061237 -440.000000075983 -1079.99999984672 -1879.99999997989 -1520.00000000725 -1000.00000005939 -1880.00000005532 -1680.00000001049 -2360.0000000178
-199.999999989745 -40.0000000005059 -80.0000000133809 -160.00000003775 -120.000000017013 -2.855244929324e-08 -39.9999999894726 119.999999993702 1.94688709595935e-08 -120.000000001012 -80.000000017792 80 -520.000000017377 -919.999999963779 -440.000000001904 -399.999999993014 -1320.00000006012 -880.000000052256 -840.000000019674 -799.999999977257 -439.999999982731 -399.999999958783 -160.000000033197 159.999999991314 -520.000000021572 -719.999999973676 -879.999999962301 -479.999999986494 -280.000000066348 -519.999999980616 -400.000000005809 -240.000000015712 -240.000000013733 79.9999999969646 -159.999999962404 -240.000000041967 -599.999999941684 160.000000013961 200.0000000135 200.000000012534 240.000000013591 3.78861386703636e-08 440.00000001267 120.00000000914 359.999999998482 319.999999989802 160.000000007793 -80.0000000199804 -119.9999999637 2.69892552749209e-08 79.9999999917122 39.9999999730448 -40.0000000260115 -399.999999977462
-79.9999999938609 -40 -40.0000000004832 -39.9999999928264 80 -79.9999999850786 239.999999999034 320.000000015996 999.999999991263 919.999999978553 599.999999983885 679.999999964672 -80.000000002899 -240.000000024619 -480.000000002899 -399.999999987523 -200.000000023857 320.000000006042 639.999999992002 600.000000008504 759.999999993889 319.9999999858 279.999999999034 319.999999992855 159.999999977047 -39.9999999770353 -119.999999985573 200.000000005787 120.000000013068 319.999999999517 320.000000007788 239.99999999074 80.000000007833 320.000000021635 399.999999985209 -39.9999999935483 280.000000015365 119.999999995919 239.999999991547 119.999999991525 280.000000021146 519.999999971232 559.999999999517 559.999999985283 120.000000013796 199.999999994287 -39.9999999918486 439.999999984618 399.999999977342 280.00000000822 199.999999999517 79.9999999931845 80.0000000078046 120.000000007344
119.99999999248 200.000000005241 479.999999998619 519.999999992872 480.000000034373 239.99999999954 920.000000010709 480.000000004917 359.999999986898 479.999999993196 639.999999994094 559.99999999954 519.999999992667 559.99999999954 560.000000006918 639.999999992599 479.999999985613 119.999999993935 -200 -280.000000007492 -560.000000007054 -480.000000006156 -200.0000000071 -159.999999985755 -80.0000000048431 -240.000000012034 120.000000004889 119.99999999954 120.000000006776 360.000000006338 359.999999986818 400.00000000046 440.000000006867 400.000000006429 359.999999986636 39.9999999796557 119.999999993042 400.000000014882 200.000000002302 239.999999986869 199.99999999954 520.000000006611 520.000000015109 520.000000000921 600.000000004837 199.999999978513 -240.000000005343 280.000000014876 480.000000015382 439.999999985033 200.00000000046 399.999999998158 560.0000000064 239.999999992656
199.999999999125 319.9999999934 439.999999992502 279.999999987585 40.0000000004377 -159.999999990246 -479.999999974608 -39.9999999923887 439.999999992366 480 200.000000008117 -240.000000011903 -760.000000004223 -879.999999998687 -479.999999999562 -199.999999986602 -79.9999999926217 -159.999999992161 -239.999999992139 -160.000000006571 -160.000000001313 -239.999999999125 -120.000000011528 -200.000000006662 -40.0000000066848 -79.9999999937302 -1.3460521586023e-08 120.000000015257 120.000000022953 1.44723344418923e-08 159.999999994492 120 40.0000000077421 160 200.000000000875 40.0000000008754 119.999999999562 199.999999976433 -120.000000000438 -120 280.000000027757 240.000000009328 160.000000028814 560.000000000875 440.000000000875 -840.000000008475 -639.999999999124 -79.999999994543 39.9999999986869 600.000000019133 559.999999994912 680.000000016348 480.000000008197 279.999999984874
759.999999999585 719.999999994668 400.00000000083 440.000000007037 400.000000009135 -40.0000000087425 -280.000000021731 -79.9999999932868 239.999999987358 200.000000013517 240.000000000415 280 119.99999999834 119.999999977791 160.000000004798 240.000000006895 280.000000000415 239.999999992644 -40.0000000139266 -200.000000012727 -79.9999999938211 -7.44648787056247e-09 79.9999999792522 -479.999999992093 -439.999999992485 -360.000000000415 -279.999999992855 -200.00000000083 -199.999999992394 -40.0000000067985 -79.9999999931788 -1.28579813462482e-08 40 -39.999999999585 -7.17062193507395e-20 -79.9999999861302 200.000000007373 199.999999992605 80.0000000140062 199.999999998755 599.999999969731 279.999999985027 199.99999999917 279.999999987011 159.999999957578 -840.000000021072 -799.99999999834 -79.999999971169 199.999999986369 239.999999994822 240.000000007276 359.999999991871 39.9999999792806 -319.99999999834
479.999999989291 240.000000001961 -319.999999993031 -160.000000006992 80 40 80.0000000062755 80.0000000003922 119.999999993679 119.999999987313 159.999999999608 160.000000012778 199.999999999608 160.000000013654 199.999999999608 199.99999999352 199.999999993105 160.000000000392 120 160.000000006571 7.37827576787677e-09 -160.000000007401 -160.000000007032 -200.000000000392 -360.000000006685 -440.000000013807 -440.000000007122 -480.000000013506 -480.000000000392 -519.999999992809 -400.000000007213 -359.999999993156 -200.000000000784 -119.999999993111 -79.9999999980389 80.0000000219814 279.999999999216 440.000000006196 400.000000007003 319.99999999219 199.999999999608 200.000000007071 159.999999992906 119.999999985766 -39.9999999996078 159.999999999608 240.000000004047 359.999999950086 -120.000000008407 -439.999999999608 -520.000000006099 -760.000000006514 -520.000000000392 -519.999999992656
-160 -479.99999999236 -399.999999993446 -39.9999999875854 399.999999999261 520.00000000037 439.999999993355 199.999999999631 119.999999993679 40.0000000070827 120.000000006366 119.99999999398 159.999999993588 159.999999993565 80.0000000003695 80.0000000003695 40 -240.000000005787 -759.99999999963 -839.99999998538 -759.999999985704 -159.999999986397 80 -160.000000006662 -440.000000014478 -520 -519.99999999327 -519.999999993247 -520 -439.999999992832 -240.000000000369 -200.000000006844 -160.000000000369 -40.0000000003695 -200.000000006912 -240.000000005826 -360.000000006219 -480.000000005872 40.0000000003695 279.999999992235 280.000000015206 359.999999993298 400.00000002313 1000.00000001313 760.000000000739 359.99999999963 320 239.99999997579 -280.00000003003 -799.999999985494 -599.999999992724 279.999999996675 -40.0000000219643 -360.000000015058
400 360 360 320 360 320 280.000000000347 239.999999999653 199.999999992639 -280.000000013728 -480.000000006713 -640.000000000347 -560.000000000347 -680.000000006088 -1080.00000000611 -1160.00000000648 -1199.9999999935 -880.000000007219 -1120.00000000035 -1120.00000000761 -1079.99999999341 -559.999999993037 -279.999999984641 120.000000013671 359.99999998559 120.000000006361 40 -159.999999999307 120.000000006776 39.9999999864031 -79.999999992832 -80 -119.999999999653 -280.000000006889 -479.999999999653 -719.999999999653 -679.999999992349 -560.00000000698 -639.99999996221 239.999999996095 639.999999999653 359.999999991888 79.9999999929059 -440.000000013193 -439.99999999792 239.999999993531 319.999999999653 280.000000007901 479.999999977962 -320.00000000656 -359.999999983021 -159.999999992701 -160 -439.999999991616
440.000000000324 280.000000006486 279.999999993815 240.000000000648 280 360 359.999999999676 319.999999999676 279.999999999676 200.000000000324 199.99999999331 120 79.999999999676 39.999999999352 -359.999999994839 -760.000000007452 -399.999999993497 -400.000000005554 -679.999999999352 -1039.99999999375 -760.000000001296 -1000.00000000032 -1039.99999999968 -800.00000000569 -800.000000006361 -759.999999999028 -319.999999999352 -439.999999970396 -560.000000005156 -799.999999999352 -839.999999992855 -679.999999992832 -599.999999992809 -520.000000000324 -439.999999986824 -560.000000014194 -520.000000005986 -560.000000006008 -760.000000007327 -760.000000000324 -599.999999999352 -679.999999999352 -720.000000000324 -599.999999992559 -519.999999999352 -639.999999975597 -39.9999999823899 200.000000007532 119.999999993742 39.9999999924228 -240.000000007276 -280.000000000324 -200.000000000324 -160.000000007344
519.99999999356 359.999999999699 79.9999999935142 119.99999999319 119.999999999397 199.999999993446 159.999999994327 -79.9999999996987 40.0000000066223 440.000000006946 360.000000000603 239.99999999331 120.000000006412 120 80.0000000064574 40 40 239.999999992872 -200.000000013699 -520.000000006872 -680.000000006895 -840 -840.000000006639 -880 -840 -840 -959.999999999397 -959.999999993247 -839.999999993224 -720 -639.99999999348 -399.999999993457 -120.000000007168 -159.999999987426 -119.99999999369 -320.000000013267 119.99999999244 -3.01270119962385e-10 -120.000000007606 159.999999999096 640.00000000735 639.999999992025 279.999999992605 -40.0000000083219 -200.000000015785 -440.000000000603 -759.999999999397 -639.999999985283 120.000000007532 40.0000000084583 -479.999999999699 -439.9999999924 -279.999999984755 -199.999999992355
599.999999999721 520.00000000644 600.000000006463 559.999999993514 360 199.999999999721 199.999999993446 200 200 240 239.999999993634 200.000000000279 80.0000000005571 80.0000000005571 160.000000007014 280 239.999999993497 -80 -200.000000000279 -280.00000000685 -439.999999993406 -520.000000000279 -599.999999993918 -560.000000000836 -480.000000007242 -560.000000000557 -640.000000000557 -800.000000000557 -800.000000007333 -399.99999999348 -480.000000007657 -359.999999999721 -159.999999999443 -79.999999992275 -39.9999999853401 40.000000008049 -239.999999985806 40.000000052205 319.999999992161 80.000000020799 239.999999985346 559.999999978786 639.999999969117 119.999999999721 120.000000006861 199.999999999721 79.9999999919794 -119.99999998642 -480.000000000835 -239.999999985494 320.000000006997 280.000000000836 79.9999999997215 -120.000000000279
