Prepped_data/Covariate_Data/PalaeoDEM/teyep_DEM_1.asc
NCOLS 360 
NROWS 180 
XLLCORNER -180 
YLLCORNER -90 
CELLSIZE 1 
NODATA_value -9999 
[rows 46 to 68 of 180, columns 0 to 51 of 360]
-5039.99999999998 -5040 -5039.99999999994 -4960.00000000623 -5040 -4960.00000000632 -5039.99999999696 -5040 -5039.99999999658 -5039.99999999957 -5040 -5039.99999999696 -5039.99999999696 -5000.00000000334 -5040 -5040 -5039.99999999962 -4960.0000000008 -5040 -5079.99999999608 -5039.99999999393 -5040 -4960.00000000709 -5000.00000000357 -5039.99999999944 -5040 -5040 -5040 -5039.9999999987 -5000.00000000067 -5040 -5039.99999999696 -5000.00000000377 -5039.99999999696 -5000.00000000303 -5039.99999999393 -5040 -5039.9999999983 -5039.99999999912 -5040 -5040 -5040 -5040 -5000.00000000402 -5039.99999999494 -5040 -5000.00000000409 -5000.00000000411 -5040 -5040 -5000.00000000189 -5040.00000000303
-4960.00000000605 -5039.99999999997 -5000.00000000307 -5000.00000000309 -5039.99999999699 -5040 -5000.00000000331 -5040 -5039.99999999981 -5040 -5000.00000000024 -5040 -5000.00000000028 -5039.99999999668 -5000.00000000334 -5000.00000000336 -5040 -5040 -4999.99999999741 -5039.99999999654 -5039.99999999652 -5000.0000000035 -5000.00000000301 -5040 -5039.99999999944 -5000.00000000359 -4960.00000000723 -5040 -5040 -5000.00000000368 -4960.0000000037 -5040 -5040 -5000.00000000152 -5039.99999999922 -5000.00000000081 -5040 -5000.00000000387 -5039.99999999699 -5000.00000000391 -5040 -5039.99999999699 -5079.99999999301 -5000.000000004 -5040.00000000099 -5039.99999999896 -5039.99999999397 -5039.99999999591 -5040 -5039.99999999586 -5039.99999999885 -5000.00000000418
-4960.000000006 -5039.99999999701 -5040 -5039.99999999394 -5039.99999999412 -5039.99999999987 -5039.99999999402 -5039.99999999966 -5040 -5040.00000000277 -5040 -5039.99999999701 -5000.00000000327 -5040 -5000.00000000299 -5039.99999999402 -5040 -5000.0000000004 -5040 -4999.99999999701 -5039.99999999701 -5040 -5000.0000000035 -5040 -5040 -5040 -5040 -5079.99999999103 -5000.00000000364 -5000.00000000366 -5000.00000000299 -5040 -5039.99999999701 -5000 -5040 -5040 -5000.00000000299 -5000.00000000384 -4960.0000000086 -5000.0000000009 -5039.99999999816 -5040 -5039.99999999903 -5039.99999999602 -5039.99999999899 -5040 -5039.99999999402 -5079.99999999485 -5040 -5040 -5040 -5039.99999999701
-5040 -5040 -5039.99999999698 -5039.99999999703 -5000 -5039.99999999975 -5000.00000000297 -5039.99999999703 -5000.00000000316 -5000.00000000318 -5040 -5039.99999999974 -5039.99999999703 -5000.00000000327 -5000.0000000033 -5000.00000000297 -5039.99999999962 -5040 -5000.00000000339 -5039.99999999956 -5040 -5040 -5040 -5000.0000000035 -5040 -5039.99999999942 -5040 -5000.00000000359 -5039.99999999407 -5040 -5040 -5000.00000000297 -5000.00000000297 -4960.00000000746 -5039.99999999782 -5039.99999999919 -5039.99999999407 -5039.99999999618 -5000.00000000384 -5000.0000000009 -5040 -5039.99999999906 -5000.00000000297 -4960.00000000791 -5039.99999999703 -5039.99999999896 -5039.99999999407 -5000.00000000405 -5040 -5039.99999999591 -5040.00000000115 -4960.00000000828
-5039.99999999998 -5039.99999999702 -5040 -5000.00000000302 -5039.99999999706 -5039.99999999987 -5040 -5039.99999999706 -5040 -5040 -5039.99999999976 -4960.00000000641 -5000.00000000028 -5039.99999999675 -5000.00000000327 -5000.0000000033 -5039.99999999962 -5040 -5040 -5039.99999999706 -5040.00000000294 -4960 -4960 -5039.99999999893 -5039.99999999944 -5000.00000000058 -5040 -5039.99999999706 -5039.99999999706 -5040 -5039.99999999411 -5039.99999999706 -5039.99999999706 -5039.99999999924 -5040 -5000.00000000294 -4960.00000000166 -5040 -5000.00000000087 -5039.99999999321 -5000.00000000294 -5040 -5000.00000000294 -5040.00000000099 -5000.00000000396 -5040 -5039.99999999706 -5040 -5040 -5040 -5039.99999999885 -5039.99999999883
-4960.00000000587 -5039.99999999997 -5000.00000000006 -5039.99999999992 -5039.9999999998 -5039.99999999708 -5040 -5000.00000000309 -5040 -5000.00000000022 -5039.99999999952 -5000.00000000318 -5039.99999999972 -5040 -5040 -5039.99999999965 -5040 -5039.9999999996 -5039.99999999708 -5039.99999999416 -5040 -4999.99999999708 -4960 -5039.99999999708 -5040 -5040 -5040 -5039.99999999353 -5039.99999999578 -5000.00000000359 -5040 -5040 -5039.99999999708 -5000.00000000368 -5040 -5040 -5039.99999999708 -5040 -5039.9999999962 -5039.99999999236 -5040 -5039.99999999708 -5040 -5039.99999999708 -5040 -5079.99999999501 -5000.00000000398 -5040.00000000108 -5040 -5000.00000000405 -5040 -4960.00000000818
-5039.99999999998 -5039.9999999971 -5040 -5000.00000000298 -5039.9999999942 -5039.99999999987 -5000.00000000305 -5039.99999999983 -5039.99999999981 -5039.9999999971 -5040 -5079.99999999658 -5039.99999999682 -5039.99999999969 -5000.00000000323 -5000.00000000325 -5039.9999999942 -5000.0000000033 -5039.9999999971 -5039.99999999956 -5039.9999999971 -5039.9999999942 -4999.99999999761 -5040 -5040 -5039.99999999942 -5040 -5040 -5039.9999999942 -5040 -5039.99999999931 -5000.00000000361 -5039.99999999926 -5040 -4960.00000000737 -5039.9999999971 -5039.9999999942 -4960.0000000075 -5000.00000000377 -5039.9999999991 -5040 -5000.00000000384 -5039.99999999903 -5000.00000000099 -5040 -5039.99999999793 -5000.00000000396 -5000.00000000398 -5040 -5039.9999999971 -5040 -5079.99999999476
-4960.00000000577 -5000.00000000291 -5000.00000000288 -5040 -5040 -5040 -5039.99999999425 -5040 -5040 -5079.9999999936 -5039.99999999976 -5040 -5040 -5039.99999999682 -5000.00000000321 -5040 -5040 -5040 -5000.00000000372 -5039.99999999956 -5000.00000000334 -5039.99999999902 -5040 -5039.99999999659 -5040 -5040 -5040 -5000.0000000035 -5040 -5039.99999999712 -5039.99999999712 -4960.00000000718 -5039.99999999926 -5040 -5040 -5039.99999999919 -5040 -5040.00000000202 -5039.99999999625 -5040 -5039.99999999908 -5000.00000000382 -5039.99999999903 -5040.00000000099 -5040 -5040 -5079.99999999031 -5039.99999999712 -5039.99999999779 -5040.00000000175 -5040 -5039.99999999595
-5039.99999999429 -4960.00000000574 -5000.00000000291 -5039.99999999715 -4960.00000000591 -5040 -5039.99999999715 -5039.99999999983 -5040.00000000305 -5039.99999999693 -5039.99999999715 -5040 -5039.99999999715 -5000.00000000316 -5039.99999999748 -5040 -5040 -5039.99999999715 -5040 -5040 -4960.00000000617 -5040 -5000.00000000337 -5040 -5039.99999999944 -5039.99999999715 -5039.9999999994 -5039.99999999715 -5000.0000000035 -5039.99999999866 -5039.99999999715 -5039.99999999643 -5040 -5000.00000000285 -5040 -5039.99999999715 -5000.00000000368 -5039.99999999915 -5039.99999999715 -5039.9999999982 -5040 -5040 -5000.00000000382 -5000.00000000384 -5040.00000000101 -5040 -5040 -5040 -5040.00000000285 -5000.00000000113 -5039.99999999544 -5039.99999999883
-5040.00000000283 -5079.99999999713 -5039.99999999434 -5040 -5040 -5000.00000000296 -5039.99999999985 -5039.99999999717 -5039.99999999961 -5039.99999999978 -5040.00000000024 -5000.00000000309 -5039.99999999972 -5040 -5000.00000000033 -5039.99999999717 -5040 -5040 -5039.99999999717 -5000.00000000044 -5039.99999999717 -5040 -5039.99999999949 -5000.00000000336 -5040 -5039.99999999717 -5000.00000000343 -5039.99999999434 -5039.99999999717 -5000.0000000035 -5079.99999999647 -5039.99999999717 -5040 -5039.99999999848 -5040 -5040 -5040 -5039.99999999915 -5000.00000000283 -5000 -5079.99999999625 -5040.00000000283 -5040 -5039.99999999717 -5039.99999999899 -5000.00000000103 -5039.99999999505 -5039.99999999892 -5000.00000000393 -5039.99999999434 -5040 -5039.99999999883
-4960.00000000564 -5000.00000000284 -5000.00000000281 -4960.00000000577 -5039.99999999699 -5040 -5040 -5040 -5040 -5040.00000000259 -5000.00000000305 -5040 -5040 -5000.00000000031 -5039.99999999686 -5000.00000000281 -5039.99999999962 -5040 -5040 -5039.99999999956 -5079.99999999626 -5000.00000000281 -5039.99999999719 -5040 -5040 -5039.99999999884 -5079.99999999378 -5040 -5039.99999999935 -5040 -5040 -5039.99999999719 -5000.00000000355 -5039.99999999848 -5000.00000000359 -5039.99999999638 -5040 -5000 -5040.00000000106 -5040 -5000.00000000373 -5000.00000000281 -5040 -5040 -5000.00000000281 -5039.99999999616 -5039.99999999789 -5039.99999999719 -5039.9999999989 -5000.00000000113 -5000.00000000396 -5040
-4960.00000000559 -5000.00000000003 -5039.99999999721 -5000.00000000278 -5040 -5040 -5039.99999999721 -5079.99999999426 -5079.99999999683 -5079.99999999421 -5000.00000000302 -5039.99999999721 -5040 -5000.00000000309 -5040 -5040 -5040 -5039.9999999996 -5040 -5000.00000000323 -5039.99999999953 -5039.99999999443 -5040 -5000.00000000332 -5000.00000000334 -5000.00000000337 -5039.99999999601 -5000 -5039.99999999935 -5040 -5040 -5040 -5039.99999999852 -5039.99999999848 -5039.99999999643 -5040.00000000081 -5039.99999999721 -5000.00000000364 -4960.00000000732 -5040 -5039.99999999908 -5000.00000000373 -5039.99999999903 -4960.00000000476 -5039.99999999443 -5039.99999999721 -5039.99999999616 -5039.99999999892 -5040 -5040 -4960.00000000787 -4960.00000000791
-5039.99999999723 -5000.0000000028 -5040 -5000.00000000284 -5039.9999999999 -5040 -5040 -5039.99999999983 -5000.00000000296 -5000.00000000298 -5039.99999999447 -5039.99999999671 -5079.99999999419 -5040 -5039.99999999724 -5000.00000000347 -5040.00000000276 -5039.99999999763 -5000 -4960.00000000641 -5039.99999999724 -5040 -5039.99999999724 -5040.00000000223 -5039.99999999724 -5040 -5000.00000000337 -5000.00000000062 -5039.99999999935 -5039.99999999724 -4960.00000000691 -4960.00000000696 -5039.99999999724 -5000.00000000352 -5040 -5039.99999999643 -5040 -5000.00000000362 -5040 -5039.99999999724 -5039.99999999724 -5079.99999999353 -5039.99999999903 -4960.0000000075 -5040 -5039.99999999724 -4720.0000000043 -4119.99999999447 -4080.0000000011 -4159.9999999911 -4080.00000002095 -3959.99999999724
-5000.00000000001 -5039.99999999726 -5039.99999999994 -5079.99999999436 -5039.99999999716 -5039.99999999726 -5040 -5040 -5039.99999999726 -5039.99999999726 -5040 -5000.00000000052 -5039.99999999726 -5039.99999999695 -5000.00000000033 -5040.00000000035 -4960.0000000066 -5000.0000000004 -5040 -5039.99999999726 -5040 -5000.00000000323 -5000.00000000051 -5039.99999999947 -5040 -5040 -5040 -5000.00000000062 -5040 -5079.99999999385 -5040 -4480.00000003478 -4960.000000004 -4880.00000000822 -5039.99999999922 -5039.99999999726 -5039.99999999452 -5000.00000000359 -5039.99999999452 -5039.99999999636 -5039.99999999908 -5040 -5079.99999999807 -5040 -5040 -5039.99999999519 -4999.99999999726 -4920.00000000116 -4279.99999999726 -4319.99999997421 -4239.99999999611 -4120
-5040 -5079.99999999725 -5039.99999999994 -4999.99999999736 -5039.9999999999 -5040 -5039.99999999985 -5000.0000000056 -5000.00000000291 -5040 -5039.99999999704 -5040 -5000.00000000028 -5040 -5000.00000000272 -5040 -5040 -5039.9999999996 -5039.99999999958 -4960.00000000632 -5039.99999999953 -5039.99999999951 -5039.99999999677 -5040.00000000272 -5039.99999999944 -5000.00000000272 -5040 -5039.99999999457 -5039.99999999935 -4880.00000000067 -3560.00000001133 -2880.00000000244 -4280.00000004073 -4759.9999999938 -4560 -4479.99999999647 -5040 -5000.00000000357 -5000.00000000359 -5039.9999999991 -5039.99999999728 -5039.99999999811 -5039.99999999903 -4960.00000000642 -4400.00000003159 -4359.99999999832 -4359.99999999894 -4519.9999999962 -4439.9999999989 -4280.00000000497 -4280.00000000157 -4239.99999999494
-5039.99999999999 -5000.00000000003 -5039.99999999461 -5039.99999999992 -5000.0000000028 -5039.99999999975 -5039.99999999985 -5039.9999999973 -5079.99999999711 -5039.99999999978 -5040 -5039.99999999974 -5039.99999999972 -5040 -5040 -5040 -5039.9999999973 -5000.00000000269 -5040.00000000042 -5000.00000000314 -5040 -5040 -4800.00000001821 -5280.00000000162 -5199.99999998439 -5160 -5200.0000000006 -5160.00000000019 -4839.99999999461 -4720.00000000539 -4680.00000000677 -4319.99999995263 -4319.9999999973 -3759.9999999973 -4600.00000000583 -4519.99999999811 -4480 -4400 -4439.99999999374 -4480.00000002604 -4559.99999999816 -4519.99999999555 -4639.99999999634 -4679.99999999632 -4640 -4600.00000000041 -4560.00000000634 -4520.00000001347 -4599.99999999559 -4519.9999999973 -4279.9999999973 -4239.99999999496
-5040 -5000.00000000271 -5039.99999999733 -5000.00000000008 -5079.99999999723 -5039.99999999733 -5000.00000000282 -5039.99999999733 -5040 -5079.99999999711 -5040 -5000.00000000026 -4960.00000000267 -4959.99999999939 -4999.999999997 -4999.99999999733 -4960.00000000075 -5159.99999999426 -5040.00000000309 -5080 -5079.99999999198 -5080 -5079.99999999363 -5040.00000000801 -4999.99999999944 -5199.99999998931 -5039.99999999612 -5080.00000000739 -4839.99999999603 -4720.00000000601 -4719.99999999396 -3959.99999994899 -4560.00000000415 -4319.99999998359 -4199.99999999451 -3959.9999999818 -4719.99999999733 -4600.00000000085 -4719.99999999912 -4679.99999999288 -4679.99999999641 -4799.99999998915 -4759.99999999369 -4839.99999999634 -4959.99999999162 -3639.99999999923 -3959.99999999037 -3799.9999999946 -3719.99999999576 -4400.0000000038 -4279.99999999733 -4319.99999999114
-5039.9999999947 -5000.00000000268 -5040 -5040 -5000.00000000285 -5040 -5039.99999999985 -5039.99999999983 -4999.99999999716 -5000.00000000022 -5039.99999999735 -5080 -5079.9999999965 -5039.99999999766 -5159.9999999894 -5000.000000003 -5159.99999999433 -5159.99999999695 -5119.99999999735 -5120 -4920.00000000966 -4999.99999999637 -5079.99999999103 -4960.0000000053 -4920.00000000265 -5000.00000000795 -5000.0000000059 -4560.00000000265 -4160.00000000859 -4080.0000000053 -4520.00000000656 -2960.00000003537 -4480.00000000413 -4079.99999998371 -4359.99999999392 -4320.00000000345 -4000.00000000431 -4159.99999999555 -4159.99999998417 -4160.0000000009 -4079.99999999735 -3760.00000001473 -4479.9999999894 -3920.00000000396 -3560.00000001315 -3920.00000000691 -4119.9999999947 -4079.9999999947 -3879.99999999559 -3640.00000000338 -4119.9999999992 -4240.00000000117
-5000.00000000264 -5039.99999999475 -5079.99999999732 -5040 -5000.00000000273 -5040 -5239.99999999678 -5039.99999999703 -4999.99999999212 -5080.00000000262 -5159.99999999499 -5119.99999999974 -5079.99999999709 -5000.00000000556 -5200.00000000262 -5040.00000000717 -4880 -4839.99999999737 -4879.99999999958 -4919.99999999737 -5039.99999999382 -5120.00000000116 -5080.00000000211 -5119.99999999528 -4960.00000000095 -4760.00000000583 -4319.99999999879 -4560.00000000338 -4679.99999999018 -4479.99999997044 -4559.99999999405 -3479.99999998042 -4799.99999999105 -4279.99999999433 -4200.00000000655 -4599.99999999394 -4599.99999998687 -4519.9999999956 -4719.99999999037 -4679.99999998687 -4599.99999999645 -4600.00000000451 -4679.9999999993 -4759.99999999178 -4439.99999999092 -4159.99999999849 -4119.99999999318 -4239.99999999475 -4039.99999999627 -3839.99999999325 -3999.99999998375 -4039.99999999677
-5040 -5040 -5039.9999999974 -5040 -5000.00000000271 -5039.99999999987 -5200 -5119.99999999479 -5040.00000000299 -5159.99999999718 -5280 -5199.9999999974 -5159.99999999422 -4960.00000000031 -5040 -5119.99999999894 -5039.99999999665 -4960.0000000056 -5079.99999999479 -5040.00000000044 -4999.99999999953 -5039.99999999479 -5119.99999999428 -5080.00000000153 -5119.99999999572 -4799.99999999682 -4560.0000000006 -4879.9999999974 -4959.99999999869 -4839.9999999974 -4720.0000000026 -3799.99999996979 -4480.00000000186 -3760.0000000254 -4399.99999999922 -4599.9999999956 -4799.99999998012 -4999.99999999219 -4479.99999999912 -4880.0000000026 -4719.99999999832 -4919.99999999645 -4919.99999999643 -4679.99999999865 -4599.99999999393 -4360.00000000467 -4199.99999999951 -3999.99999999956 -3920.0000000026 -3640.00000000633 -3640.00000000406 -3839.99999999219
-5039.99999999741 -5000.00000000261 -5039.99999999742 -5000.00000000524 -5040 -5000.00000000012 -4719.99999999572 -5159.99999999742 -5160 -5199.99999999742 -5279.99999999976 -5360 -5119.99999999685 -5120.00000000289 -5239.99999999709 -5160.00000000445 -5080 -5239.99999999782 -5160.00000000516 -5120.00000000044 -5040.00000000305 -5039.99999999484 -5040.00000000258 -4960.00000000258 -4839.99999999944 -4520.00000001058 -4080.00000004293 -4800.00000000446 -5040.00000000452 -5040 -5079.99999999603 -3199.99999996746 -4760.0000000011 -3480.00000001472 -4119.99999998968 -4640.00000000758 -4839.99999999576 -4479.99999998364 -4400.00000002756 -4999.99999996947 -4880 -4680.00000000352 -4880.00000000161 -4840 -4600 -4439.99999999535 -4200.00000000258 -4040 -3959.9999999989 -3759.99999999629 -3719.99999999885 -3600
-5039.99999999999 -5039.99999999744 -5000.00000000511 -5039.99999999984 -5040 -5039.99999999744 -5200.00000000226 -5240.00000000034 -5279.9999999943 -5319.99999999232 -5320.00000000143 -5440.0000000023 -5039.99999999403 -5360 -5519.99999999159 -5479.99999999638 -5399.99999999744 -5319.99999999704 -5280.00000000256 -5359.99999999144 -5199.99999999907 -5160 -4960.00000000358 -4680.00000000095 -4160.000000004 -4439.99999999884 -4599.99999999804 -4559.9999999826 -5039.99999999424 -4760.00000000956 -5039.99999999116 -5200 -4640.0000000187 -4439.99999999592 -3839.99999999823 -4360 -4720.00000001023 -4640.00000000853 -4719.99999999138 -4560.00000000166 -4439.99999999048 -4400.00000000996 -4879.99999999488 -4879.99999999192 -4559.99999999899 -4280.00000000871 -4239.99999999277 -3919.99999999488 -3959.99999999634 -3799.99999999233 -3719.99999997829 -3519.99999999371
-5040 -4960.00000000514 -5040 -5040 -5000.0000000001 -5039.99999999493 -5240.00000000283 -5359.99999999476 -5359.99999999708 -5280.00000000253 -4960.00000001784 -5480.00000000227 -5320.00000000789 -5359.99999999493 -5480.00000000066 -5399.99999999782 -5400 -5359.99999999707 -5200.00000000507 -4920.00000000463 -4600.00000000807 -4639.99999999951 -4559.99999999946 -4160.00000000147 -3040.00000001521 -4320.00000000565 -4599.99999998938 -4800.00000000632 -4520.00000000259 -4800.00000000052 -4920.00000000392 -5120.0000000022 -4960.00000000253 -4800.00000000228 -4520.00000000253 -3800.00000000668 -4160.00000000843 -4599.99999999493 -4640.00000000682 -4480.0000000018 -4839.99999999493 -4079.99999998131 -4600.00000000097 -4639.99999999604 -4279.99999999949 -3999.999999997 -3800.00000002663 -4039.99999998155 -3920.00000000331 -4039.99999999493 -3439.99999998919 -3040.00000003374
