Prepped_data/Covariate_Data/PalaeoDEM/teyeq_DEM_1.asc
NCOLS 360 
NROWS 180 
XLLCORNER -180 
YLLCORNER -90 
CELLSIZE 1 
NODATA_value -9999 
[rows 72 to 95 of 180, columns 108 to 161 of 360]
119.999999985221 -2439.99999996772 -1920.0000000347 -2160.00000000534 -1120.00000000585 -679.999999984379 80.0000000022851 -3.20952540019147e-19 5.09317032976682e-09 40 199.999999992417 40 -40.0000000552518 -3799.99999998895 -4920 -5200 -5200 -5199.99999998778 -5199.99999998778 -5199.9999999855 -5199.99999998778 -5000.00000002694 -5200 -5200 -5200 -5199.9999999726 -3639.99999991321 -4799.99999990956 -5199.99999998778 -5000.00000002785 -5200 -5000.0000000793 -3999.99999998403 -4000 -3640.00000002274 -4000.00000001222 -3640.00000000978 -3639.99999998533 -2599.9999999949 -3240.00000001677 -3119.99999999022 -2959.99999998831 -2760.00000007479 -3640.00000000978 -4200 -4200 -4399.99999998778 -4400 -4599.99999996999 -4400 -4200 -4000 -3640 -3079.99999997185
-1079.99999996354 -1639.99999998278 -1280.00000002988 -2119.99999998593 -1679.99999991927 -1359.99999991668 -2.60342858382515e-08 -1199.99999997558 -4279.99999973537 159.999999987142 -6.52451632848346e-19 -6.96900315184199e-09 120 39.9999999975785 -3640.00000000969 -4920.00000001966 -5000.00000002626 -5199.99999998789 -5199.99999998789 -5200 -5199.99999998789 -5200 -5200 -5200 -5200 -5200 -5200 -5200 -5200 -5199.99999997226 -5199.99999998425 -5000.00000002797 -5200 -5599.99999990348 -4199.99999997169 -3640 -3360.00000002784 -2800.00000000969 -2920.00000000242 -3279.99999998845 -3359.99999998694 -3279.99999999953 -3639.99999998547 -3640 -4000 -4000 -4199.99999997033 -4200 -4200.0000000299 -4399.99999998209 -4200 -4000 -3640 -2959.99999999023
-1520.00000000966 -1839.99999996882 -1800.00000000525 -1879.99999999253 -1720.00000000016 -3600.00000003373 -2839.99999998765 -4599.99999996619 -3519.99999994548 -2879.9999999445 -1519.99999991187 160.000000001762 -199.999999976706 80.0000000031264 200.000000000387 -2240.00000016796 -4920 -5000.00000002626 -5199.99999998562 -5200 -5199.999999988 -5000.00000002672 -5199.99999998516 -5200 -5200 -5200 -5000.00000002728 -5000.0000000274 -5200 -5000.00000002763 -5000.00000002774 -5200 -5199.99999997203 -5199.99999997192 -5000 -3799.99999996056 -2799.99999999317 -2520 -3279.99999997321 -3200.00000000575 -2960.00000003803 -3279.9999999946 -3640 -3640 -3640 -3640 -3640.00000002365 -3800 -4000 -4000.00000001199 -3999.99999998198 -3800 -3400.00000000605 -2400.0000000072
-2679.99999999342 -2000.00000000238 -2520.00000000265 -1880.00000001838 -3480.0000000095 -3160.0000000036 -3959.99999999264 -4080 -4320.00000002037 -4760.00000000475 -5040 -4360.0000000404 -4639.99999987062 -1840.00000007294 -560.000000007537 -1400.00000001318 -4920 -5199.99999998812 -5200 -5200 -5199.99999998539 -5200 -5200 -5199.99999998812 -5199.99999998494 -5200 -5199.99999998471 -5200 -5200 -5199.99999998437 -5199.99999998425 -5199.99999998414 -5000.00000002785 -5000.00000001609 -5000 -5000 -3639.99999996512 -3200 -3280.00000000095 -3040.00000002487 -3639.99999996286 -3640 -3639.99999996046 -3359.99999999762 -3360.00000000128 -3200 -3240.00000000238 -3640 -3640 -3440.00000001188 -3640 -3639.99999996736 -2959.99999999635 -1679.99999994557
-4800 -3999.99999999932 -4119.99999999294 -4159.99999997972 -2880.00000006262 -3559.9999999962 -4119.99999999975 -3799.9999999971 -3880.0000000053 -4400.00000000331 -4679.9999999926 -4639.99999997972 -4199.99999999726 -3159.99999993851 -1279.99999999486 -40.0000000488058 -4920 -5200 -5000.00000002615 -5199.9999999855 -5199.99999998539 -5199.99999997351 -5200 -5199.99999998505 -5199.99999998823 -5000.00000002694 -5200 -5199.99999998823 -5199.99999998448 -5000.0000000274 -5199.99999998425 -5200 -5200 -5000.00000002785 -4999.9999999838 -4800.00000002808 -3280.00000005075 -3799.99999997023 -3800 -3800 -3800.00000001688 -3800.00000001177 -3800 -3640 -3359.99999997783 -2680.00000001177 -2999.99999999765 -3159.99999999882 -3120.00000000235 -2959.99999999877 -3080.00000000235 -3000 -2320.00000001907 -840.000000009129
-4800.00000001233 -4399.9999999759 -3800.00000003678 -3799.99999999068 -3639.99999997834 -3119.99999999559 -3480.00000002234 -4239.99999999563 -4679.99999999502 -4719.99999999835 -4999.99999999498 -4640.00000000699 -4079.99999999178 -2039.99999995969 -2239.99999998369 -679.999999988404 -4920 -5000.00000002592 -5199.99999998562 -5200 -5200 -5000.00000002638 -5199.99999998835 -5200 -5200 -5200 -5200 -5200 -5000.00000002717 -5200 -5000.0000000274 -5199.99999998835 -5200 -5000 -5000 -4999.99999995106 -3320.00000000191 -3640.00000003421 -3800.00000000733 -4199.99999999488 -4000.00000001165 -3999.999999983 -3999.99999997124 -3799.99999998622 -3639.99999998266 -199.99999997674 -2760.00000002104 -2920.00000000587 -2880.00000002356 -2760.00000000358 -2920.0000000036 -2919.99999999767 -2520 -1440
-4999.99999997613 -4599.99999998755 -3399.99999998975 -3999.99999998872 -4000.00000001279 -3999.99999998846 -4560.00000001213 -4799.99999999769 -4959.99999999966 -5040 -5040.00000002039 -4759.99999999836 -3719.99999999452 -1999.99999997975 -1959.99999999029 -1600.00000004293 -4920 -5199.99999998846 -5200 -5200 -5000.00000002615 -5199.99999998846 -5199.99999998516 -5200 -5200 -5199.99999998482 -5200 -5200 -5000.00000002706 -5200 -5200 -5200 -5199.99999998403 -5199.99999998391 -5000 -4600 -3640 -3800 -4000.00000002819 -4400 -4200 -4200 -4000 -3800 -3640 -3360 -3159.99999998254 -760.000000016405 -3120.0000000201 -3159.99999999642 -3039.99999999769 -2999.99999999769 -2600 -1719.99999996737
-4999.99999997624 -3639.99999996228 -4000.00000009481 -2520.00000010962 -4200.00000002285 -4199.9999999871 -3520.00000001695 -4040.00000000822 -4799.99999998364 -5079.99999998056 -4880.00000000457 -4759.99999998141 -3399.99999999726 -1399.99999997019 -1879.99999998307 -2200.00000000562 -4920 -5199.99999998573 -5200 -5200 -5199.99999998539 -5199.99999997385 -5000.00000002626 -5199.99999998505 -5200 -5199.9999999734 -5200 -5200 -5200 -5199.99999998437 -5199.99999998425 -5199.99999997271 -5200 -5000.00000001143 -5000 -2000.00000017199 -2680.00000009041 -3800.00000002797 -4000.00000001143 -4200.00000001142 -4200.00000002831 -4200 -4199.99999997146 -3999.99999998278 -3640 960.000000039972 -519.999999974693 -1920.00000008774 -3640 -3639.99999996351 -3199.9999999964 -2959.99999999409 -2279.99999999134 -440.000000024647
-4800 -3360.00000006472 -4600.00000001256 -3239.99999987468 -3800.00000002175 -4000 -3800.00000001131 -3520.00000001357 -3840.00000000491 -4280.00000001665 -4759.99999999008 -3799.99999999774 -2600.00000005729 -2159.99999997814 -1760.00000000766 -3839.99999996722 -5199.99999998584 -5000.00000002558 -5000.00000002569 -5200 -5200 -5000.00000001131 -3280.00000006872 -1120.00000002715 -440.000000031673 -440.00000001512 -520.000000024215 -4200.00000010686 -5200 -5200 -5199.99999998425 -5200 -5199.99999998403 -5199.9999999726 -5000 -2280.00000000705 -2320.00000001767 -2799.99999999007 -3640.00000002237 -4200.00000001677 -4200 -4200 -4200 -4199.99999997146 -3800 -3799.99999998604 -3640.00000001405 -3799.99999999095 -3999.9999999709 -3799.99999997663 -3080.00000001399 -2760.00000001041 -2079.99999996905 40.0000000022624
-4800.0000000112 -4999.99999997635 -4600.00000002376 -1720.00000012914 -4799.99999997601 -4199.9999999871 -3440.00000001302 -4439.99999998803 -3919.99999998146 -3480.00000001964 -3800.00000000493 -3239.99999999233 -2959.99999999726 -960.000000019861 -2000.00000001841 -5000.00000002524 -5199.99999998584 -1720.00000006289 -1120.0000000112 -360 -440 -440 -440 -440 -600 -519.999999993929 -439.999999993884 -360.000000006162 -600.000000028604 -4000.00000010289 -5199.99999998425 -5200 -5200 -5200 -5199.9999999838 -3359.99999998471 -2399.99999999462 -2520.00000000448 -3160.00000006685 -4000 -3800.00000004479 -4200.0000000112 -4399.99999997169 -4199.9999999888 -4199.99999998266 -4000 -4200 -4200 -4000.00000002899 -3800 -3079.99999999864 -1999.99999986859 159.999999994111 -79.9999999926558
-4800 -4999.99999997647 -4800.00000001256 -919.999999967667 -4599.99999998892 -4199.99999997601 -4000 -3640 -3999.99999999692 -3639.99999999511 -3480.00000000982 -3479.99999999728 -2679.99999999243 -5199.99999998892 -5200 -5199.99999998596 -1120.00000001773 -360 -439.999999989814 -439.999999995566 -440 -520 -600.000000004434 -520.000000004434 -440.000000004434 -439.999999993929 -360 -360 -360.000000006207 -360 -440.000000017735 -360.000000008868 -360 -5200 -5000.00000002728 -1319.99999999021 -1800.0000000878 -2480.00000000665 -2599.9999999889 -2600 -2520.00000002469 -3799.99999999113 -4200.00000001711 -4400 -4399.99999998892 -4200 -4599.99999998243 -4400 -4400 -4199.99999997101 -3639.99999997838 -1120.0000000002 40 -80
-5000 -4999.99999998903 -3399.99999988719 -1720.00000014783 -4800 -4400.00000002387 -4200 -3800.0000000241 -3840.00000000265 -3800 -3479.99999999142 -3159.99999999509 -5200 -5199.99999998903 -5199.99999998607 -759.99999998754 -360 -280.000000010095 -360 -520.000000005798 -520.000000004388 -599.999999994111 -440.000000004388 -360 -360.000000006025 -360 -360 -360.000000006162 -360 -360 -360 6.3437255453885e-09 -159.999999987222 -359.999999972942 -1199.99999992558 -840.00000001744 -2160.00000000219 -2400 -2520.00000001544 -2679.99999999768 -2600.00000004389 -3800 -3800.00000002808 -4199.99999998278 -4400 -4599.99999997158 -4599.99999998903 -4600 -4400.00000001097 -4399.99999998209 -3639.99999996396 -439.999999997135 -119.999999994156 -79.9999999956117
-4599.9999999329 -4999.99999998755 -4800.00000002342 -3639.99999999535 -4600.00000001279 -4999.99999997624 -4999.99999998914 -4999.99999998914 -4199.99999999783 -4120 -3800.00000000052 -5000.00000002444 -5199.9999999863 -5200 -5199.99999998914 -360 -439.999999994338 -120.000000002854 -360 -520 -520 -440.000000005889 -439.999999989723 -360 -160.000000006514 0 0 -4.34283720096598e-09 -160.000000010857 -360 -279.999999994895 -119.999999996828 -79.9999999978286 -160 -1080.00000000541 -1000.00000000545 -1800 -2120.00000000765 -2319.99999999117 -2600.00000000671 -2519.99999999421 -2920.00000000529 -3080.00000000776 -3640.00000001954 -3999.99999998914 -3640.0000000684 -4600 -4600.00000001768 -4400 -4000.00000001086 -3439.9999999726 -159.999999992747 -80.0000000043428 -3.98681668204998e-19
-5000 -4999.99999998755 -5000 -4800 -4799.99999996368 -4800.00000002365 -5000.00000001074 -4799.99999998687 -5200 -4799.9999999989 -5000.00000002422 -5200 -5200 -5199.99999998926 -5199.99999998607 -519.999999988768 -80 1199.99999997925 -160.000000008629 -440.000000005798 -519.999999989859 -360 -359.999999994065 -119.999999999159 39.9999999978513 -79.9999999957026 -79.9999999957026 -79.9999999957026 1.66718898694935e-19 4.29736246570939e-09 -6.29825080943956e-09 -80.0000000021487 -80.0000000021487 -119.999999998931 -160 -1120 -1200.00000000771 -1800.00000000331 -1800.00000001644 -679.999999993292 -3119.99999999233 -2799.9999999966 -2320.00000000859 -3000.00000001719 -3320.00000000645 -3240.00000000215 -3080.00000001289 -4000.00000002842 -4000 -4000 -2399.99999997179 -119.999999997851 -160 -80
-5200 -5000 -4999.99999997681 -4800.0000000233 -3400.00000001718 -5000 -5000 -5200 -5200 -5200 -5000.0000000241 -5000.00000002421 -5199.99999998937 -5200 -5200 -519.999999984516 40.0000000091973 1560.0000000235 199.99999997699 -439.999999994202 -519.999999989905 -359.999999995748 -80.0000000021259 40 39.999999997874 -79.9999999896772 -3.99040800370387e-09 399.999999999784 320.000000000341 679.999999981117 480.000000008424 239.999999994702 399.999999993599 5.34328137257426e-09 -79.9999999935198 -160 -1119.99999999034 -1120 -1239.99999995067 -1080.00000000213 -1120 -1800.00000008882 -2920 -2599.99999998673 -2200.00000000559 -2919.99999999864 -2080.0000000831 -1519.99999998789 -3639.99999997236 -1680.0000000019 -919.999999992792 -160 -159.999999997874 -79.9999999969077
-3319.99999998213 -3800.00000008993 -4999.99999999795 -4999.99999998732 -4999.99999997669 -4800.00000001052 -5199.99999998948 -5199.99999998687 -5000.00000002376 -5199.99999997612 -5199.99999998948 -5200 -5199.9999999863 -5200 -4999.99999999659 -359.999999994384 80.0000000007276 1480 -80.0000000201339 -440 -360 -119.999999999159 79.9999999949296 40 39.9999999948841 -1.02772901297155e-08 679.999999987381 1559.99999996371 1679.99999996265 360.000000013586 479.999999990541 559.999999990484 239.999999990496 200 -79.9999999957936 -119.999999994634 -160.000000016428 -359.999999967531 -160 -359.999999983231 -360.000000021919 -1919.99999999677 -2920.00000001526 -2760 -2399.99999999307 -2079.99999999579 -1519.9999998604 -2599.99999998872 -3160.00000000712 -2400.00000011221 -3199.99999985613 -1119.99999998528 -160 -439.999999970589
-4999.9999999896 -4399.9999999751 -4999.99999997704 -4800.0000000104 -4600.00000001279 -5199.9999999896 -5200 -5200 -5199.9999999896 -5200 -5200 -5200 -5199.9999999863 -5200 -1120.00000001664 -119.999999997192 840.000000017155 2160.00000002515 -160.000000020623 -439.999999990041 199.999999995839 79.999999994975 119.999999995839 5.07043296222885e-09 39.9999999949068 -79.9999999897682 1999.99999999486 760.000000012403 1399.9999999866 559.999999994793 839.999999988529 1480.00000000546 1120.00000000223 640.000000021384 279.999999986358 -79.9999999991019 -80.000000005366 -159.99999999792 -80.0000000020805 -160 -359.999999978957 -920.000000044394 -2000.00000001309 -2519.99999999656 -2480.00000000555 -2199.99999999792 -1720 -2000.00000000291 -3079.99999997744 -3240.00000001074 -3360.00000000152 -3240.00000000678 -2199.99999997445 -159.99999999792
-5200 -4800.00000001245 -5000.00000001029 -4999.99999998971 -5200 -5200 -5200 -5200 -5000.00000002353 -5000.00000002365 -5199.99999998971 -5200 -5200 -1600.00000001418 -360 -80.0000000020577 920.000000014665 2599.99999999177 -440 -279.999999995418 199.999999990041 120.000000010004 199.999999994066 8.03765942661108e-09 -3.96767063617466e-09 1.56152958839276e-19 360.00000002052 1480.00000000412 1559.99999997004 840 959.999999986437 799.99999999477 840.000000003195 440.000000006435 319.999999992337 -79.9999999967372 -6.57109922030978e-09 -79.999999989268 -79.9999999892225 79.9999999884153 79.9999999850161 -160 -359.999999996555 -1800.00000001928 -1720.00000000412 -1640.00000000823 -1599.99999999503 -2079.99999992143 -2999.99999999233 -3280.00000000206 -3400 -3400.00000000568 -2679.99999994592 -360.00000001146
-5000.00000001233 -5000 -5000.00000001256 -5200 -5200 -5199.99999998982 -5199.99999998698 -5200 -5199.99999998675 -5000.00000002353 -5199.99999998653 -5199.99999998641 -4799.99999994168 -360 -5.5706550483595e-09 40.0000000160753 1760.00000001813 1119.99999996127 -439.999999994247 40 239.999999997965 240 199.99999999593 80 199.999999994873 200 120 240.000000022385 759.99999999593 519.999999996874 320.00000000814 120.000000003172 40 2.03499439505336e-09 0 5.29780663766161e-09 199.999999986858 40 40.000000002035 40.000000002035 0 -119.999999987767 -120 -440.000000042587 -520.00000001221 -1120.0000000096 -1600 -1640.00000002292 -3000.00000001322 -3359.99999999235 -3640 -3640 -3639.9999999781 -2679.99999996412
-5000 -5199.99999998994 -5000.00000002262 -5200 -5199.99999997715 -5199.99999998994 -5200 -5200 -5200 -5000.00000002342 -5000.00000002353 -5000.00000002365 -759.99999998065 -80.0000000017735 239.999999994736 2759.99999999476 1920.00000001245 -360 -359.999999985619 239.999999997101 280.000000001819 240 199.999999987074 119.99999999701 120 199.999999989905 -80 80.0000000030809 200.000000005116 799.999999996874 399.999999997988 40.0000000020122 -79.9999999863917 80.0000000020122 199.999999989495 120 200.000000013142 199.999999997988 200 80.0000000013415 239.999999994611 3.39923644787651e-09 -360 -160 -160 -1120.00000000698 -1360.00000001808 -1920.00000001414 -1640.00000000356 -2680.00000000716 -3120.00000001123 -3320.00000000927 -3399.99999999635 -3159.9999999756
-5200 -5000.0000000224 -5199.99999999005 -5199.99999999005 -5000.00000002274 -5000.00000002285 -5200 -5199.99999999005 -5199.99999999005 -5200 -5000.00000002342 -5199.99999997647 -360.000000007958 200 2160.00000000199 1920.00000000152 359.999999998317 -440 -159.999999988495 200 360.000000006901 120.000000004934 200 119.99999999402 40 39.9999999980105 40.0000000030582 440.000000000898 560.000000002865 40.0000000019895 279.99999999884 -119.999999975375 3.19460014013648e-09 120.000000003979 399.999999983572 239.99999999801 240.000000001296 280.000000005298 200.000000003331 120 119.999999996021 239.999999994611 -80.000000007401 -159.99999999801 -160 -160.000000023419 -1519.99999999907 -1999.99999998895 -1719.99999998535 -2760.00000001074 -3080.0000000036 -3320 -3639.99999996252 -3200.00000000199
-5199.99999997783 -5199.99999999017 -5199.99999999016 -5200 -5200 -5200 -5200 -5199.99999998687 -5200 -5200 -5200 -5199.99999999017 -439.99999999452 40.0000000055252 3000.00000001892 560.000000000568 -359.999999990166 -520 -280.000000003934 79.999999997101 40 40.000000005889 39.9999999970328 1.88833837452675e-08 3.012701199623e-09 39.9999999949978 79.9999999969418 40 40.0000000039336 0 -79.9999999960664 -3.93356458516814e-09 40 120.000000003217 120.00000000266 80.0000000071964 120.000000010505 120.000000006617 199.999999998033 80.0000000019668 119.999999993247 39.9999999966008 -80 -159.999999993111 -80.000000007401 -160 -679.999999934244 -1719.99999998626 -920.000000034936 -2000.00000003258 -2680.00000000721 -3040.00000000559 -3120.00000000562 -3120
-5199.99999998766 -5200 -5200 -5199.99999998732 -5199.99999998721 -5200 -5200 -5200 -5000.00000002296 -5200 -5200 -5200 -360 40.0000000063437 3299.99999995617 79.9999999831516 -360.00000000955 -360.000000009595 -360 0 39.9999999970782 1.43105477145958e-19 39.9999999970328 40 40 79.9999999989086 6.94626578434524e-09 -79.9999999961119 -79.9999999899046 -6.25277607468924e-09 0 -1.02318153944836e-08 39.9999999948613 80.0000000051614 120.000000003888 160.000000003888 159.999999992826 240.000000007981 240.000000003888 120.000000006707 119.999999987926 39.9999999898023 -80.000000003422 -119.999999998499 -159.999999996533 -160 -160 -679.999999903127 -2479.99999999288 -2680.00000002046 -2520.00000000389 -2599.99999998912 -2000.00000001214 -2240.00000001534
-5200 -5000.00000002206 -5200 -5200 -5000.0000000224 -5199.99999999039 -5000.00000002262 -5000.00000002274 -5199.99999997715 -5199.99999998664 -5200 -5200 -360.000000003843 1760.00000006197 2119.99999999011 -360 -440.000000005662 -519.999999996157 -360.000000005752 -159.999999997101 4.84305928666044e-09 39.9999999970555 40 39.9999999950887 -9.868017513658e-09 -3.84261511469924e-09 -79.999999990041 0 -79.9999999937927 -119.999999998079 -40.0000000050704 -79.9999999955776 3.19460013982415e-09 40 -79.9999999896772 39.9999999902116 9.04947228248334e-09 199.99999999477 120.000000003843 240 -3.84261511401775e-09 -80.0000000019213 -119.999999998079 -80 -80.0000000088562 -120.00000000349 -120.000000003513 -119.999999996464 -120 -2000.00000002777 -2320.00000001826 -2319.99999999445 -2279.99999999231 -1799.99999995102
