Prepped_data/Covariate_Data/PalaeoDEM/teyeq_DEM_1.asc
NCOLS 360 
NROWS 180 
XLLCORNER -180 
YLLCORNER -90 
CELLSIZE 1 
NODATA_value -9999 
[rows 144 to 167 of 180, columns 108 to 161 of 360]
-5200 -5000.00000001646 -5200 -5200 -5200 -5200 -5199.99999999599 -5199.99999999599 -440.000000006901 -120.000000011488 -359.999999993008 39.9999999980844 159.999999993719 120.000000005525 -160.000000019497 -360 -439.999999992735 -279.999999991439 -160.000000014381 -360 -360.000000005844 -359.999999994111 -359.999999994066 -359.99999999402 -360 -359.999999984823 -280.000000007719 -160.000000019412 -359.999999993793 -440.000000007856 -600.000000006298 -920.000000006344 -1120 -1440 -1599.99999999679 -1600.00000001219 -1920.00000001314 -2080.00000001233 -2240.00000002252 -3199.99999992936 -3159.99999997884 -3360.00000007923 -4600.00000002913 -4399.99999998678 -4200.00000001734 -3999.99999998656 -3400.00000003994 -3799.99999997704 -3359.99999999288 -2120.00000003629 -2600.00000000321 -1440.00000005588 -2479.99999999599 -2680.0000000016
-5199.99999999611 -5200 -5000.00000001646 -5199.99999998343 -5199.99999999611 -5200 -5199.99999999611 -5199.99999998687 -160.000000002336 -120.000000016809 -360 -280.000000005434 160.00000000822 40.0000000070827 -280.000000007128 -360 -360 -360.000000001558 -439.99999999269 -439.999999992644 -360 -360 -360 -360.00000000598 -360.000000006025 -360.000000001558 -360 -360.000000001558 -80.0000000054285 -360.000000004695 -839.999999998443 -1120 -1320 -1480.00000000965 -1919.99999999611 -1920 -2079.99999999844 -2200.00000000409 -2519.99999999533 -2519.99999997988 -2280.00000002026 -1919.99999998456 -1480.00000000125 -1440 -1320.00000001274 -1439.99999997906 -1199.99999999882 -2080.00000001067 -3319.99999990748 -3640.00000000311 -4400 -4600 -4400.00000002214 -4200
-5200 -5200 -5200 -5199.99999998732 -5000.00000001657 -5199.99999999622 -5199.99999998698 -5000.00000001691 -759.999999953081 -80.0000000202135 -360 -159.999999997283 239.999999983561 -279.999999969845 -119.999999983527 -360.000000001512 -360.000000001512 -360.000000001512 -360 -439.999999994202 -439.999999992644 -440 -360 -360 -360 -360 -360 -360 -520.000000004695 -839.999999998488 -1159.99999999924 -1439.99999999773 -1719.99999999773 -1919.99999998013 -1920.00000001296 -2080 -2080 -2200 -2000.00000001817 -2000.00000002055 -2519.99999997974 -2519.9999999796 -2200.00000000836 -2519.99999999773 -2079.99999996879 -1440 -1720.00000001756 -2199.99999999622 -3280.00000000356 -3400.00000000812 -4000.00000000378 -4200 -4200 -4199.99999998034
-5000.000000016 -5200 -5200 -5200 -5200 -5200 -5200 -5199.99999999633 -3319.99999981051 -120.000000001938 -439.999999993145 -360.000000006901 -360.00000000548 -120 -119.99999996628 -119.999999940405 80.000000009328 160.00000000212 -160 -160 -160.000000010965 -160.0000000125 -759.999999992599 -440.000000002933 -360.000000001467 -600.000000001467 -1320.0000000022 -839.999999989143 -1079.99999999724 -1479.99999999707 -2079.9999999934 -2200 -2200.00000000073 -2200.00000000073 -2280 -2280.0000000044 -2280.00000001971 -2519.99999998015 -2280.00000008101 -2520 -2000.00000000513 -1920.00000000147 -1720.00000002224 -1920.00000000836 -1920.00000000293 -2280.00000008467 -2800.00000003968 -3280.00000000073 -3280.00000000282 -3119.99999999642 -2920 -2800.00000000147 -3240.00000002486 -3640.00000001762
-5200 -5200 -5199.99999999645 -5200 -5000.00000001634 -5200 -5200 -5199.99999998687 -5200 -160 -360.000000001421 -360 -439.999999993099 -360 -359.999999990877 -159.999999997192 -359.999999996447 -360.000000007128 -360.000000005753 -360 -360.000000001421 -360 -360.000000001421 -360 -359.999999993975 -120 -160 -360.000000007583 -760 -920.000000009806 -1120 -1120.00000000142 -1480.00000002343 -2079.99999999858 -2200.00000000395 -2239.99999999929 -2239.99999999929 -2239.99999999929 -2240 -2200 -2200 -2200 -2199.99999999787 -2799.99999996594 -4799.999999972 -5000.00000001745 -5199.99999997888 -4999.99999999645 -4200.00000001424 -3400.00000000287 -3279.99999998427 -2199.99999996097 -1919.99999998915 -2760.00000001386
-5200 -5200 -5199.99999998744 -5199.99999998388 -5199.99999998721 -5200 -5200 -3639.99999993228 -120.000000083912 -160.000000080553 -159.999999996618 -360 -360.00000000548 -360 -359.999999998624 -439.999999993008 -360 -360 -360 -360 -360 -160.000000003439 -79.9999999970328 -80.0000000006878 -80 -80.0000000006878 -359.999999984709 -760.000000001376 -359.99999999792 -360.00000001038 -1119.99999999971 -2520.00000004815 -3799.99999999312 -4799.9999999736 -4599.99999998624 -4600.00000001887 -4799.99999999656 -4799.99999998968 -4999.99999996615 -4800.00000000645 -4799.99999998624 -5000 -5199.99999997945 -5000.00000001722 -5000.00000000344 -5000.00000002089 -5199.999999979 -5000.00000001768 -5000 -5000 -4999.99999998198 -1319.99999997136 -4999.99999999656 -1160.00000005369
-520.00000001491 -1000.00000001197 -160.000000003473 159.999999998545 -360.000000005116 -360 -279.99999999485 -80.0000000065825 -5200 -5200 -120.000000000665 -120.000000003382 -360 -439.999999993145 -439.999999994429 -360 -439.999999993008 -439.999999992963 -360.000000005753 -680.000000008936 -2400.00000001791 -4200.00000000076 -4599.99999996388 -1439.9999999774 -359.999999990649 -79.9999999993349 -160 -1119.9999999971 -4799.99999997118 -5000 -5000 -5000 -5000.00000001597 -5199.99999998059 -5000 -5000 -5000 -5000 -5000 -5000 -5000 -5000 -5000 -5000 -5000 -5000 -5000 -5000 -5000 -5000 -5000 -4999.99999995544 -4800.00000002157 -5000
-360.000000001285 -360.000000002569 679.999999999244 -519.999999986579 -600.000000002547 -439.999999993554 -360 -440.000000009106 -5200 -5000.00000001657 -5199.99999998653 -3439.99999987787 -120 -360 -439.999999993145 -360 -599.999999997431 -2079.99999999885 -5000 -5199.99999998229 -5000.00000000321 -5000 -5000 -4799.99999999036 -4799.99999998715 -4799.99999998715 -4800 -4999.99999998138 -4800.00000001873 -5000 -5000 -4999.99999998414 -5000 -5000 -4999.9999999838 -4800.00000001953 -4999.99999999679 -4800.00000001975 -4999.99999998013 -4800.00000001998 -4999.99999998312 -4800.00000002021 -4999.99999997968 -4800.00000002043 -4800 -4800.00000001745 -4800.00000002078 -4999.99999997911 -4999.999999979 -4999.99999997888 -4999.99999997877 -4800.00000001813 -4800 -4800
319.999999996317 -80.0000000055991 -679.999999998761 -520 -520.000000005116 -520 -920.000000022317 -5199.99999998687 -5000.00000001634 -5199.9999999969 -5200 -5200 -5199.9999999863 -5200 -4999.99999997274 -5199.9999999969 -5199.99999998584 -5199.99999998573 -5000.0000000031 -5199.99999998241 -5000 -4999.99999998218 -4800 -4800 -4600.0000000031 -4600 -4600.0000000031 -4600.0000000185 -4800 -4800 -4800.0000000031 -4800 -4800 -4800 -4800 -4600.00000001941 -4599.99999998667 -4400 -4400.0000000031 -4400 -4400 -4200.00000002319 -4399.99999997979 -4200.00000002032 -4400.0000000031 -4600 -4400.00000002066 -4600.0000000031 -4600.0000000031 -4600 -4599.99999998198 -4599.99999998187 -4399.99999998485 -4200.00000002146
-160 -439.999999998806 -599.999999993781 -520.000000006264 -440.00000000631 -1120.00000005678 -5199.99999999702 -5200 -5200 -5000.00000001634 -5199.99999999702 -5199.99999999702 -5000.00000001668 -5200 -5200 -5199.99999999702 -5200 -5200 -5000 -5000 -4999.99999999702 -4600.00000001771 -4200.00000000298 -3799.99999998804 -3440.00000001506 -3440.00000000298 -3640 -3800.0000000154 -3999.99999998448 -4000.00000000298 -4000.00000000298 -4199.99999998116 -4000.00000000298 -4400 -4000.00000000597 -3799.99999998695 -3640 -3440 -3440.00000000298 -3440 -3440 -3400.0000000006 -3400 -3360.00000000464 -3400.0000000006 -3639.99999998255 -3440.00000000298 -3400.00000000413 -3400.00000000356 -2800.00000001791 -3439.9999999964 -3640 -3800 -3999.99999998164
-440.000000004934 -520.000000001148 -760.000000003877 -680.00000000507 -759.999999994884 -5000 -5000.00000001589 -5200 -5200 -5199.99999999713 -5199.99999998653 -5200 -5199.99999999713 -5200 -5000.0000000168 -5200 -5199.99999999713 -5000.00000000287 -5000 -5000 -4999.99999998252 -4599.99999998528 -3999.99999998 -3400.00000000299 -3360 -3320 -3320.00000000057 -3359.99999999635 -3280.0000000031 -3320.00000000057 -3399.99999999628 -3360 -3440.00000000287 -3800 -3439.99999999619 -3360 -3320.00000000271 -3320.00000000388 -2080.00000001837 -2520.00000002003 -2520.00000002019 -2959.9999999977 -2959.99999999368 -3080.0000000178 -3160.00000000404 -3319.99999999594 -3360.00000000294 -3440.00000001538 -3240.00000000172 -3640 -3640 -3359.99999999885 -2800.0000000146 -3040.00000000792
-440.000000004934 -680 -680 -599.999999998897 -1160.00000003526 -5199.99999998434 -5000.00000001577 -5000.00000001589 -5199.999999984 -5199.99999999724 -5199.99999999724 -5200 -5199.9999999863 -5200 -5200 -5200 -5000.00000000276 -5000.00000001427 -5000 -5000 -2119.99999999835 -2519.99999999945 -2760.00000000186 -2799.99999999614 -2800.00000001205 -2800.00000000828 -2959.99999999779 -2799.99999999614 -2800.00000000855 -3079.99999997426 -2959.99999999779 -3120.00000000097 -3079.99999999614 -3279.99999999779 -3280.00000000159 -3639.99999999724 -3640 -3640.00000001323 -3799.9999999978 -3800 -3999.99999999724 -3999.99999998025 -3800.00000001711 -3800.00000001722 -3799.99999999779 -3800 -3800 -3800 -3640.0000000022 -3799.99999998568 -3800 -3640.00000001451 -3640 -3799.99999998311
-160.000000012335 -440 -520 -600.000000004013 -5000.00000001279 -5000.00000001555 -5200 -5200 -5000.00000001589 -5000.000000016 -5199.99999999736 -5200 -5200 -5000.00000001646 -5200 -5200 -5199.99999998584 -5000.00000000264 -5000.00000001438 -5000 -5000 -4800.00000001472 -4800 -4799.99999998678 -3800 -3800 -3999.99999998207 -3800.0000000154 -3999.99999999736 -3999.99999999736 -4000 -4000 -4000.00000001597 -4000.00000001609 -4200 -4200 -4200 -4200.00000000264 -4399.9999999807 -4400 -4200 -4200 -4200 -4799.99999998943 -4799.99999999207 -4800 -4800 -4999.99999997968 -4800 -4800 -4800 -4999.99999997922 -5000 -4800
-360 -520 -680 -760.000000020793 -3320 -4920 -4920 -4920 -5000.00000001577 -5200 -5200 -5200 -5199.99999999747 -5000.00000001634 -5000.00000001646 -5200 -5199.99999999747 -5200 -5000.00000000253 -5199.99999998298 -5000 -5000 -5000 -4999.99999999747 -4800.00000001759 -4999.99999999747 -4800.00000001529 -4999.99999998207 -4999.99999998448 -4999.99999998184 -4800.00000001827 -4800 -4999.9999999815 -4999.99999998391 -4999.99999999747 -4999.99999999747 -4999.99999998104 -4800.00000001907 -4999.99999999747 -4999.99999998323 -4999.99999999747 -5000 -5000 -5000 -5000 -5000 -5000 -5000 -5000 -5000 -5000 -5000 -5000 -5000.00000001836
-280.0000000059 -599.99999999502 -760 -3320 -3320 -4920 -4920 -4920 -4920 -4920 -4920 -4920 -4920.00000000096 -5000.00000001623 -5199.99999998607 -5199.99999998596 -5000.00000001657 -5200 -5199.99999998562 -5200 -5000.00000000242 -5000.00000000241 -5000.00000001484 -5000 -5199.99999998252 -5000 -5000.00000001529 -5000.00000000241 -5000 -5000 -5000 -5000 -5199.99999998161 -5000.00000001609 -5000.0000000162 -5000 -5000.00000000242 -5000 -5000.00000001665 -5000 -5000.00000001688 -5199.99999998059 -5000 -5199.99999998036 -4920.00000000096 -4920 -4920 -4920 -4920 -4920 -4920 -4920 -4920 -4920
-440 -679.9999999941 -680.000000010971 -2560.00000000829 -3200.00000000092 -3320.00000000046 -4920 -4920 -4920 -4920 -4920 -4920 -4920 -4920 -4920 -4920 -4920 -4920 -4920 -5200 -5000.00000001691 -5200 -5199.99999998286 -5199.99999998275 -5000.0000000023 -5000.0000000023 -5199.9999999977 -5000.0000000154 -5000.00000001782 -5199.9999999977 -5199.9999999977 -5000.00000001816 -5000.0000000023 -5000.00000001839 -5200 -5000.00000001862 -5000.00000001643 -5199.9999999977 -4920 -5199.99999998001 -5199.99999998312 -4920 -4920 -4920 -4920 -4920 -4920 -4920 -4920 -4920 -4920 -4920 -4920 -4920
-440.000000004934 -519.999999994145 -520.000000000438 -560.000000000875 -719.999999990644 -999.999999996152 -760.000000003939 -680.000000007878 -1000.00000001937 -1320.00000002706 -4920 -4920 -4920 -4920 -4920 -4920 -4920 -4920 -4920 -4920 -4920 -4920 -4920 -4920.00000000306 -5200 -5199.99999999781 -5199.99999998471 -5000.00000000219 -5200 -5199.99999998437 -5200 -5199.99999998195 -5000 -5199.99999998391 -5200 -5199.99999998062 -5000.00000001862 -5199.99999999781 -5199.99999998334 -5200 -5200 -4920 -4920 -4840.00000000088 -2319.9999999966 -1120.0000000009 -480.00000012908 -240.000000003502 -160.000000003064 -120.000000003502 -40.0000000017508 0 0 0
-679.999999995896 -519.99999999502 -480.000000002512 -480 -400.000000002973 -400 -400 -360.000000002626 -400 -360 -400 -680.00000000083 -1200.00000000124 -1560.00000000083 -1920.00000000083 -2440 -2800.00000000041 -3279.99999999637 -3400.00000000041 -3400.00000000042 -3480.00000000375 -3600 -3680.00000000338 -3799.99999999743 -3720.00000000083 -4839.99999999476 -3960.00000000705 -3880.00000001096 -3960.00000001079 -4760.00000000249 -4680.00000000332 -4719.99999978722 -4920.00000000083 -4920.00000000083 -4920.00000000083 -4919.99999999253 -4919.99999998382 -4919.99999998672 -4919.99999999668 -4839.99999999544 -2159.99999998342 -640.00000000075 -280.000000004252 -399.999999989251 -519.999999995288 -359.999999999585 -280.000000002268 -480.00000000415 -360.000000003558 -679.999999997095 -480 -240.000000007668 -400 -360
-360.000000005718 -440 -440 -400 -360 -360 -360.000000000392 -360 -400 -440 -440.000000002694 -520 -520 -520.000000003155 -600.000000003962 -880.000000008754 -1400.00000001572 -2040.00000000688 -2360.00000000366 -2720.00000000368 -2520.00000001522 -2919.99999999234 -2919.99999999782 -2880.00000000377 -3120.00000000419 -3359.99999999432 -3360.00000000502 -3319.9999999981 -3240.00000000389 -3480.00000000508 -3599.99999999685 -3599.9999999881 -2839.99999999355 -3159.9999999887 -2200.00000000431 -920.000000034089 -919.999999990388 -440.000000004093 -240.000000000392 -240 -320 -320.000000003399 -480 -519.999999992326 -479.99999999614 -40.0000000252555 160.000000004673 479.999999994895 600.000000000392 919.999999979792 519.999999989973 199.999999996078 720.000000019935 -120.000000012335
-439.999999999261 -400.00000000037 -440 -440 -440 -440 -480 -480 -479.999999997351 -440.00000000037 -399.999999997675 -320.00000000037 -320.000000003109 -320 -360 -360 -400 -400.00000000037 -360 -440.000000006963 -520.000000000739 -560.000000003314 -600.000000000739 -560.000000001478 -840.000000000682 -1360.00000001169 -2000.00000000417 -2320.00000000764 -2599.99999999948 -1280.00000000043 -800.000000002956 -240 -239.999999999631 -319.99999999963 -280 -279.999999999631 -239.999999999631 -159.999999996322 -160.000000005923 2.16004991669538e-08 -320.00000000116 -360.000000005321 -199.999999996948 -519.99999998696 -239.999999996902 279.999999987517 400.000000004621 480.000000005014 520.000000011784 640.000000022226 1439.99999998771 800.000000011181 1160.00000000651 1119.99999999081
-680.000000004934 -440 -440 -480 -440 -400.000000000347 -359.999999997743 -320 -280 -280 -280 -320 -320 -320 -320.000000002785 -360 -400 -440 -519.999999999653 -559.999999999653 -600.000000002922 -639.999999999653 -680 -599.99999999701 -440 -400 -360.000000000347 -280.000000006162 -519.999999995163 -560.000000003473 -640 -559.999999991178 -319.999999999653 -359.99999999896 -360.000000003587 -400 -400 -120.000000018969 -200.00000000104 120.00000000266 -159.99999999394 39.9999999904276 640.000000006798 799.999999986199 1560.00000000139 1120.00000000455 1559.99999998981 1879.99999999473 1520.00000000347 919.999999997112 1719.99999999522 880.000000005014 640.000000011642 880.000000009078
-999.999999999352 -479.999999999676 -360 -360.000000002211 -359.999999997118 -319.999999999676 -280 -240.000000000324 -240.000000000324 -280 -320 -360 -440.00000000274 -559.999999999352 -600.000000002461 -760.000000002808 -839.999999999352 -919.999999996499 -959.999999996476 -880 -759.999999997402 -520.000000001296 -360.000000000648 -320.000000000648 -359.999999996663 -479.99999999838 -519.999999996294 -400.000000003729 -360.000000003752 -239.999999990945 -160.000000000324 -280.000000011136 -439.999999996157 -160.000000007731 -200.0000000081 -720.00000000847 -599.999999993753 -279.999999987415 119.999999995373 439.999999999676 719.99999998987 359.999999997573 240.00000001059 319.999999989666 200.000000017985 399.999999993344 479.999999990109 399.999999993901 200.000000002592 -159.999999987637 400.00000000162 519.999999994043 519.999999980133 160.000000000972
-1120 -679.999999999699 -640 -520 -440 -360.000000002581 -240.000000002302 -240 -200.000000000301 -399.999999993753 -400 -560 -799.999999999398 -919.999999999699 -1079.9999999997 -1120 -1080 -600.000000001205 -320.000000000301 -200.000000000301 -479.99999999003 -39.999999997658 200.000000002063 160.000000002689 160.000000000301 120.000000003337 199.999999996942 479.999999982418 160.000000004007 320.000000006554 440.000000000904 -80.0000000031719 -239.999999996805 -200.00000000382 199.999999994651 160.000000022237 799.999999992224 159.999999996993 40.000000006662 120.000000000301 79.9999999910756 -159.999999999397 40.0000000117723 -199.999999999699 -239.99999999593 -279.999999999699 -240.000000003513 -239.999999996464 -240 -80.0000000006025 160.000000000301 240 320.000000000301 199.999999996027
-1120 -679.99999999751 -600 -560 -639.999999999721 -480.000000000557 -359.999999997397 -240 -160.000000000279 -240.000000008015 -479.999999999721 -959.999999999721 -1239.99999999972 -1160.00000000304 -1160.0000000039 -919.999999994384 -359.999999999721 -199.999999994014 40.0000000051955 80.0000000020634 -480.000000000972 -440.000000000279 -999.999999991002 -759.999999991587 -640.000000000279 -680.000000000278 -560.000000000836 -399.999999995805 -320.000000011579 -279.999999999721 -479.999999999443 -240.000000009902 -239.999999992497 79.9999999844704 -200.000000006202 -239.999999995345 -240.000000001893 160.000000010482 400.000000001393 200.000000013125 360.000000019389 -80.000000013597 -640 -679.999999996277 -599.999999999721 -599.999999995953 -519.999999996209 -480.000000003257 -439.999999996442 -159.999999990092 -80.0000000202476 240.000000006975 120.000000004206 200.000000003951
