Prepped_data/Covariate_Data/PalaeoDEM/teyep_DEM_1.asc
NCOLS 360 
NROWS 180 
XLLCORNER -180 
YLLCORNER -90 
CELLSIZE 1 
NODATA_value -9999 
[rows 0 to 22 of 180, columns 208 to 259 of 360]
-2600 -2599.99999999117 -2599.99999999114 -2600 -2600 -2600 -2560.00000000895 -2560.00000000489 -2600 -2560.00000000493 -2560.00000001895 -2800.00000000637 -2600 -2599.99999999592 -2599.99999999495 -2719.9999999786 -2599.99999999491 -2599.99999999488 -2599.99999999592 -2600.00000004729 -2599.99999999592 -2599.99999999479 -2599.99999999069 -2560.00000000525 -2600 -2560.00000000938 -2599.9999999906 -2679.99999998115 -2600 -2639.99999999592 -2599.99999999459 -2599.99999999457 -2600 -2560.00000000956 -2880.00000000798 -2560.00000000961 -2599.99999999592 -2599.99999999592 -2599.99999999592 -2600 -2599.99999999592 -2679.99999998051 -2560.00000000568 -2599.99999999592 -2599.99999999427 -2560.00000000575 -2719.99999997043 -2600 -2599.9999999901 -2560.00000000584 -2600 -2600
-2600 -2600 -2599.99999999594 -2560.00000000886 -2600 -2599.99999999594 -2599.99999999108 -2560.00000000895 -2599.99999999594 -2599.99999999507 -2599.99999999188 -2599.99999999502 -2560.00000000906 -2599.99999999188 -2599.99999999594 -2599.99999999493 -2599.99999999188 -2599.99999999188 -2599.99999999486 -2599.99999999188 -2600 -2599.99999999188 -2600 -2599.99999999069 -2560.00000000933 -2600 -2560.00000000532 -2599.99999999188 -2560.00000000942 -2599.99999999594 -2599.99999999459 -2600 -2600 -2560.00000000954 -2600.00000000695 -2600.00000001511 -2639.99999998782 -2719.99999997517 -2599.99999999441 -2599.99999999188 -2600 -2600.0000000736 -2600.00000001218 -2600.00000000812 -2600.00000000167 -2600 -2600.00000000578 -2600 -2599.99999999012 -2600 -2599.99999999594 -2560.00000000995
-2599.99999999596 -2599.99999999596 -2600.00000000477 -2600.00000004798 -2520.00000001368 -2600.00000000404 -2639.99999998623 -2560.00000000574 -2600 -2600 -2560.00000000404 -2600 -2599.99999999596 -2599.99999998995 -2599.99999999596 -2600 -2520.00000001826 -2599.99999999193 -2599.99999999707 -2600 -2599.99999999482 -2600 -2600.0000000145 -2799.99999995234 -2599.99999999876 -2600 -2640.00000000257 -2559.99999999596 -2600.0000000161 -2679.99999998922 -2639.99999999055 -2600.0000000014 -2600.00000000688 -2600 -2600.00000000807 -2600 -2560.00000001362 -2560.00000000961 -2639.99999998633 -2600 -2679.99999997258 -2600.00000000566 -2600.00000000568 -2599.99999999026 -2599.99999998047 -2599.99999998446 -2599.99999998441 -2520.00000001967 -2639.99999998029 -2600.00000000584 -2639.99999997029 -2599.99999999411
-5000.00000000874 -5000.00000000876 -5039.99999999522 -5040 -5040 -5000.00000000401 -5040 -5040.00000000489 -5039.99999999197 -5000 -4999.99999996884 -5039.9999999679 -5039.99999997191 -4960.00000000202 -5039.99999999197 -5000.00000000106 -4279.99999996172 -5040 -5040 -5039.99999999083 -5040 -5040 -5000.00000000924 -5040 -4919.99999995 -4640.00000004495 -4999.99999996118 -5039.99999999599 -5039.99999996253 -5040 -5040 -5039.99999998512 -5039.99999999599 -5040 -5039.99999999599 -5040 -5000.00000000555 -5040.00000000401 -5039.99999999757 -5039.99999999197 -5000 -5039.99999999434 -5000.0000000097 -5000.00000000972 -5000.00000000974 -5039.99999999425 -5040 -5040 -5040 -5000.00000000401 -5000.00000000988 -5000.0000000099
-5040 -5000.00000000874 -5040 -5000 -5000.00000000881 -5040 -5040 -5040 -4960.00000001289 -5000.00000000892 -5040 -5000.00000000897 -5040 -5040 -5040 -5040 -5039.99999999601 -5039.99999999202 -5039.99999999486 -5039.99999999484 -5039.99999998564 -5039.99999999479 -5000.00000000922 -5039.9999999895 -5040 -5039.9999999947 -5039.99999999468 -5039.99999998532 -5040 -5040 -5040 -5039.99999999457 -5039.99999998909 -5040 -5039.99999999601 -5040 -5000.00000000555 -5039.99999999044 -2840.0000002003 -2600.00000007981 -2560.00000001362 -2560.00000001364 -2640.00000000967 -2560.0000000097 -2639.99999998056 -2560.00000001772 -2560.00000000977 -2599.99999999601 -2600 -2599.99999999416 -2599.99999998428 -2639.99999998024
-5039.99999999603 -5040 -5039.99999999522 -5040 -5039.99999999518 -5039.99999999603 -5039.99999999513 -5039.99999999022 -5079.99999998621 -5040 -5040 -5040 -5040 -5039.99999999498 -5039.99999999495 -5000.00000000507 -5039.99999999603 -5039.99999999206 -5000.00000000514 -5000.00000000913 -5039.99999999481 -5040 -5000.0000000092 -5039.99999999603 -5040 -5000.00000001323 -5000 -5039.99999998138 -2600.00000021286 -2560.00000000936 -2600 -2599.99999999603 -2759.99999998413 -2959.99999996977 -3359.99999997709 -3519.99999999447 -3440.00000000793 -3320.00000001351 -3240.00000000234 -3080.0000000271 -3000.00000000397 -2960 -2879.99999999035 -2679.99999999603 -2599.9999999903 -2600 -2599.99999999422 -2719.99999998047 -2799.99999999789 -2839.9999999881 -2840.0000000138 -2840.00000000397
-5000.00000000473 -5040 -5040 -5079.99999999126 -4080.0000000789 -4080.00000006617 -3960.00000007587 -3960.00000007684 -4960.00000000394 -5000.00000000888 -5040 -5040 -5040 -5039.99999999605 -5039.99999999605 -5039.99999999493 -5040 -5039.99999999605 -5040 -3360.00000000605 -2640 -2639.99999999211 -2719.99999998817 -3639.9999999908 -3080.00000001972 -2920.00000000789 -2880.00000001064 -3280.00000002786 -3399.99999999069 -3320.00000001183 -3200.00000001183 -3199.99999999457 -3239.99999999757 -3399.99999998816 -3399.99999999367 -3399.99999998264 -3439.99999999605 -3439.99999999768 -3480.00000000165 -3399.99999998422 -3559.99999999211 -3439.99999998028 -3519.99999997854 -3440.00000001141 -3479.99999998027 -3519.99999998028 -3559.99999995689 -3599.99999997424 -3959.99999998215 -4160.0000000038 -4999.99999994872 -5039.99999999605
-4040.00000006587 -3560.00000010054 -3800.0000000249 -3559.99999998039 -3559.99999997859 -3520 -3560.00000000392 -3280.00000000688 -3240.00000001276 -3280.00000000392 -3439.99999999319 -3399.99999999321 -3439.99999998147 -3359.99999999718 -3199.99999998206 -3519.99999997254 -3479.99999998548 -3719.99999999216 -3720.00000000392 -3719.99999999092 -3639.99999998571 -3640.00000000913 -3559.99999999346 -3679.99999998431 -3559.99999999743 -3439.99999999725 -3360.00000000897 -3080.00000004707 -4999.99999998823 -5039.99999999069 -5040 -5079.99999999064 -5000.00000000938 -5039.99999998904 -5039.9999999945 -5000 -5039.99999999608 -5039.99999999051 -5040 -5039.99999999608 -5000.00000000956 -5000.00000000958 -5039.99999999608 -4359.99999998431 -4199.99999998642 -4240 -4999.99999997832 -5040 -5000.00000000974 -5000 -5039.99999999413 -5040
-4079.9999999766 -3959.99999996795 -3839.99999998353 -3679.9999999913 -3480.00000000092 -3360.0000000039 -3360.0000000078 -3280.00000002147 -3359.99999999018 -3320.00000001663 -3399.99999998619 -3319.99999999502 -3240.0000000089 -3279.99999999497 -3320.00000001285 -3440 -3479.99999999101 -3520.00000000633 -3520.00000000638 -3600.00000001296 -5039.99999993242 -4999.9999999727 -5039.9999999883 -4960.0000000105 -4999.99999999472 -5000.0000000039 -5000.00000001454 -5000.00000000534 -5000 -5039.9999999961 -5039.99999999069 -5040 -5000.00000000156 -5079.99999999062 -5040 -5039.99999999057 -5039.9999999922 -5000.00000000947 -5000.00000000559 -5039.9999999961 -4960.00000001908 -5040 -5079.99999998651 -5040 -5039.99999999427 -5040 -5039.9999999961 -5040 -5040 -5000.00000000974 -5040.0000000039 -3720.00000002921
-5039.99999999527 -5040 -5039.99999998747 -5040 -5039.99999999518 -5039.99999999516 -5039.99999999225 -4679.99999989684 -4199.99999998346 -4280.00000003454 -5040 -4960.00000001771 -5039.99999997286 -5039.99999988757 -3679.9999999872 -3600.00000001402 -3679.99999999225 -3799.99999999612 -5039.99999998711 -5039.99999999096 -5040.00000000518 -5040 -5000.00000000911 -5040.00000000138 -5040 -5039.9999999947 -5039.99999999612 -5000.00000000388 -5040 -5039.99999999461 -5000.00000000541 -5000.00000000931 -5039.99999999454 -5039.99999998516 -5000.00000000938 -5040 -5000.00000000942 -5079.99999998667 -4960.00000001894 -5040 -5040 -5039.99999999612 -5040 -5039.99999999429 -5000.00000000961 -5000.00000000963 -5000.00000000965 -4960.00000001935 -4439.99999994567 -2879.99999999225 -2800.00000001561 -2880
-5000.00000000385 -5039.99999999229 -5040 -5039.9999999952 -4960.00000001735 -5039.99999998646 -5000.00000000385 -5039.99999999615 -5040 -5040 -5039.99999999614 -5079.99999998731 -5000.00000000886 -5040 -4960.00000002285 -5040 -5000.00000000385 -5000.00000000897 -5039.99999999486 -5040 -5039.99999999614 -5000.00000000385 -5040 -4960.00000000911 -4560.00000004239 -4439.99999999085 -4440 -5039.99999998695 -5040 -5000.00000000924 -5039.99999998918 -5040 -5000.00000000931 -5040.00000000548 -5000.00000000936 -5000.0000000149 -5040 -5039.99999999443 -5040 -5000.00000000947 -5039.99999999229 -5039.99999999434 -5000.00000000568 -5000.00000000956 -5040 -5000.00000000961 -5039.99999999422 -4639.99999999795 -2760 -2800 -2880.00000000201 -2879.99999999411
-5039.99999999527 -5040 -5000.00000000861 -5000.00000000863 -5039.99999999617 -5039.99999999414 -5039.99999999617 -5000.00000000872 -5040.00000000108 -5039.99999999507 -5000.00000000496 -5000.00000000383 -5000.00000000883 -5039.99999999114 -4960.00000001776 -5039.99999999234 -5040 -5039.99999999617 -5039.99999999103 -5039.99999999101 -5040 -4920.00000001149 -4400.0000000498 -4000.0000000532 -3000.00000008812 -2880.00000003155 -2760.00000004363 -2800.00000000998 -2920.00000010727 -3040.00000008812 -3440.00000003448 -3360.00000003065 -3920.00000005584 -5000.00000000931 -5040 -5040 -5039.99999999617 -5000.00000000383 -4879.99999994107 -4879.99999994841 -4439.99999999617 -4479.99999999617 -4480 -4960.00000000383 -4000.00000003451 -3360.00000001723 -2800.00000000383 -2720.00000001926 -2800 -2800.00000000967 -2880 -2880
-5000.00000000854 -4999.99999999906 -5000.00000000858 -5000 -5040 -4960.0000000173 -5079.9999999799 -4999.99999994179 -4999.99999994558 -4959.99999995923 -5000.00000000115 -5039.99999999502 -5000.00000000881 -5000.00000000381 -5039.99999999495 -4680.00000001526 -4999.9999999822 -5040 -3999.99999999734 -3240.00000000491 -2800.0000000128 -2800 -2799.99999999477 -2799.99999999619 -2760.00000000908 -2799.9999999947 -2800.00000000381 -2840 -2800.00000000917 -2879.99999998319 -2760.00000000922 -2840 -2840 -2720.00000001691 -2800 -2799.99999999447 -2760.00000000381 -2760 -2760 -2760.00000000942 -2760.00000001509 -2760.00000001328 -2840.00000000756 -2839.99999999619 -2760.00000000954 -2800.00000000956 -2760.00000001917 -2800.00000000961 -2800.00000000963 -2879.99999998831 -2879.99999999619 -2839.99999999411
-2679.99999999527 -2719.99999999525 -2679.99999999522 -2719.99999998763 -2720.00000000482 -2879.99999999243 -2880 -2879.99999999243 -2880.00000000379 -2880 -2919.99999999126 -2880 -2879.99999999121 -2840.0000000391 -3160.00000004795 -3280.00000002772 -2920.00000001893 -2680.00000003049 -2759.99999999108 -2680.00000000379 -2720 -2640.00000000379 -2680 -2760 -2680.00000000906 -2640 -1840.00000002875 -920.000000012028 -680.000000007572 -480.000000020532 -480.000000020554 -600.000000007572 -680.000000005457 -720.000000015143 -840.000000033719 -1240.0000000134 -2040.00000003407 -2560.00000002628 -2680.00000000757 -2680.0000000094 -2720.00000000379 -2760.00000000945 -2840.00000000379 -2840 -2840 -2839.99999999621 -2760.0000000249 -2800.00000000958 -2800 -2760.00000000379 -2720.00000000965 -2799.99999998654
-2680.00000000097 -2719.99999999525 -2760.00000000579 -2800.00000000376 -2799.99999999518 -2759.99999999516 -2720.00000000376 -2759.99999999247 -2720.00000000376 -2839.99999999624 -2840 -2839.99999999004 -2840 -2759.99999999874 -2720.00000000376 -2720 -2680.00000000886 -2879.99999999624 -2880 -2759.99999999484 -2760 -2800.00000000665 -2760 -1880.00000001435 -840.000000000739 -360.000000006685 -240.000000003763 -200 -40.0000000112891 79.9999999833221 -160.000000012938 -280.000000003763 -240.000000003763 -240.000000009243 -320 -360 -400 -320.000000003763 -320.000000007526 -720.000000014995 -1760.00000008275 -2840.00000002261 -2880.00000000753 -2920.00000002076 -3160 -2919.99999999048 -2760.00000000376 -2680.00000000753 -2600.00000002669 -2480.00000001297 -2080.00000002756 -1320.00000004303
-2799.99999999054 -2759.99999999525 -2640.00000001703 -2720 -2759.99999999626 -2800 -2799.99999999887 -2760.00000000374 -2799.99999999509 -2840.00000001241 -2880.00000002487 -2880.00000001496 -2880.00000001748 -2919.99999999871 -2999.9999999899 -2960 -2919.99999998981 -2760.00000000374 -2719.99999999626 -2720 -2559.99999998819 -1280.00000002032 -600.000000005991 -360 -360 -280.000000009038 -280.000000009061 -240.000000007481 -199.999999994634 -160 -239.999999990848 -80 -39.999999994543 -120 79.9999999962597 -40.0000000222712 -119.999999986971 80.0000000018303 40.0000000018872 -119.99999999626 -279.99999999626 -240.000000013142 -520.000000020646 -640.000000013188 -640.000000014961 -600.000000013233 -600 -400.000000009163 -280.000000007481 -279.999999994156 -240 -239.999999990371
-2719.99999999527 -2759.99999999153 -2719.99999998673 -2640.00000001703 -2720.00000000372 -2759.99999998772 -2719.99999999628 -2640.00000000489 -2600.00000001235 -2640 -2720 -2720 -2679.99999999871 -2840 -2880 -2800.00000001758 -2799.99999999862 -2280.00000002694 -1160.00000001432 -599.999999998556 -240.000000012619 -240 -200.000000003718 -200 -240.000000003718 -280.000000003718 -240.000000009038 -280.000000009061 -319.999999996282 -240 -239.999999994588 -200.000000003718 -200.000000009175 -200.000000003718 -200 -279.999999994475 -239.999999994452 -159.999999990712 -120.000000003718 -119.999999996282 79.9999999962824 80 39.9999999905981 119.999999996282 79.9999999962824 120.000000002035 120.000000002058 199.999999980969 39.9999999962824 39.9999999867214 -40.0000000015689 -40.0000000096065
-920.000000033697 -2320.00000004487 -2679.99999999892 -2639.9999999952 -2600.00000000852 -2599.9999999977 -2640.00000000739 -2719.99999999261 -2639.99999999139 -2639.99999999261 -2559.99999999874 -2519.99999998763 -2440.00000001478 -1760.00000000473 -1000.00000001207 -800 -520.000000002296 -480 -439.999999996305 -399.999999994839 -279.999999996305 -279.999999996305 -240 -200.000000003695 -200 -160.00000000739 -239.999999996305 -200 -200.000000009061 -240.000000003695 -200.000000009106 -200.000000005434 -200 -200 -80.0000000036948 -80 -120 -80 -40.000000012983 -40.0000000036948 -79.9999999943611 0 39.9999999906208 120.000000009402 200.000000015154 400.000000002058 400 319.999999994202 440.000000016905 439.99999998247 120.000000016951 40
-3.67208485797424e-09 -279.999999996328 -360.000000003672 -400.000000002547 -400.000000009868 -320.000000019531 -200.000000026898 -320.000000014688 -400.000000014688 -360.000000022032 -320.000000014688 -360.000000011016 -319.999999994998 -320 -279.999999996328 -360 -360.000000003672 -360.000000008788 -399.999999996328 -400.000000010323 -400 -360 -320 -319.999999985823 -279.999999991053 -239.999999996328 -200.000000007344 -200 -200 -200 -200 -200 -159.999999998215 -80 -80 -80 -80 39.9999999907573 80.0000000036721 80.0000000112322 119.999999994361 80 119.999999990644 120.000000018758 160.000000013074 80.0000000094246 79.9999999926558 120.00000000947 159.999999994179 80 79.9999999882675 -39.999999994111
-79.9999999916213 -40 -200.00000000955 -319.999999996351 -280 -319.999999995157 -320.000000008515 -320 -320 -319.999999996351 -279.999999996351 -240.000000008629 -320 -320.000000005025 -399.999999996351 -400 -399.999999996351 -400.000000005116 -519.999999994861 -479.999999991189 -399.999999991167 -320 -319.99999999477 -280.000000003649 -240 -279.999999991053 -200 -200 -200.000000003649 -200 -200 -199.999999994566 -80 -79.9999999945203 -40.0000000091518 5.52518031276677e-09 200.000000001899 320 200 159.999999994384 120.000000003979 279.99999998704 120.000000020282 40.0000000057071 -39.9999999927013 39.9999999905981 79.9999999963506 40.0000000036493 39.9999999941792 0 -79.9999999941338 -7.29869498119089e-09
-4.7293724492195e-09 -79.9999999963734 -320 -280.000000008424 -359.999999996373 -360 -360.000000012119 -399.999999996373 -320.000000004911 -399.999999992747 -399.999999995043 -399.999999991394 -240 -320 -240.000000003627 -200.00000000507 -160 -200 1.6927970134886e-08 639.999999978797 -80.0000000139948 -240.000000003627 -239.99999999477 -239.999999994748 -239.999999991098 -200.000000008924 -200 -200.000000005343 -200 -200 -200 -80 -80 -40.0000000018531 -39.9999999853685 120 159.999999990825 159.999999990803 80.00000002766 200 160.000000018531 159.999999997965 40.0000000036266 40 3.62661012280026e-09 79.9999999927468 5.77529135625842e-09 39.999999994202 -39.999999986926 39.9999999905299 39.9999999963734 120.000000009516
-200.000000011937 -280 -280 -280.000000003604 -280.000000003604 -359.999999996396 -280 -320.000000003604 -399.999999998693 -440.000000003604 -399.999999991439 -240 -159.999999991394 -40.0000000036039 -200.000000003604 39.9999999862553 440.000000007446 560.000000013836 240.000000007742 -319.999999984027 -360 -319.999999994793 -279.999999996396 -200 -200 -200 -200 -239.99999998571 -200 -160.000000008993 -199.999999994589 -80 -79.9999999963961 -80 39.9999999908937 -5.52518031277305e-09 -39.9999999872443 -9.17452780363303e-09 -9.19726517067136e-09 79.99999999078 79.9999999907572 79.9999999871306 39.9999999943157 40.0000000036039 5.72981662065353e-09 5.75255398819581e-09 0 5.79802872380275e-09 -39.9999999869715 2.24986251840595e-08 120.000000022544 359.999999986903
-319.999999991689 -319.999999995248 -319.999999991644 -360.000000004798 -360 -360 -359.999999987972 -360 -359.999999996419 -360 -200.000000004957 -239.999999996419 -200.000000005002 -239.9999999799 280 600.000000000603 40.0000000092314 -439.999999992838 -319.999999998442 -80.0000000035811 -200 -240.000000005207 -200 -200 -239.999999991144 -200 -200 -199.999999991076 -200 -200 -199.999999985596 0 79.9999999764668 -80.0000000054797 79.9999999964189 39.999999998056 40.0000000035811 39.9999999964189 40 1.2778400558402e-08 40 3.58113538873798e-09 39.9999999943157 5.7070792531145e-09 40 40 0 39.9999999964189 200 359.999999998681 359.999999996419 359.999999978752
