Prepped_data/Covariate_Data/PalaeoDEM/teyep_DEM_1.asc
NCOLS 360 
NROWS 180 
XLLCORNER -180 
YLLCORNER -90 
CELLSIZE 1 
NODATA_value -9999 
[rows 115 to 137 of 180, columns 260 to 311 of 360]
-2880.00000007979 -4960 -4960 -4960 -4960 -4960 -4960 -4960 -4960 -4960 -4960 -4960 -4960 -4960 -4960 -4960 -4960 -4960 -4960 -4960 -4960 -4960 -4960 -4960 -4960 -4960 -4960 -4960 -4960 -4960 -4960 -4960 -4960 -4960 -4960 -4960 -4960 -4960 -4960 -4960 -4960 -4960 -4999.99999999853 -5000 -3639.99999995832 -1839.99999995039 -3479.99999998793 -4800.00000000733 -4960 -4960 -4960 -4960
-1360.00000021269 -4840.0000000162 -4960 -4960 -4960 -4960 -4960 -4960 -4960 -4960 -4960 -4960 -4960 -4960 -4960 -4960 -4960 -4960 -4960 -4960 -4960 -4960 -4960 -4960 -4960 -4960 -4960 -4960 -4960 -4960 -4960 -4960 -4960 -4960 -4960 -4960 -4960 -4960 -4960 -4960 -4960 -4999.99999999856 -5000 -4039.99999990243 -2119.9999999738 -879.999999989018 -240.000000002888 -280.000000012517 -280 -480.000000019827 -1760.00000005851 -4520.00000009367
-600.000000081116 -4400 -4840.00000001503 -4960 -4960 -4960 -4960 -4960 -4960 -4960 -4960 -4960 -4960 -4960 -4960 -4960 -4960 -4960 -4960 -4960 -4960 -4960 -4960 -4960 -4960 -4960 -4960 -4960 -4960 -4960 -4960 -4960 -4960 -4960 -4960 -4960 -4960 -4960 -4960 -4960 -4960 -5000 -3639.99999999764 -2519.99999996697 -1319.99999998211 -320.000000004263 -280 -280 -280 -240.000000001421 -280 -320.000000009913
-560.00000004278 -4480.0000000014 -4880.00000001191 -4960 -4960 -4960 -4960 -4960 -4960 -4960 -4960 -4960 -4960 -4960 -4960 -4960 -4960 -4960 -4960 -4960 -4960 -4960 -4960 -4960 -4960 -4960 -4960 -4960 -4960 -4960 -4960 -4960 -4960 -4960 -4960 -4960 -4960 -4960 -4960 -4960 -5000 -5000 -3280.00000000827 -2040.0000000001 -1039.99999995993 -280 -280 -280 -279.999999998602 -280 -240.000000008447 -200.000000016939
-640.000000076852 -4480.00000000593 -4960 -4960 -4960 -4960 -4960 -4960 -4960 -4360.00000000138 -4280 -4240.00000000138 -4360.00000000894 -4560 -4840.00000001659 -4559.99999999512 -4599.99999997627 -4640.00000001947 -4640.00000003793 -4960 -4960 -4960 -4960 -4960 -4960 -4960 -4960 -4960 -4960 -4960 -4960 -4960 -4960 -4960 -4960 -4960 -4960 -4960 -4960 -4960 -5000 -5000 -4039.99999985712 -1599.99999998485 -400.000000001376 -280.00000001387 -280 -279.99999999302 -280 -240.000000007026 -40.0000000084242 -80.0000000070713
-640.00000001047 -3880.00000005882 -4960 -4960 -4639.99999998199 -4280.00000000603 -4280 -4280.00000000607 -4320.00000000135 -4360 -4200.00000000749 -4160 -4120.00000000618 -4120 -4120.00000000135 -4159.9999999951 -4160.00000000135 -4280 -4440 -4760.00000003848 -4960 -4960 -4960 -4960 -4960 -4960 -4960 -4960 -4960 -4960 -4960 -4960 -4960 -4960 -4960 -4960 -4960 -4960 -4960 -5000 -5000 -5000 -4999.99999985725 -1479.99999995866 -280 -280 -280 -240.000000001353 -160.000000001353 -40 200 199.999999998647
-840.000000004582 -4080.00000001975 -4960 -4960 -4519.99999998932 -4320 -4199.99999999528 -4159.99999999393 -4160 -3880.00000000479 -4160 -4519.99999998635 -4400.00000000352 -4239.99999999113 -4160 -4159.99999999867 -4120 -4120 -4199.99999999368 -4319.99999999499 -4519.99999999867 -4960 -4960 -4960 -4960 -4960 -4960 -4960 -4960 -4960 -4960 -4960 -4960 -4960 -4960 -4960 -4960 -4960 -4960 -4879.99999992241 -4119.99999997405 -3680.00000000626 -1759.9999999721 -719.999999975103 -319.999999983515 -280 -279.99999999867 -199.999999991689 -79.9999999916668 -79.9999999929742 40.0000000140972 120.00000000133
-3320.000000115 -4920.00000000593 -4960 -4960 -3919.99999998199 -3799.99999998875 -3479.99999999101 -4320.00000000738 -4000.0000000135 -4120.00000000481 -4360.00000000614 -4320.00000000616 -4960 -4959.99999999477 -4839.99999998593 -4639.99999999739 -4519.99999998483 -4440.00000000499 -4320.00000001766 -4360.00000001642 -4560.00000000506 -4960 -4960 -4960 -4960 -4960 -4960 -4960 -4960 -4960 -4960 -4960 -4960 -4960 -4960 -4960 -4960 -4960 -4039.99999995447 -2479.99999991816 -1120 -360.000000009459 -359.999999971226 -240 -279.999999998693 -240 -240 -239.999999998693 -239.999999998693 -200 -79.9999999903366 80.0000000083787
-4320.00000005912 -4960 -4960 -4960 -3919.999999994 -4160.00000001936 -3959.99999999524 -3760.00000000479 -4079.9999999862 -4160.00000002092 -4040.00000003098 -4239.99999998998 -4000.000000051 -4960 -4960 -4960 -4960 -4960 -4960 -4960 -4960 -4960 -4960 -4960 -4960 -4960 -4960 -4960 -4960 -4960 -4960 -4960 -4960 -4960 -4960 -4999.99999999872 -5000 -5000 -5000 -2239.9999999166 -719.99999999061 -200 -160 -239.999999993111 -240 -240.000000001285 -240 -160 -160.000000005718 -199.999999998715 -199.999999992951 -40.000000008356
-4960 -4960 -4960 -4960 -4080 -4360 -3959.99999998664 -3839.99999995498 -3680.00000000379 -3200.00000012107 -3479.99999992254 -3719.99999998292 -4400.00000001111 -4960 -4960 -4960 -4960 -4960 -4960 -4960 -4960 -4960 -4960 -4960 -4960 -4960 -4960 -4960 -4960 -4960.00000000657 -4600.00000001262 -5000 -4120.00000001673 -5000 -5000 -5000 -5000 -5000 -5000 -5000 -4519.99999988786 -1039.99999996073 -240 -399.999999968657 -240 -200.000000001262 -120.000000001262 -120 -160 -239.999999992974 -200 -80
-4480.00000001897 -4960 -4679.99999999876 -4399.99999998454 -4080.00000001925 -4320.00000000603 -4199.99999998914 -3759.9999999891 -3680.00000002066 -3840.00000000248 -4359.99999998648 -4200.00000002093 -4680.00000000866 -4640.00000000621 -4840.00000000995 -4960 -4960 -4960 -4960 -4960 -4960 -4960 -4960 -4960 -4960 -4960 -4960 -4960 -4960 -5000 -3479.99999997734 -1120 -799.9999999838 -1040.0000000158 -1160 -2079.9999999868 -2320.00000005348 -2000.0000000088 -1560.00000002107 -1720.00000005081 -3560.00000002169 -1799.99999996702 -559.999999985027 -160.000000008129 -120.000000001239 -319.999999998761 -119.999999993042 -119.999999998761 -200 -200 -200 -80
-4560.00000000243 -4480.00000000715 -4360.00000001191 -4320 -4160.00000002158 -4439.99999999878 -4159.99999998064 -3880.00000001579 -4000.00000001097 -4399.99999999882 -4559.99999998158 -4120.00000002838 -4719.9999999852 -4439.99999999014 -4639.99999999255 -4600.00000001372 -4960 -4840.00000000365 -4960 -4960 -4960 -4960 -4960 -4960 -4960 -4960 -4960 -4960 -4960 -5000 -3759.99999990941 -1119.99999997232 -360.000000007856 -240.000000001216 -400.000000006685 -399.999999992076 -439.999999987756 -360.000000001216 -360 -360.000000009231 -239.999999987574 -240.000000002433 -159.999999993133 -159.999999985005 -120 -240.000000006935 -159.999999993042 -160 -200 -200 -159.999999994168 -80
-4439.99999998937 -4279.99999999407 -3320.00000000954 -3679.99999998805 -3559.99999992677 -3719.99999999159 -3679.99999998552 -3680.00000000727 -4079.99999999271 -4560.00000001835 -4840 -4080.00000009462 -4480.00000002951 -3800.00000001361 -4240.00000003831 -4519.99999999881 -4239.99999998356 -4040.00000001737 -4319.99999999487 -4279.99999999366 -4960 -4960 -4960 -4960 -4960 -4960 -4960 -4960 -4960.00000000655 -5000 -4759.99999988915 -919.999999973534 -399.999999985528 -200.000000001194 -280 -239.999999993292 -239.999999998806 -199.999999998806 -200.000000005582 -80.0000000079922 -119.999999993179 -80.0000000080377 -120 -120.000000001194 -120 -119.999999993065 -120.000000006958 -159.99999999302 -120.000000008197 -120.000000007026 -159.999999992951 -80
-3480.00000011207 -3560.00000000466 -3480.00000000596 -3359.99999998556 -3519.99999999033 -3999.99999999767 -4040.00000000605 -3960.00000001098 -4280.00000002814 -4360.00000002068 -4560.00000000117 -4760 -4839.99999999767 -4760.00000000155 -3479.99999999883 -4159.99999995273 -4240.00000001605 -4079.99999997644 -3559.99999999484 -4399.99999999016 -4200.0000000104 -4480.00000002443 -4960 -4960 -4960 -4960 -4960 -4960 -5000 -5000 -5000 -1559.99999993034 -399.999999993361 -239.999999992173 -240 -240 -200 -200.000000002331 -80 -79.9999999932015 -40.0000000079865 40 40 40 2.01366780368515e-19 40.0000000069349 -40 -40.0000000023306 -120.000000008168 -80.0000000163823 -119.999999992951 -80
-3599.99999998818 -3440.00000000229 -2120.0000001038 -2800.00000000941 -3320.00000004202 -3960.00000002753 -3320.00000001633 -4200.00000000607 -4479.99999997486 -3479.99999998427 -3839.99999993904 -4840.0000000089 -4839.99999999838 -4999.99999998987 -4519.99999998754 -3360.00000004094 -4600.00000000343 -4560.00000000571 -4319.99999999254 -4039.99999999594 -3960.00000003101 -4160.00000003423 -4440.00000001739 -4920.00000000114 -4960.0000000152 -5080.00000001182 -5080.00000001186 -5119.99999998581 -5000 -5000 -5000 -2119.9999999336 -399.999999989006 -279.99999999448 -240 -239.999999993292 -120.000000007873 -80 -40 -40.000000007941 -39.999999985215 39.9999999942986 80 40 40 40.0000000069349 119.9999999919 40.0000000081229 -1.14255271910263e-09 -7.02584657099359e-09 -40 -80
-3759.99999999185 -3919.99999999183 -3400.00000006105 -3999.99999997272 -3519.99999999552 -2839.99999996257 -3680.00000003248 -4320.00000000224 -4080.00000003159 -4279.99999999276 -4680.00000000892 -4879.99999999384 -4479.99999999051 -4919.99999999155 -4759.9999999853 -3400.00000000224 -4280.00000000516 -3799.99999999776 -3640.00000000224 -4400.00000001343 -3839.99999993858 -5040.00000000527 -4999.99999999776 -5080.00000000196 -5119.99999999888 -5159.99999999888 -5200 -5000 -4359.99999995942 -5000 -3599.99999999676 -2560.00000000356 -1319.99999998784 -479.999999992218 -239.999999992195 -80.0000000022396 39.9999999988802 -39.9999999921272 39.9999999853287 40 39.9999999931788 79.9999999988802 40 119.999999991991 199.99999999888 160.00000001499 279.999999991923 199.99999999302 80 79.9999999929741 -80 -80
-3360.00000004467 -4319.99999999671 -4079.9999999989 -4199.99999998585 -3840.00000000329 -3880.00000001095 -4080.00000000222 -4639.99999998347 -4679.99999998562 -4919.99999996832 -4919.99999995878 -4640.00000001891 -3960.00000001466 -3520.00000000805 -3800.00000004102 -3760.00000003938 -4960.00000000298 -5159.9999999926 -4999.99999998845 -4399.99999997987 -4199.99999999144 -4680.00000002136 -5160.0000000011 -5160.00000000753 -5239.99999999135 -5360.00000001296 -5439.99999998911 -5240 -4439.99999997274 -3039.99999997481 -2240.00000001428 -1439.99999999777 -400.000000006639 -399.999999992241 -159.999999993315 1.45121248348013e-08 80 119.999999998903 3.71675513675057e-19 -1.09707798401397e-09 -39.9999999989029 0 79.9999999920362 120.000000007987 120.000000013824 239.999999994162 240.000000006958 199.999999986039 39.999999994094 -39.9999999989029 -80 -80
-3520.00000001236 -3520.00000000808 -3960.00000003301 -4319.99999997608 -4319.99999999355 -4279.99999999397 -4399.99999998965 -4720.00000000822 -4880.00000000717 -4920.00000000719 -4639.99999992157 -5120.00000000616 -5079.9999999887 -4959.99999999164 -3999.99999997895 -5000 -5120.00000002097 -5279.99999998003 -4599.99999997686 -4480.00000000849 -4119.9999999308 -3920.00000018331 -5160 -5400 -5400 -5440 -5400 -5120.00000000215 -3360.00000002394 -2759.99999995078 -1679.99999998022 -400 -279.999999993361 -79.9999999989257 39.9999999933152 80.0000000067075 80 199.99999998895 279.99999999215 120.000000001074 -1.36424205262322e-08 -1.83818272920161e-19 80.0000000057923 160.000000007964 200 160 159.999999993042 119.999999984965 79.9999999919225 0 -39.9999999989257 -40.0000000010743
-4079.9999999996 -3959.99999999301 -4519.99999998703 -4600.00000001091 -4560.00000001306 -4679.99999999397 -4839.99999998291 -4800.0000000021 -4920.00000000504 -4919.99999999684 -5040 -5160 -5000.00000000724 -4919.9999999959 -5080.00000000728 -5160 -5200.00000000627 -4999.99999997691 -4279.99999997788 -4080.00000002113 -3880.00000002751 -4920.00000004683 -4959.9999999979 -5400.00000000105 -5400.00000001937 -5400.00000002049 -5479.9999999935 -4919.99999997937 -2159.99999998456 -1519.99999998686 -479.999999986812 -199.999999979099 -40.0000000010516 40 79.9999999922636 80.0000000067075 399.999999997897 559.999999992195 439.999999993224 199.999999986403 120.000000008924 240 80.0000000058151 80 80.0000000010516 200 160 239.999999990916 239.999999983891 120 40.0000000070486 40.0000000070713
-4320.00000001182 -4239.99999998323 -4600.00000001294 -4719.99999999402 -4719.99999999091 -4839.99999999897 -4959.99999999897 -4680.00000000607 -4799.99999999494 -4960 -4960.00000000206 -4999.99999999384 -4880.00000000618 -4959.99999999482 -5000.00000000103 -5040.00000000103 -4960.00000000309 -4679.9999999937 -4399.99999999368 -3559.99999989867 -2040.0000000074 -2999.99999999421 -2040.00000021112 -3880.00000005148 -3959.99999999663 -4280.00000002634 -3880.00000000309 -1839.99999998007 -840.000000002058 -640.000000003087 -239.999999980218 -39.9999999944123 39.9999999933607 40 79.9999999989711 279.999999992264 400.000000005701 480.000000002058 440.000000007805 479.999999993202 199.999999987386 160.000000006844 279.999999993133 200 159.999999993088 240.000000007964 200.000000001029 240 240 239.999999998971 239.999999991922 280
-4160.00000001774 -4440.00000000191 -4480.00000000101 -4799.99999997804 -4759.99999999899 -4640 -4640.00000000907 -4800.00000001821 -4560.00000000811 -4760.00000000712 -4880.00000000714 -4879.99999999585 -4920 -4999.99999999279 -4920 -4560.00000000726 -4279.99999998845 -4480.0000000063 -4319.99999998836 -2759.99999998197 -1880.00000000637 -1919.99999998486 -2119.99999999962 -1799.9999999986 -1920.00000000302 -2240.00000000648 -1599.99999994248 -319.999999953315 -279.999999996982 -280 -159.999999998994 0 160.000000006639 80 80 120.000000007714 360.000000001006 240 360.000000008788 479.999999992195 280.000000006821 279.999999998994 360 279.999999997988 239.999999998994 239.999999998994 240 279.999999992013 200.000000005997 199.999999998994 160.000000008055 160.000000008077
-4440.00000001182 -4480.00000001187 -4560.00000000694 -4559.99999998599 -4759.99999999803 -4400.0000000091 -4040.000000009 -3840.00000003625 -4360 -4919.99999999192 -4840 -4879.99999998669 -4799.99999999578 -4440.00000000295 -4000.00000001016 -3679.9999999967 -3239.99999997551 -3399.99999997776 -2439.99999997626 -1679.9999999849 -1280.00000000833 -1479.99999998722 -1639.99999999457 -999.999999991064 -759.999999995509 -599.999999995487 -280.00000000295 -160.000000007509 -119.999999993452 -160 -120.000000006594 9.83391146129647e-10 119.999999992377 239.999999992355 120.000000005701 119.999999994276 80.0000000144439 200.000000007736 319.999999985465 400 320 400.000000006844 439.999999998033 320 319.999999992104 240 280 240.00000000698 320.000000007986 279.999999991991 160.000000000983 240
-4599.99999999808 -4719.99999996745 -4599.99999996925 -4160.00000000192 -4320.00000000192 -4839.99999998 -3319.99999995574 -3279.99999995781 -3800.0000000154 -4640.00000007147 -4600 -4599.9999999948 -4400.00000001141 -4479.9999999847 -4560.00000000766 -3879.99999993939 -1959.99999998553 -1680.00000000288 -1119.99999999656 -1000 -1080.00000000096 -1279.99999999265 -679.999999989097 -159.999999987131 -119.999999980628 -40.000000013921 0 -39.9999999934744 0 -40.0000000009607 -39.9999999934062 39.9999999933834 120.0000000076 160.000000000961 200.000000000961 239.999999999039 199.999999999039 239.999999986494 279.999999993224 240.00000000872 320 400.000000007805 400.000000007827 359.99999999215 359.999999984254 279.999999999039 319.999999998079 279.999999992059 320 360.000000000961 319.999999999039 240
