Prepped_data/Covariate_Data/PalaeoDEM/teyen_DEM_0.5.asc
NCOLS 720 
NROWS 360 
XLLCORNER -180 
YLLCORNER -90 
CELLSIZE 0.5 
NODATA_value -9999 
[rows 88 to 109 of 360, columns 294 to 342 of 720]
260.000000006958 229.999999990331 289.999999987511 249.999999993679 139.999999996913 -40 -79.9999999965837 -80.0000000030866 -150.000000006349 -230.000000009805 -399.999999993076 -249.99999999672 -249.999999996714 -230.000000003291 -600.000000010942 -1140.00000000043 -1360.00000000089 -1980.00000000708 -2510.00000001351 -2890.00000001615 -3040.00000002518 -3390.00000000284 -2959.99999999487 -3320.00000000413 -3249.99999998994 -3019.9999999891 -2709.99999999243 -2609.99999999972 -2209.99999997887 -1830.00000000338 -2280.00000001543 -2740.0000000037 -3240.0000000068 -3220.00000000745 -3490.00000000779 -3570.00000000033 -3479.99999999007 -2469.99999997156 -1959.99999998935 -1119.99999995424 -599.999999993827 -720.000000001455 -909.999999994196 -799.999999993076 -439.999999989217 -149.999999992667 -19.9999999953445 160.000000000796 169.99999998725
370.000000009908 390.000000002933 289.999999999852 220 200 119.999999996925 9.99999999675424 49.9999999967485 -20.0000000065143 -220.000000003075 -369.999999996345 -259.999999989978 -240 -280 -400.000000006582 -920.000000010112 -1550.00000001742 -2100.00000000708 -2470.00000000379 -2640.00000000713 -2520 -2850.00000002332 -2440.00000000615 -3220.00000003195 -3419.9999999933 -3229.99999999246 -3009.99999999721 -2799.99999998654 -2629.99999999604 -2209.99999997944 -1969.99999999969 -2170.00000000339 -2630.00000002439 -2840.00000000615 -3170.00000002691 -3570.00000001023 -3729.99999999966 -2919.99999995993 -2049.99999998972 -1299.99999996659 -919.999999990774 -1179.9999999984 -1379.99999998845 -1279.99999998002 -649.999999993463 -179.99999999614 -149.999999996527 -29.9999999973284 90.0000000026659
370.000000003206 340.000000003359 300 259.999999996618 150.000000000165 179.999999996595 99.9999999969361 19.9999999965723 -140.000000000375 -200.000000006128 -290.000000006327 -289.999999996322 -280 -299.999999996936 -340.000000003507 -950.000000010783 -1570.00000000729 -2080.00000000708 -2450.0000000038 -2680 -2809.99999999004 -2650.00000000026 -2829.99999998855 -3350.00000001471 -3790.00000001003 -3379.99999999637 -3249.99999999358 -3060 -2709.99999999357 -2579.99999999019 -2239.99999998649 -2020.0000000037 -2410.00000001388 -2860.00000000066 -2910.00000000034 -3310.0000000034 -3610.00000001705 -3379.99999997056 -2319.99999998631 -1979.9999999946 -1759.99999996334 -1830.00000000569 -2049.99999999349 -1879.99999998007 -959.999999979263 -219.999999995344 -140 -130.000000004292 -120
140.000000013097 260.000000006412 220.000000006105 170.000000003217 180.000000000341 179.999999996948 129.999999997129 59.9999999969475 -50.0000000001933 -200 -220.000000003052 -210.000000002842 -230.000000003268 -229.999999999778 -520.000000017081 -1230.0000000007 -1750.0000000073 -2120.00000000757 -2400.00000000355 -2640.00000000356 -2840.00000000715 -3100 -3320.00000000665 -3530.00000000333 -3670.00000000334 -3439.99999998968 -3329.99999999665 -3209.99999999665 -2919.99999999328 -2729.99999999663 -2559.99999999326 -2279.99999998279 -2350.00000000775 -2690.00000002066 -2949.99999999287 -3050.00000001769 -3430.00000001468 -3629.99999999354 -2769.99999997987 -2739.99999999769 -2619.99999999084 -2659.99999998703 -2379.99999999235 -2059.99999999843 -1389.99999998421 -559.999999987614 -130.000000003462 -130.00000000652 -119.999999996106
-270.000000003501 -240.000000003041 -109.999999993753 29.9999999994884 110.000000000176 129.999999999454 19.9999999965837 49.9999999971521 -99.9999999935198 -170.000000003246 -160 -160 -170.000000000222 -160 -250.000000006781 -890.000000026478 -1580.00000001922 -2020.00000000962 -2320.0000000137 -2610.0000000033 -2800.00000000358 -2930.00000001244 -2820.00000001825 -2930.0000000191 -3200.00000001332 -3430.00000000942 -3439.99999999696 -3280.00000000366 -3079.99999998658 -2879.99999999936 -2659.99999998958 -2379.99999999564 -2200.00000001351 -2600.00000000236 -2970.0000000132 -3020.00000000375 -3370.00000000036 -3650.00000001094 -3539.99999997954 -3229.99999998596 -2950.00000000722 -2829.99999998513 -2060.00000001138 -1580.00000000674 -849.999999993327 -289.999999991053 -160 -109.999999996538 -109.999999999574
-80 -69.9999999998351 -29.99999999377 9.99999999982378 -79.999999997334 -130.000000006247 80.0000000034163 109.999999999801 39.9999999896829 -160 -160 -140.00000000303 -120.000000006514 -160 -160 -230.000000003274 -580.000000029269 -1330.00000003209 -2020.00000002278 -2270.00000001239 -2290.00000001984 -1870.00000001376 -1440.00000002613 -1680.00000001631 -2470.00000003414 -3030.00000002089 -3380.00000001335 -3289.99999998935 -3190.00000000271 -3019.99999999632 -2799.99999999262 -2629.99999999663 -2309.99999999663 -2570.00000000641 -2820.00000001353 -3030.00000001391 -3270.00000000267 -3509.9999999966 -3800.00000000378 -3619.99999997271 -2809.99999998215 -2249.99999999804 -1649.99999998047 -909.999999988086 -519.999999998363 -140.00000000303 -129.999999999579 -160 -129.999999999568
-89.9999999968168 -80 -120 -160 -149.999999999812 -39.9999999935767 29.9999999971806 119.999999999591 -140.000000003439 -140 -110.000000002797 -120 -90.0000000027853 -80 -90.0000000032628 -160 -190.000000003274 -300.00000000656 -450.000000012341 -720.000000001091 -1140 -839.999999998295 -650.0000000184 -990.000000020179 -1940.0000000175 -2640.00000001392 -3200.00000001332 -3309.99999999603 -3169.99999999299 -3009.99999999297 -2849.99999999363 -2729.99999999294 -2469.99999998921 -2360.00000002022 -2560.00000001351 -2940.00000001124 -3100.00000000376 -3400.00000000679 -3630.00000000718 -3870.0000000034 -3429.99999996091 -2409.99999996242 -2029.99999997082 -1419.99999995723 -909.999999975966 -339.999999980207 -160 -160 -140.000000003018
-129.999999996822 -70.0000000031832 -90.0000000001819 -110.000000002819 -90.0000000001933 -129.999999997192 -79.999999996993 -130.000000003638 -120 -80 -89.9999999967656 -89.9999999997669 -89.9999999997612 -80 -80 -100.000000003519 -149.999999999738 -180.000000003541 -559.99999999863 -1150.00000000028 -760.000000007884 -300.000000003007 -350.000000003303 -590.000000013534 -1370.00000003406 -2550.00000002148 -3050.00000001362 -3190.00000000268 -3139.99999999333 -3089.99999999666 -3009.99999999898 -2759.9999999926 -2519.99999998957 -2330.00000001525 -2579.99999999627 -2990.00000000786 -3180.00000000376 -3390.00000000716 -3560 -3790.00000001477 -3889.9999999996 -3249.99999996549 -2899.99999999644 -2799.99999996111 -2549.99999998406 -1769.99999995662 -989.999999944128 -439.9999999772 -160
-119.999999993656 -80 -189.999999994196 -100.000000003382 -89.9999999968054 -90.0000000032003 -99.9999999995793 -80 -80 -80 -80.0000000034617 -80 -70.0000000002444 -80 -80 -80 -120.00000000353 -250.000000007356 -1030.00000000383 -480.000000000722 -289.99999999971 -200 -200.000000002996 -420.00000001682 -1230.00000002865 -2090.00000002447 -2939.99999998972 -3170.00000000033 -3320 -3180.00000000463 -3079.99999998594 -2879.9999999933 -2569.99999998994 -2480.00000000745 -2690.00000000636 -2950.00000001011 -3090.00000000038 -3270.00000000416 -3600.00000000378 -3670.00000000339 -3920.0000000076 -3939.99999999401 -3939.99999998885 -3999.99999998802 -3739.99999998502 -3609.99999997773 -2899.99999997004 -2279.99999992101 -1199.99999995327
-579.999999982094 -789.999999984891 -1229.99999995946 -599.999999958817 -209.999999987449 -70.0000000002103 -80 -80 -89.9999999967883 -80 -60.0000000034617 -80 -80 -80 -70.0000000032457 -80 -140.00000000353 -480.000000001671 -970.000000000284 -599.999999989888 -319.999999986881 -249.999999997317 -199.999999994031 -330.000000004547 -1340.00000003386 -2040.00000000259 -3290.0000000106 -3239.99999999403 -3279.99999999403 -3259.99999998966 -3209.99999999965 -3029.99999999594 -2729.9999999952 -2539.99999999926 -2700.00000000747 -2960.00000000749 -3080.0000000105 -3400.00000000377 -3670.00000000338 -3730.0000000004 -3930.00000000339 -4210.00000000721 -4349.99999999575 -4369.99999999957 -4469.99999999658 -4349.99999999658 -4249.99999999149 -4029.99999997776 -3369.9999999601
-2429.99999997306 -2789.99999998158 -2439.9999999772 -1519.99999997202 -1039.99999995925 -249.999999978542 -120 -80 -69.999999996794 -80 -80 -80 -80 -70.0000000002615 -299.999999995123 -609.9999999865 -1209.99999998764 -1669.99999998188 -1119.99999998042 -1199.99999997978 -1969.99999997712 -2199.99999995838 -2729.99999996526 -2969.99999996167 -3239.99999997324 -3569.99999999802 -3409.99999998346 -3410.00000000697 -3440 -3389.99999999002 -3239.99999999262 -3029.99999999594 -2789.99999999368 -2579.9999999933 -2550.00000001601 -2890.00000001085 -3070.00000000634 -3370.00000000714 -3469.9999999996 -3470.00000001476 -3770.00000001777 -3990.00000001018 -4140.0000000136 -4110.00000000638 -4300.00000000682 -4350.00000000342 -4310.00000000342 -4299.99999999612 -4209.99999999954
-3289.99999999131 -3279.99999998024 -3079.99999995567 -2599.99999995601 -1859.99999999068 -1139.99999996521 -349.9999999713 -80 -80 -80 -69.9999999967883 -80 -80 -350.000000004832 -1289.99999999303 -2429.99999998547 -2809.99999998138 -2779.99999996922 -3109.99999998608 -3429.99999999498 -3669.99999998785 -3810.00000000452 -3920.00000000296 -3970.00000000032 -4030.00000000033 -3919.99999999637 -3769.99999998645 -3649.99999999007 -3569.99999999669 -3490.0000000026 -3359.99999999558 -3139.9999999963 -2879.99999998886 -2469.99999999666 -2440.00000001339 -2449.99999999665 -2820.00000001048 -3120.00000001427 -3409.99999999663 -3249.99999998442 -3090.00000000338 -3700.00000002414 -3950.00000000339 -3949.99999998893 -4010.00000001021 -4080 -4080 -4240.00000000776 -4249.99999999657
-3589.99999998681 -3869.99999999349 -3729.99999999094 -3459.99999997848 -2869.99999996467 -1889.99999998797 -1139.9999999868 -140.000000000477 -80 -80 -79.999999993588 -80 -390.00000000187 -1160.00000000513 -2400.0000000098 -3240.00000000352 -3429.99999999734 -3310.00000000325 -3520.00000000945 -3559.99999999644 -3540.00000000483 -3970.00000000749 -4039.9999999941 -4049.99999999967 -4009.99999999671 -3890.00000000329 -3859.99999999636 -3769.99999998714 -3579.99999999562 -3509.99999999964 -3300 -3120 -2850.00000000181 -2400.0000000014 -2490.00000003441 -2570.00000002025 -2920 -3100.00000000508 -3400.00000001853 -3429.99999999073 -3539.9999999979 -3590.00000001482 -3780.00000000383 -3900.00000000295 -3959.99999999615 -4030.0000000025 -4099.99999999797 -4150.00000000047 -4070.00000000637
-3969.99999998763 -4259.9999999937 -4169.99999999434 -3929.99999998714 -3229.99999999096 -2479.99999997509 -1849.99999998896 -1099.99999997013 -229.999999981617 -89.9999999968054 -80 -79.9999999970612 -1050.00000001236 -1790.00000000545 -3010.00000000844 -3450.00000000323 -3509.99999999442 -3499.99999999058 -3520 -3590.00000000094 -3729.99999999738 -3980 -4069.99999999967 -4089.9999999974 -3959.99999999638 -3899.99999999343 -3780.00000000364 -3669.99999999305 -3570.0000000033 -3370.00000000257 -3179.99999999925 -2920.00000000512 -2470.00000000317 -2169.99999998256 -2399.99999996688 -2489.99999999401 -2590.00000000923 -2890.00000000878 -2799.9999999895 -3120.00000000132 -3450.00000001685 -3040.00000005727 -3420.00000001763 -3550.0000000131 -3620.0000000156 -3630.00000001314 -3880.00000002043 -3930.00000000646 -3800.00000002645
-4369.99999999728 -4439.99999999664 -4389.99999999729 -4319.99999999414 -3839.99999997858 -3249.99999998172 -2429.99999999341 -1849.99999998704 -1019.99999998676 -589.999999972869 -469.999999975779 -889.999999996601 -1409.99999999205 -2300.00000001512 -2990.00000001667 -3300.00000000352 -3600.00000000646 -3809.99999999384 -3639.99999999122 -3709.99999999026 -4010.0000000026 -4000.00000000717 -4089.99999999674 -3959.99999999346 -3730.00000001583 -3550.00000001428 -3669.99999999821 -3400.00000002267 -3019.99999993918 -2379.99999997583 -1790.000000056 -2310.0000000084 -2339.99999999279 -2650.00000000784 -3000.00000001201 -3369.99999998413 -3510.00000000124 -3399.99999998452 -3220.00000000463 -3510.00000000336 -2729.9999999501 -2459.99999997862 -2610.00000000338 -2850.00000001802 -3110.00000001493 -3110.0000000199 -3570.00000001605 -3500.00000005072 -3620.00000004385
-4459.99999999708 -4599.99999999417 -4520 -4340.00000000245 -4309.99999999684 -3399.99999999027 -3059.99999998542 -2329.99999997196 -1879.99999998834 -1599.99999998834 -1649.9999999764 -1669.99999997112 -2269.9999999793 -2699.99999998834 -3030.00000000321 -3220.00000001991 -3460.00000000706 -3810.00000000614 -4120.00000000355 -3970.00000002527 -3960.00000000038 -3619.99999998676 -4099.99999999708 -3659.99999999056 -3659.99999997597 -3620.00000000655 -3580 -3440.00000000218 -3400.00000000217 -2479.99999991504 -1929.99999996367 -1619.99999998598 -1790.00000002691 -2990.00000000574 -3479.9999999979 -3859.99999999125 -3709.99999997788 -3529.99999999168 -3579.99999999536 -3130.00000003222 -3750.00000001768 -3919.99999997667 -3879.99999997576 -3769.99999999555 -3769.9999999811 -3339.99999997659 -3709.99999999464 -3809.9999999859 -3829.99999997327
-4589.99999999397 -4629.99999999687 -4720.00000000337 -4520.00000000434 -4420.00000000339 -4249.99999998713 -3719.99999998445 -3129.99999999736 -2959.9999999601 -2769.9999999921 -2649.99999998285 -2909.999999991 -2849.9999999968 -2970.0000000003 -3290.00000000381 -3610.00000000031 -3599.99999999584 -3970.00000000322 -4149.99999999387 -4120.00000000198 -4139.99999999777 -4110.00000000393 -4040.0000000029 -3929.99999999674 -3890.00000000617 -3699.99999998693 -3399.99999999562 -3379.99999999634 -3209.99999999671 -3089.99999999594 -2090.0000000128 -1910.00000000649 -2769.99999998959 -3370.00000000413 -3800.00000000456 -3980.00000000787 -3939.99999999829 -3840 -4099.99999999622 -3559.9999999904 -3529.99999999844 -3749.99999999555 -3969.99999999571 -3900.00000000767 -4080.00000000675 -4160 -4240.00000000097 -4619.99999999902 -4580.0000000029
-4800.00000000045 -4759.99999999421 -4740.00000000289 -4679.99999998455 -4559.99999999711 -4380.00000000102 -4259.99999998843 -4029.99999999105 -3379.99999999727 -3300.00000000512 -3210.00000000375 -3159.99999999305 -2990.00000001075 -3199.99999999421 -3540.00000000061 -3699.99999999773 -3850.00000000385 -4040.00000000065 -4170.00000000612 -4170.00000000034 -4119.99999999711 -4080 -4000.0000000036 -3939.99999999639 -3759.99999999276 -3669.99999999963 -3440.00000000718 -3279.99999999269 -3149.99999999672 -2879.99999999264 -2290.0000000025 -2689.99999999334 -3169.99999999255 -3510.00000001116 -3659.99999999916 -3600.00000001038 -3780.00000000462 -3980.00000001131 -4280 -4400 -4489.99999999285 -4159.99999998948 -4040.00000001353 -3330.00000002563 -3650.00000006601 -4380.00000001447 -4050.0000000284 -3339.99999998912 -2380.00000001825
-4890.00000000311 -4810.00000000312 -4840 -4840 -4689.99999999974 -4559.99999999083 -3720.00000001729 -3929.99999999918 -3740.00000000111 -3589.99999999626 -3300 -3069.99999999741 -3059.99999999015 -3250.00000000031 -3440.00000001629 -3750.00000000095 -3910.00000000674 -4070.00000000675 -4100.00000000288 -4100 -4050.00000000323 -4030.00000000253 -3979.99999999928 -3909.99999999964 -3769.99999999601 -3620.00000000288 -3429.99999999962 -3220.00000000211 -2929.99999999882 -2420.00000000417 -2499.9999999864 -3009.99999999916 -3320.00000003048 -3349.99999999754 -3650.00000000245 -3589.99999999957 -3799.9999999876 -4130.00000000066 -4340.00000000288 -4470.00000000045 -4480.0000000076 -4589.99999999386 -3979.99999997317 -2319.99999998274 -2740.00000001729 -2950.00000003029 -3120.00000001738 -2650.00000001579 -1119.99999998817
-4869.99999999689 -4880 -4859.99999999713 -4809.99999999451 -4680.00000000574 -4499.99999999372 -4340.00000000342 -3960.00000001204 -3639.99999998394 -3439.99999999713 -3319.99999999941 -3399.99999999713 -3159.99999998729 -3129.99999998883 -3260.00000000574 -3590.00000001949 -3940.0000000064 -4010.00000000321 -4069.99999999966 -4080 -4019.99999999713 -3999.99999999641 -3959.99999999927 -3839.99999999926 -3659.99999999638 -3419.99999999637 -3299.99999999845 -3049.99999999595 -2769.99999999514 -2760.00000000161 -2910.00000001271 -3049.99999998402 -3389.99999998859 -3410.00000000074 -3830.0000000013 -3930.00000000905 -4049.99999999846 -4369.99999999758 -4490.00000000332 -4580.00000000287 -4650.00000001094 -4949.99999999854 -4609.99999996222 -3039.99999995018 -2309.99999999573 -2279.99999998941 -2280.00000001448 -2119.99999999612 -859.999999995083
-4880 -4900.00000000286 -4840.00000000286 -4599.9999999948 -4699.99999999767 -4539.99999999374 -4469.999999994 -4469.99999999972 -4359.99999998798 -4129.9999999791 -3929.99999997216 -3709.99999999397 -3439.99999998794 -3389.99999999047 -3309.99999999396 -3260.00000000352 -3680.00000001211 -3920.0000000064 -3980.00000000286 -3980.00000000356 -3989.99999999964 -3940.00000000645 -3880 -3780.00000000286 -3649.99999999962 -3399.99999999637 -3190.00000000247 -2910.00000000452 -2830.0000000004 -3039.99999999918 -2690.00000001148 -3260.00000000572 -3460.00000000657 -3680.00000000459 -3799.99999999912 -3810.00000000813 -4030.00000000903 -4450.00000000708 -4520.00000000378 -4610.00000000239 -4720.0000000038 -5060.00000000381 -4879.99999998188 -3939.99999997984 -3089.99999999763 -3069.99999997162 -2579.99999998368 -2099.99999998938 -829.999999991695
-4869.99999999975 -4849.99999999974 -4849.99999999689 -4820.00000000623 -4809.99999999973 -4820 -4629.9999999963 -4549.99999999343 -4469.99999999745 -4469.9999999997 -4399.99999999369 -4239.99999998736 -3989.99999998196 -3869.99999998479 -3739.99999998795 -3549.99999999682 -3480.00000000421 -3680.00000000924 -3820.00000000285 -3849.99999999964 -3820.00000000285 -3779.99999999926 -3719.99999999925 -3680.00000000285 -3589.99999999961 -3319.99999999922 -3049.99999998582 -2789.99999999025 -2840.00000000897 -2729.99999999627 -2850.00000001233 -2820.00000000684 -3560.00000000941 -3780.0000000046 -3529.99999998639 -3869.9999999946 -4269.99999998815 -4370.00000001847 -4550.00000001372 -4660.00000000664 -4800 -4900.00000000285 -4869.99999998519 -3650.00000000334 -3769.99999997872 -3510.00000000639 -3019.99999998656 -2380.00000000078 -939.999999976637
