Prepped_data/Covariate_Data/PalaeoDEM/teyeo_DEM_1.asc
NCOLS 360 
NROWS 180 
XLLCORNER -180 
YLLCORNER -90 
CELLSIZE 1 
NODATA_value -9999 
[rows 96 to 119 of 180, columns 0 to 53 of 360]
-4920 -4920 -4920 -3160.00000001163 -1280.00000008503 -3040.00000005516 -4359.99999999181 -3599.99999999104 -2799.99999999437 -4200.00000000992 -4120 -4240.00000000026 -4279.99999999829 -2720.00000001954 -4520.00000000033 -4599.9999999962 -2520.00000000443 -4400.00000001338 -4760.00000000506 -4960 -4960.00000000236 -4920.00000000141 -4719.99999999912 -2680.00000005726 -4000.00000000291 -4040.00000001429 -3759.99999999912 -4759.99999999495 -4800.0000000019 -5079.99999999676 -4919.99999997977 -4999.99999998667 -4440.00000004516 -5080.00000002166 -5560.00000000537 -5520.00000000161 -5439.99999999727 -5040.00000001205 -4120.00000001694 -5520.0000000028 -5560 -5360.00000001045 -5200.00000000286 -4999.99999998465 -4959.9999999962 -4360.00000001984 -4400.00000000507 -4639.99999999322 -4479.99999999589 -4399.99999999698 -4039.99999996693 -3800.00000001038 -3759.99999999072 -3800.0000000256
-4920 -4920 -4920 -3680.00000001213 -3359.99999998639 -4479.99999999812 -4519.99999999956 -4439.99999999557 -1440.00000003992 -3679.99999998896 -3880.0000000061 -3800.0000000051 -1760.00000007697 -3839.99999999812 -4279.99999999967 -4400.0000000088 -4600.00000000638 -4639.9999999992 -4759.99999999958 -4879.99999999956 -4920 -4839.99999999764 -4760 -4559.99999996411 -4399.99999999889 -4039.9999999925 -880.000000114892 -1959.99999998749 -4879.9999999956 -5039.99999999947 -4160.0000000093 -4600.00000003308 -5120.0000000008 -5199.99999999695 -5240.00000001095 -5519.99999999732 -5200.00000000187 -3600.00000001245 -3120.00000001588 -5399.99999999535 -5559.99999999628 -5400.00000000564 -5279.99999999716 -5079.99999999901 -5120.00000000217 -4960.00000000789 -4639.9999999925 -4320.00000000591 -4440.00000000188 -4320 -4079.9999999951 -3800.00000000351 -2159.99999996231 -1560.00000001435
-4920 -4920 -4920 -4640.00000001138 -4960.00000001071 -3600.00000000977 -4400.00000000185 -4360.00000000168 -3639.99999999317 -3519.99999999815 -3200.0000000058 -3360.00000000238 -2640.00000000755 -3120.00000000341 -3800.00000000589 -4240.0000000008 -4200.00000000929 -4120.00000001283 -4480.0000000064 -4679.99999999956 -4760 -4760.00000000136 -4559.9999999874 -4759.99999999259 -1759.99999998661 -4240.00000000185 -2880.00000000755 -4479.99999999384 -4560.00000000065 -5040.00000000252 -4439.99999996875 -5680 -4920.00000001518 -5040.00000000741 -5440.00000000421 -5200.00000000741 -4920.00000000122 -3399.99999999529 -4440.00000001812 -5239.99999999994 -5520.00000000003 -5360.00000000836 -5279.99999999992 -5440.00000000259 -5559.99999998703 -5079.99999999608 -4800.00000000688 -4520.00000000293 -3920.00000000521 -3680.00000001185 -3759.99999999426 -3879.9999999958 -1640.00000004818 -1400.00000001413
-4920 -4920 -4920 -4319.99999999292 -5440.00000000497 -4559.99999999646 -3800.00000001978 -4080.00000000183 -3560 -2759.99999999826 -3160.00000000207 -3040.00000000392 -2600.00000000338 -3000.00000000031 -3640 -3399.99999999817 -3240.00000000033 -4039.99999999817 -4000.00000000942 -4400.00000000183 -4360.00000000183 -4480.00000000232 -4559.9999999951 -4400.00000000473 -3640.00000001934 -3120.00000001314 -4200.00000000183 -3040.00000003201 -4680.00000000248 -4919.99999999933 -4759.99999999609 -4800.0000000035 -5639.99999998824 -5559.99999998826 -5119.99999999974 -4959.99999998541 -5039.99999999185 -4719.99999999268 -4880.00000000016 -4840.00000001364 -5359.99999999722 -4960.00000000743 -5120.00000000376 -5439.99999999718 -5199.9999999935 -5200.00000000438 -5079.99999995596 -4879.99999999418 -4719.99999999927 -4280 -4159.99999999634 -3439.99999999634 -3839.99999999634 -2600.00000002804
-4920 -4920 -4920 -3440.00000000687 -5799.99999999407 -4839.99999999807 -4280.00000000195 -3760.00000000017 -3039.99999999703 -2639.99999999638 -2479.99999999867 -2440.00000000233 -2520.00000000124 -2839.99999999788 -3360.00000000033 -3319.9999999993 -3240.00000000256 -3879.99999999599 -4160.00000000181 -4200 -4240.00000000181 -4280.00000000181 -4240.00000000024 -4120.0000000002 -3959.99999999875 -4160.00000000123 -4199.99999999578 -2839.99999997664 -4520.00000000621 -4760.00000000067 -4799.999999995 -5519.99999998588 -5599.99999999893 -5280.00000001084 -5239.99999999018 -5200 -5000.00000000708 -4920.00000000181 -4360.00000000361 -4600.00000000001 -4800.00000000269 -5159.99999999733 -4880.00000000832 -4879.99999999901 -5160.0000000008 -5279.99999999586 -4960.00000000106 -4880.00000000108 -4800.00000000692 -4959.99999999526 -4680 -4519.99999999638 -3439.9999999941 -3959.99999999395
-4920 -4920 -4920 -2319.99999999512 -4719.99999999939 -3240.00000001023 -4359.99999999985 -3479.9999999943 -3200.00000000019 -2479.999999998 -2319.99999999822 -2200.00000000409 -2560.0000000015 -2520.00000000597 -2800.00000000244 -3320 -3560.00000000037 -3919.99999999821 -4120 -3920 -3960 -4040.00000000178 -4200 -4120 -3999.99999999699 -3920.00000000236 -3999.99999999759 -3159.99999997158 -4280.0000000073 -4799.99999999442 -4560.00000001676 -3720.00000000894 -5000.00000000714 -5199.99999998955 -5239.99999999922 -5199.99999999936 -4880 -4799.99999999907 -4439.99999999374 -4519.99999999107 -4440.00000001445 -3920.00000005531 -4719.99999999353 -4760.00000000099 -4840 -5079.99999999896 -4760.00000000463 -4800.00000000037 -4840.00000000441 -4959.99999998583 -4680.00000000178 -4639.99999999409 -4479.99999999404 -4320.00000000186
-4920 -4920 -4920 -4920 -4920 -5039.9999999869 -4359.99999999941 -3759.99999999034 -2959.99999999314 -2559.99999999583 -2000.00000000152 -2000.00000000176 -2160 -2480.00000000176 -2559.99999999967 -3200.00000000035 -3520.00000000113 -3920.00000000256 -4039.99999999958 -3999.99999999779 -3920 -3880 -4119.99999999897 -3960.00000001095 -4119.99999999768 -3639.99999999766 -3840.00000000468 -3920.00000001006 -1400.00000010317 -3359.99999998785 -4600.00000000459 -4880.00000004709 -5119.999999995 -5199.99999999595 -5159.99999999745 -5039.99999999501 -4840 -4999.9999999921 -4839.99999999825 -4600.00000000446 -4800.00000000176 -4959.99999999729 -4520.00000000915 -4840.00000000176 -4720.00000000277 -4719.99999999762 -4879.99999999894 -4760.00000000176 -4879.99999999647 -4719.99999999887 -4679.99999999089 -4599.99999999532 -4440.00000000534 -4479.99999999337
-4920 -4920 -4920 -4920 -4920 -4920 -4599.99999998664 -3919.99999999461 -2560.00000000522 -1880.00000000479 -1640.00000000372 -1800 -1920.00000000202 -2040.00000000031 -2519.99999999793 -3120.00000000141 -3720.00000000037 -4039.99999999826 -4040.00000000174 -4040 -4039.99999999779 -3880.00000000223 -3999.99999999949 -3919.99999999826 -4200.00000000348 -3760.00000000522 -3959.9999999988 -3560.00000000285 -4039.99999997302 -4240.00000000348 -4480.00000001008 -4599.99999997258 -5080.00000000496 -5079.99999999902 -4960.00000000348 -5080.00000000012 -4800.00000000174 -4560.00000000774 -4999.99999999216 -4999.99999999214 -5039.99999999816 -4920.00000000616 -4999.99999999459 -4919.99999999727 -4960 -4800.00000000103 -4879.99999997943 -4680.00000000108 -4680.00000000853 -4719.99999999601 -4559.99999999478 -4640.00000000174 -2920.0000000587 -4440.00000000052
-4920 -4920 -4920 -4920 -4920 -4920 -4920 -4920 -3399.99999999045 -1760.00000000751 -1680.00000000172 -1600 -1760.00000000172 -1920.00000000233 -2560.00000000548 -2879.99999999864 -4000.00000000247 -4120.00000000251 -4120 -4079.99999999828 -4040 -4119.99999999387 -3919.99999999777 -4000.00000000172 -4040 -4119.99999999142 -4239.99999999021 -4279.99999999687 -2239.99999999825 -4439.99999999724 -4559.99999999828 -4960.00000000486 -4960 -4960.00000000419 -4760.00000000078 -4920.00000000262 -4879.99999999657 -4759.99999999312 -4120.00000003019 -4839.99999999918 -4840.00000000264 -4920.00000000189 -5080.00000000268 -5159.99999999459 -4920.00000000273 -4839.99999999828 -4759.99999998984 -4759.99999997757 -4479.99999999853 -4639.99999999828 -4999.9999999519 -4439.99999999305 -4560.00000000343 -4479.99999999342
-4920 -4920 -4920 -4920 -4920 -4920 -4920 -4920 -4920 -4919.9999998611 -1399.99999999952 -1280 -1600.00000000169 -1840.00000000261 -2679.9999999905 -3240.00000000833 -3520.00000000471 -3840.00000000249 -4160.00000000508 -4039.99999998545 -4159.99999999737 -3839.99999999322 -3480.0000000117 -3839.99999999777 -3920.00000000283 -3920.00000000169 -3880.00000000689 -4240.00000000401 -4359.99999999586 -4120.00000000875 -4679.99999999692 -4680.00000000286 -4999.99999999587 -5120.00000000076 -4960.00000000078 -4680.0000000075 -4800.0000000093 -5040.00000000085 -4759.99999999218 -5080.00000000208 -4880.00000000077 -4880.00000000319 -5039.99999999903 -4919.99999999591 -4559.99999996344 -4959.99999999454 -4640.00000002265 -4559.9999999918 -4600.00000000634 -4880 -4720.00000001076 -4680 -4719.99999999661 -4600.00000000339
-4920 -4920 -4920 -4920 -4920 -4920 -4920 -4920 -4920 -4920 -4920 -4920 -1599.99999999637 -1880.00000000409 -2360 -2400 -3200.00000000856 -3440.00000000867 -3360.00000000545 -3880.00000001057 -3840.00000000594 -3480.00000000717 -3360.00000000014 -3520.00000000388 -3800.00000000334 -3839.99999999942 -3400.00000000227 -4040.00000000188 -4319.99999999703 -3839.99999998496 -3400.00000002825 -3239.99999994055 -5079.99999999778 -4999.9999999968 -5039.9999999943 -4560.00000000334 -4839.99999999834 -5079.99999999996 -5199.99999998814 -3440.00000003038 -4240.00000000385 -4680.00000000523 -4680.0000000117 -4600.00000001368 -4920.00000000537 -4880.0000000027 -4520.00000000167 -5080 -5079.99999999833 -4720.00000000726 -4839.99999998705 -4520.00000000718 -4679.99999999833 -4639.99999999711
-4920 -4920 -4920 -4920 -4920 -4920 -4920 -4920 -4920 -4920 -4920 -4920 -4920 -4919.99999985658 -1920.00000000363 -1960.0000000033 -2640.00000000225 -1999.99999998653 -3640.00000000785 -3839.99999999512 -2800.00000001387 -3599.99999999951 -3279.99999999835 -3080.00000000548 -3240.00000000274 -3720.00000000272 -3600.00000000105 -3760.00000000125 -4040.00000000294 -4480.00000000067 -4119.99999997909 -2999.99999992777 -4640.00000000773 -4880.00000001382 -4880.00000000895 -4999.99999999996 -5000.00000000165 -5159.9999999992 -5239.99999998398 -4719.99999996135 -4959.99999999743 -4840.00000001319 -4799.99999999846 -120.000000172758 -4799.99999995043 -4480.00000001564 -4360.00000002942 -4959.99999999187 -5040.00000000054 -3760.00000005946 -4200.00000000015 -4560.00000000516 -4639.9999999967 -4520.00000000494
-4920 -4920 -4920 -4920 -4920 -4920 -4920 -4920 -4920 -4920 -4920 -4920 -4920 -4920 -4920 -4920 -2440.00000000238 -2120.00000000329 -1960.00000000897 -2720.00000000828 -2680.00000000743 -2880.00000000114 -3000.00000000214 -2960 -3080.00000000163 -3559.99999999942 -3600 -3879.99999999675 -4079.99999999902 -4640 -4600.00000000488 -4799.99999997815 -4320.00000000635 -4680.00000000401 -5000.00000000247 -5079.99999998292 -5200.00000000169 -5280.00000000325 -5479.99999999837 -5320.00000000162 -3400.0000000589 -5039.99999999025 -5119.99999999455 -3519.99999996926 -400.000000033708 -4840.00000000443 -4760.00000002943 -4640.00000001461 -4920.00000000325 -4199.99999996461 -1920.00000003405 -3719.99999998121 -4280 -4559.99999998416
-4920 -4920 -4920 -4920 -4920 -4920 -4920 -4920 -4920 -4920 -4920 -4920 -4920 -4920 -4920 -4920 -4920 -4920 -4920 -7.53402673580837e-08 -2600.0000000016 -2640.0000000016 -2600.00000000321 -2799.99999999947 -2800.00000000056 -3119.99999999942 -3439.999999999 -3840.00000000125 -4560.0000000013 -4879.99999999799 -5119.99999999701 -2320.00000007421 -4520.00000000517 -5079.9999999919 -5360.00000000082 -5280.00000000561 -5160.00000000332 -5240.00000000576 -4960.00000001764 -5119.99999999981 279.999999889189 -4920.0000000016 -4839.99999999387 -4800.0000000031 -5080.00000001181 -4600.00000000471 -4520.00000001269 -4840.00000000488 -4560.00000000431 -4119.99999999488 -1759.99999997134 -2640.00000001048 -1399.99999999966 -3680.00000000879
-4920 -4920 -4920 -4920 -4920 -4920 -4920 -4920 -4920 -4920 -4920 -4920 -4920 -4920 -4920 -4920 -4920 -4920 -4920 -4920 -4920 -4920 -4920 -4919.99999993837 -2999.99999999321 -3239.99999999974 -3959.99999999925 -4959.99999999904 -5080.00000000065 -4959.99999999052 -2000.00000008363 -5159.99999997762 -4799.99999999115 -5040.00000000767 -2480.00000003769 -5040.00000001822 -4600.00000002611 -4920.00000000474 -4919.99999999368 -4920 -4920 -4920 -4920 -4920 -4920 -4759.99999999885 -5040.00000000579 -4880.00000000532 -4599.99999999416 -3279.99999998985 -3719.99999999009 -4239.99999999877 -4120.000000002 -4079.99999999818
-4920 -4920 -4920 -4920 -4920 -4920 -4920 -4920 -4920 -4920 -4920 -4920 -4920 -4920 -4920 -4920 -4920 -4920 -4920 -4920 -4920 -4920 -4920 -4920 -4920 -4920 -4920 -4920 -4920 -4920 -4920 -4920 -4920 -4920 -4920 -4920 -4920 -4920 -4920 -4920 -4920 -4920 -4920 -4920 -4920 -4920 -4920 -4920 -4920 -4920 -4919.99999997819 -4840.00000000546 -4919.99999999688 -2000.00000001025
-4920 -4920 -4920 -4920 -4920 -4920 -4920 -4920 -4920 -4920 -4920 -4920 -4920 -4920 -4920 -4920 -4920 -4920 -4920 -4920 -4920 -4920 -4920 -4920 -4920 -4920 -4920 -4920 -4920 -4920 -4920 -4920 -4920 -4920 -4920 -4920 -4920 -4920 -4920 -4920 -4920 -4920 -4920 -4920 -4920 -4920 -4920 -4920 -4920 -4920 -4920 -4920 -4919.99999997016 -4720.00000000095
-4920 -4920 -4920 -4920 -4920 -4920 -4920 -4920 -4920 -4920 -4920 -4920 -4920 -4920 -4920 -4920 -4920 -4920 -4920 -4920 -4920 -4920 -4920 -4920 -4920 -4920 -4920 -4920 -4920 -4920 -4920 -4920 -4920 -4920 -4920 -4920 -4920 -4920 -4920 -4920 -4920 -4920 -4920 -4920 -4920 -4920 -4920 -4920 -4920 -4920 -4920 -4920 -4920 -2280.00000000697
-4920 -4920 -4920 -4920 -4920 -4920 -4920 -4920 -4920 -4920 -4920 -4920 -4920 -4920 -4920 -4920 -4920 -4920 -4920 -4920 -4920 -4920 -4920 -4920 -4920 -4920 -4920 -4920 -4920 -4920 -4920 -4920 -4920 -4920 -4920 -4920 -4920 -4920 -4920 -4920 -4920 -4920 -4920 -4920 -4920 -4920 -4920 -4920 -4920 -4920 -4920 -4920 -4920 -4920
-4920 -4920 -4920 -4920 -4920 -4920 -4920 -4920 -4920 -4920 -4920 -4920 -4920 -4920 -4920 -4920 -4920 -4920 -4920 -4920 -4920 -4920 -4920 -4920 -4920 -4920 -4920 -4920 -4920 -4920 -4920 -4920 -4920 -4920 -4920 -4920 -4920 -4920 -4920 -4920 -4920 -4920 -4920 -4920 -4920 -4920 -4920 -4920 -4920 -4920 -4920 -4920 -4920 -4920
-4920 -4920 -4920 -4920 -4920 -4920 -4920 -4920 -4920 -4920 -4920 -4920 -4920 -4920 -4920 -4920 -4920 -4920 -4920 -4920 -4920 -4920 -4920 -4920 -4920 -4920 -4920 -4920 -4920 -4920 -4920 -4920 -4920 -4920 -4920 -4920 -4920 -4920 -4920 -4920 -4920 -4920 -4920 -4920 -4920 -4920 -4920 -4920 -4920 -4920 -4920 -4920 -4920 -4920
-4920 -4920 -4920 -4920 -4920 -4920 -4920 -4920 -4920 -4920 -4920 -4920 -4920 -4920 -4920 -4920 -4920 -4920 -4920 -4920 -4920 -4920 -4920 -4920 -4920 -4920 -4920 -4920 -4920 -4920 -4920 -4920 -4920 -4920 -4920 -4920 -4920 -4920 -4920 -4920 -4920 -4920 -4920 -4920 -4920 -4920 -4920 -4920 -4920 -4920 -4920 -4920 -4920 -4920
-4920 -4920 -4920 -4920 -4920 -4920 -4920 -4920 -4920 -4920 -4920 -4920 -4920 -4920 -4920 -4920 -4920 -4920 -4920 -4920 -4920 -4920 -4920 -4920 -4920 -4920 -4920 -4920 -4920 -4920 -4920 -4920 -4920 -4920 -4920 -4920 -4920 -4920 -4920 -4920 -4920 -4920 -4920 -4920 -4920 -4920 -4920 -4920 -4920 -4920 -4920 -4920 -4920 -4920
-4920 -4920 -4920 -4920 -4920 -4920 -4920 -4920 -4920 -4920 -4920 -4920 -4920 -4920 -4920 -4920 -4920 -4920 -4920 -4920 -4920 -4920 -4920 -4920 -4920 -4920 -4920 -4920 -4920 -4920 -4920 -4920 -4920 -4920 -4920 -4920 -4920 -4920 -4920 -4920 -4920 -4920 -4920 -4920 -4920 -4920 -4920 -4920 -4920 -4920 -4920 -4920 -4920 -4920
