Prepped_data/Covariate_Data/PalaeoDEM/teyen_DEM_0.5.asc
NCOLS 720 
NROWS 360 
XLLCORNER -180 
YLLCORNER -90 
CELLSIZE 0.5 
NODATA_value -9999 
[rows 308 to 329 of 360, columns 539 to 587 of 720]
-2869.99999999781 -2950.00000000892 -3079.99999999443 -3109.99999999663 -3079.99999998648 -2920 -2970.00000000959 -2819.99999998641 -2869.9999999966 -2899.99999999941 -2779.99999999552 -2860.00000001934 -2849.9999999954 -2829.99999999833 -3080.00000001828 -2889.99999998396 -3070.00000004306 -2779.99999997296 -2779.99999999425 -2860.00000000117 -3059.99999999482 -3099.99999999883 -3119.99999999824 -3169.99999999476 -3100.00000001862 -3300 -3169.99999999942 -3109.99999999298 -3020.00000001348 -3080.00000000587 -3019.99999999941 -3110.00000000412 -3130.00000000529 -3150.00000000471 -3100 -3049.99999999469 -3100.00000000771 -3240.00000000655 -3250.00000000591 -3049.99999999336 -2980.00000000293 -2850.0000000071 -2769.99999999933 -2690.00000000536 -2619.99999999513 -2489.99999999756 -2520.00000000841 -2500.00000000293 -2520.00000000176
-2869.99999999493 -2990.00000000049 -2840.00000000057 -2729.99999999047 -2610.00000000452 -2570.00000001243 -2450.00000000568 -2690.00000002374 -2820.00000000737 -2599.99999997393 -2039.99999999606 -2079.99999999662 -1909.99999998692 -1830.0000000074 -1849.99999999944 -2370.00000002005 -2279.99999997534 -3190.00000003332 -2919.99999998734 -2620.00000000749 -2810.00000001445 -2959.99999999885 -3080.00000001799 -3009.99999998956 -2989.99999999709 -2960.0000000023 -3070.00000000877 -2880.00000000988 -2750.00000000051 -2690.00000000352 -2679.99999999943 -2759.99999999943 -2790.00000000353 -2770.00000000354 -2769.99999998937 -2709.99999999165 -2619.99999999404 -2559.9999999946 -2569.99999999758 -2500.00000000714 -2400.0000000023 -2320.0000000023 -2270.00000000646 -2290.00000001193 -2370.0000000036 -2419.99999999508 -2409.99999999868 -2420.00000000724 -2439.99999999447
-3930.00000000391 -3860.00000000056 -3860 -3619.99999996581 -3159.99999996966 -2549.99999998144 -2450.00000000282 -2069.99999997687 -2059.99999998813 -1660.00000000394 -1609.99999999261 -1479.99999998806 -1470.00000000454 -1669.99999999433 -1530.00000000286 -1720.00000001203 -2180.00000001093 -2319.99999999325 -2650.00000000978 -2770.00000000176 -2760.00000001384 -3010.00000001096 -3190.00000001735 -3400.00000000225 -3169.99999997732 -2830.00000001046 -2779.99999998186 -2510.00000000575 -2620.00000000056 -2580.00000000702 -2840.00000002419 -2930.00000000352 -3009.99999999704 -3099.99999998587 -3129.99999999646 -3019.99999999347 -2929.99999999589 -2789.99999999046 -2739.99999999344 -2800.00000001427 -2859.99999999398 -2720 -2629.99999999642 -2419.99999998015 -2360.00000000606 -2339.99999997401 -2270.00000001138 -2329.99999998973 -2530.00000000418
-4339.99999999387 -4370.0000000028 -4349.9999999972 -4360.00000000671 -4279.99999999107 -4239.99999999669 -4169.99999999442 -3679.99999999559 -3359.99999999323 -2189.99999979102 -1429.99999999881 -1249.99999999715 -1380.00000000496 -1260.00000000386 -1580.00000001941 -2019.99999999536 -1980.0000000291 -2409.99999998201 -2210.0000000051 -2410.00000000041 -2629.9999999935 -2850.00000002366 -3090.00000000402 -2959.99999998998 -2669.99999998703 -2459.99999998828 -2610.00000000991 -2750.00000000404 -2870.00000000939 -2910.00000000461 -3100.00000001775 -3300.00000000593 -3340.00000000759 -3269.99999999758 -3120 -3000.0000000011 -2799.99999999835 -2819.9999999847 -2570.00000001337 -2779.99999999288 -2649.9999999893 -2580.00000000604 -2449.99999999092 -2229.99999999145 -1919.99999999392 -2040.00000001328 -2149.99999999695 -2230.00000000195 -2240.00000000612
-4709.99999999289 -4729.99999999288 -4549.99999998111 -4279.99999998205 -3809.99999998113 -2549.99999994883 -1920.00000000648 -1349.99999995453 -939.999999938893 -1169.99999998578 -769.999999997689 -760.00000000162 -549.999999997138 -269.999999978846 -370.000000017607 -700.000000015837 -1210.00000001675 -1560.00000001912 -1539.99999999475 -1329.99999999818 -1530.00000001724 -2030.00000000453 -2199.99999997611 -2180.00000000054 -2109.99999999969 -2610.00000002426 -2679.9999999979 -2600.00000001984 -2980.00000000108 -3060.00000000808 -3070.00000001105 -3160.00000000054 -3060.00000001406 -3249.9999999981 -2979.99999999565 -2820.00000000108 -2770.0000000057 -2579.99999998852 -2319.99999998742 -2180.00000000765 -2130.00000000518 -1870.00000003102 -1969.99999999913 -2120.0000000077 -1829.99999999858 -1809.99999999749 -1740.00000002157 -1870.0000000108 -1960.00000002218
-2829.99999998494 -2600.00000001334 -2569.9999999921 -2109.99999996198 -1500.0000000104 -1540.00000000053 -1030.00000000888 -1019.99999997913 -909.999999995973 -749.999999986161 -560.000000002643 -480.000000000529 -390.000000008075 -410.000000002345 -399.999999994242 -269.999999995001 -480.000000005781 -610.000000004459 -729.99999998918 -1110.00000000767 -880.000000001586 -940.000000014848 -1050.00000001142 -970.000000024741 -1160.00000000851 -1330.00000000611 -1489.9999999997 -1460.00000003482 -1509.99999998679 -1350.00000000508 -1620.0000000301 -1789.9999999916 -1860.0000000037 -2180.00000002585 -2279.9999999787 -2050.00000000776 -2040.00000000211 -1900.0000000037 -1870.0000000046 -1580.00000000264 -1600.00000001792 -1170.00000000173 -1319.99999995376 -1179.99999998544 -1170.00000001232 -1129.99999999295 -1140.00000000159 -919.999999997038 -1170.00000002626
-2410.00000000332 -2300.00000000362 -1939.99999991493 -1729.9999999253 -979.999999990791 -760.000000013966 -310.000000001816 -259.999999989654 -279.999999996885 -240.000000000517 -310.000000005966 -119.999999995299 -79.9999999932186 30.0000000039137 70.0000000102062 89.9999999965922 -119.999999996794 -190.00000000704 -280.000000027399 -180.000000001035 -159.999999994162 -360.000000007918 -329.999999999139 -470.00000001036 -780.00000000847 -960.000000014893 -990.000000004505 -1130.00000001198 -1089.99999999807 -949.999999998582 -1079.99999998318 -1010.00000002604 -1280.00000000908 -1360.00000000857 -1279.99999998852 -1060.00000001615 -1109.99999998495 -999.99999998949 -809.999999998013 -620.000000008123 -470.000000005102 -429.999999999548 -640.000000005571 -860.000000034635 -679.99999998933 -459.999999960681 -600.000000019952 -639.99999999489 -510.00000001389
-840.000000014728 -329.999999999207 -189.999999991533 -149.999999997678 -89.9999999971663 -80.0000000005059 -80 -99.9999999932868 -50.0000000095809 -159.999999999494 -80.0000000005059 -70.0000000033793 -29.999999996615 59.9999999994941 129.999999995592 69.999999996092 10.00000000189 210.000000002402 430.000000009246 379.999999991633 259.999999998482 139.999999998482 130.000000002936 69.9999999827622 -70.0000000108656 -270.000000004977 -470.000000017829 -689.999999998047 -619.999999994566 -480.000000011903 -450.000000002476 -489.999999991545 -409.999999998019 -420.000000014018 -359.999999993992 -189.999999997496 -189.999999992977 -100.00000000253 40.0000000040302 110.000000002021 340.000000005065 330.000000001526 250.000000002544 -179.999999998482 -100.000000006122 -239.999999994878 19.9999999856868 -40 -200.000000007685
-329.999999991056 -169.999999997672 -160.000000000989 -119.999999999505 -120.000000005679 -120 -120.000000000495 -129.999999990442 -39.9999999942759 -40.0000000004945 -69.999999996632 -49.9999999966263 20.0000000047805 79.9999999990109 130.000000002896 250.000000008706 390.000000001918 550.000000009234 579.999999999011 560.000000000495 439.999999993645 430.00000000343 359.999999999505 309.999999982791 289.999999995563 299.999999993588 250.00000000247 69.9999999831715 -120.000000001978 -139.999999995521 -150.000000004965 -190.000000003982 -370.000000004977 -140 -40.0000000070088 90.0000000015319 119.999999992968 270.000000009575 370.000000009592 470.000000004027 529.999999995967 500 449.999999995956 250.000000002566 229.999999989316 129.999999996928 -9.99999999741647 -10.0000000097458 20.0000000133468
40.0000000132218 79.9999999943441 -9.99999999668318 20.0000000004832 -4.83169060316868e-10 89.9999999966661 89.9999999961773 109.999999989964 160.000000005736 59.9999999985505 140.000000003826 59.999999993264 60 240.000000006276 490.000000007739 490.000000003874 450.000000003396 480.000000006804 570.000000003408 570.000000003413 530.000000003419 569.999999998025 639.999999999517 690.000000003919 719.999999993116 650.000000001998 509.999999995097 389.999999987691 299.999999999034 330.000000002021 259.999999986579 139.99999999207 110.000000002521 190.00000000301 159.999999999517 160.000000000483 160.000000001449 139.999999994901 60.0000000004832 29.9999999979224 -10.0000000020833 -59.9999999980673 1.44950895730744e-09 -60.0000000061334 -49.999999988367 -69.9999999969219 -149.999999989782 -29.999999995461 80.0000000081229
240 229.999999997166 189.999999997161 210.000000003317 229.999999997149 199.999999999056 269.999999996194 310.000000002396 320.000000011494 529.999999989947 429.9999999957 340.00000001109 430.000000000065 640.000000006747 729.999999999451 409.999999991732 259.999999994634 200.000000000472 200 290.000000003408 359.999999999528 399.999999994105 489.999999996575 479.999999994083 500.000000000472 570.000000003914 489.999999997024 470.000000003453 470.000000003459 479.999999993071 609.999999997002 489.99999999558 289.999999990027 229.999999996984 160.000000006042 199.999999999528 120 -9.99999999696172 -150.000000003516 -189.999999996007 -259.999999999056 -289.999999996467 -269.999999996461 -310.000000003072 -300 -209.999999997388 -100.000000006651 -99.9999999923943 -69.9999999959556
130.000000003754 240 210.000000003305 190.000000003772 260.00000000046 260.000000006185 310.000000008603 400.000000005747 409.999999997581 380 379.999999993759 530.000000004738 479.999999988392 260.000000002302 350.000000004755 320.00000000046 210.000000003845 199.99999999954 189.999999997064 230.000000002942 330.000000003408 369.999999997507 360.00000000046 370.000000004346 269.999999998411 149.999999998866 89.9999999997811 40.0000000027626 -29.999999994705 39.9999999958447 90.0000000048459 109.999999997451 120.000000006952 109.999999990476 89.9999999969731 49.9999999969674 69.9999999908851 -1.30967237055302e-08 -90.00000000351 -240.00000000046 -270.000000003982 -249.9999999908 -250.000000003993 -229.999999996922 -169.999999990749 -119.999999993821 -179.99999999954 -149.999999989777 -109.999999996893
60.0000000127045 230.000000002396 379.999999999551 430.000000002407 490.000000002413 499.999999999551 489.999999990482 390.000000009535 159.999999987114 -49.9999999953132 -130.000000002447 -460.000000022317 -699.999999998204 -579.999999992377 -410.00000000247 -119.999999993253 70.0000000029303 240.000000012642 490.000000002493 399.999999987313 440 299.999999987267 -10.0000000084441 -179.999999998653 -330.000000001629 -470.000000008046 -759.999999998204 -699.999999991769 -579.999999998653 -539.999999998653 -359.999999993082 -179.999999992622 -90.0000000030212 -20.0000000004491 -80 -110.000000009564 -119.999999999102 -120.000000006099 -190.000000002606 -290.000000002163 -299.999999999551 -200 -149.999999996024 -190.000000002186 -259.999999998653 -269.999999989367 -160 -200.000000006213 -250.000000003112
549.99999999059 480.00000001184 580.00000000615 730.000000002862 670.000000002868 609.999999997127 369.999999997121 309.99999999624 269.999999990015 189.999999991749 -50.0000000029018 -290.000000018039 -700.000000008453 -779.9999999892 -650.000000002925 -259.999999987841 -9.99999999031672 190.0000000097 380.000000013102 299.999999993219 240.000000000438 229.999999996598 99.9999999868066 -180.000000000875 -349.999999991931 -429.999999998326 -590.00000001759 -720.000000001751 -579.999999995742 -459.999999994856 -289.999999990953 -99.9999999935199 40.0000000056161 80 110.000000003038 79.9999999930367 -70.0000000030496 -160.000000005673 -300.000000013557 -289.999999996933 -270.000000002635 -249.999999996484 -260 -240.000000007492 -220.000000001313 -230.000000003539 -330.000000002231 -389.99999999645 -390.000000003556
720.000000006554 769.999999997144 660.000000000426 589.999999997132 540.000000000426 500 490.000000004164 409.999999997536 249.999999990459 69.9999999966718 50.0000000024812 70.0000000037659 90.000000009183 -90.0000000109054 -249.999999997922 -149.99999999749 -80.0000000004263 -29.999999997479 100.000000000426 129.999999997041 180 129.999999996604 160.000000006378 130.000000002981 49.9999999957339 99.9999999995737 90.0000000021458 39.9999999991473 -8.5265128291212e-10 49.9999999952791 69.9999999952735 59.9999999995737 100 149.999999995683 150.000000003044 109.999999989998 40 -19.9999999995737 -80.0000000008527 -100 -149.999999990339 -99.9999999934061 -110.000000009695 -250.000000002669 -410.000000001396 -419.999999992508 -429.999999990237 -380.000000000426 -379.999999999574
570.000000003271 630.000000009416 689.999999997132 589.999999997542 449.999999979431 189.999999991346 60.0000000008299 -10.0000000024812 60.0000000070486 79.9999999941849 80 40.0000000125056 49.9999999908113 50.0000000025153 50.000000002936 50.0000000033566 50.0000000029473 50.0000000025381 70.0000000029587 90.0000000025494 120.000000006355 139.999999993634 110.000000009774 160.000000006389 149.999999997007 180.000000005997 169.999999996581 160.000000006435 180.000000006446 180 160 149.999999996552 130.000000003453 160 129.999999996535 120.000000006526 120.000000006122 90.0000000026517 49.9999999965126 50.0000000026631 9.99999999650129 -120.000000006594 -270.00000001053 -349.999999997314 -379.999999993787 -420.000000007054 -419.999999993349 -419.999999999585 -419.999999993742
299.999999995083 259.999999995879 60.0000000016144 -110.000000002879 -169.999999996712 -30.0000000028905 -30.0000000032998 -50.0000000020947 -179.999999993378 -189.999999990453 -49.9999999900325 30.0000000033282 49.9999999966661 70.0000000033395 50.0000000033452 60.0000000004036 70.0000000092626 79.999999993679 89.9999999962284 139.999999993656 150.000000002976 120 130.000000002987 140.000000000404 190.000000003402 160 170.000000003413 160 189.999999996575 170.00000000343 139.999999993531 130.000000003845 129.999999996956 130.000000003453 100.000000000404 90.0000000034646 69.9999999969333 -30.0000000030724 -89.9999999957112 -130.000000014612 -199.999999992207 -169.999999996098 -109.999999997303 -110.000000010127 -129.999999997291 -160.000000007043 -200 -370.000000003533 -389.999999990192
169.99999999674 40 -60.0000000057582 -149.999999995939 -230.000000007887 -299.999999993815 -279.999999993804 -159.999999993793 10.0000000029132 89.9999999959044 170.000000008774 220.000000005076 269.999999996672 219.999999993724 209.999999996268 199.999999999608 140.000000000392 120 109.99999999703 129.999999997024 120 120 140.000000000392 160 150.000000003396 160 160 160 150.000000003027 130.000000003425 110.00000000343 89.999999996956 50.0000000034419 20.0000000003922 -19.9999999996078 -150.000000003459 -370.000000015754 -469.99999999653 -509.999999996132 -490.000000003482 -499.999999999608 -449.999999996115 -289.999999995717 -159.999999999608 -130.000000002726 -190.000000003908 -229.999999997655 -260.000000000392 -219.999999999216
249.999999996746 79.99999999348 -80.0000000007617 -230.000000004033 -260.000000001143 -179.999999989154 -140.000000000381 6.58815224596765e-09 110.000000009138 260 339.999999993759 369.999999997064 389.999999996678 380 260.000000000381 179.999999993702 129.999999997416 80 60.0000000003809 -50.0000000089443 -29.9999999958703 -19.9999999988574 50.0000000037602 70.0000000045276 -50.0000000022482 29.9999999977462 40.0000000003809 69.9999999969731 70.0000000034134 99.9999999935426 59.9999999942929 29.9999999969503 -6.11066752753686e-09 -170.000000002299 -319.999999999238 -440.000000005764 -530.000000002697 -590.000000003084 -599.999999999619 -649.999999996905 -610.000000003101 -529.9999999903 -379.999999993395 -239.999999993383 -149.999999989868 -150.000000003129 -139.999999999619 -260.000000000381 -340.000000000762
389.999999996751 360 249.99999999674 219.999999999631 150.000000002902 109.999999996353 110.000000002913 160.000000005838 179.999999999631 260.00000000623 320 360 340.000000000369 279.999999993724 240 169.999999997036 49.9999999966604 -59.9999999996305 -190.000000003351 -280 -379.999999999261 -490.000000002629 -510.000000003374 -490.000000002271 -579.999999992122 -539.999999998892 -560.000000005315 -569.999999995859 -589.999999995114 -599.999999998153 -650.000000001572 -669.999999995467 -760.000000004644 -839.999999998892 -839.999999998891 -899.999999998522 -959.999999999261 -979.999999999261 -939.99999999963 -849.999999996899 -779.999999986466 -619.999999999261 -329.999999989907 -229.999999996507 -169.999999996871 -99.9999999937302 -50.0000000035101 -70.0000000038852 -99.999999993696
409.999999997115 400 329.999999996746 260 240 250.000000003271 260.000000000358 300.000000000358 269.999999996712 330.000000002936 330.000000002942 320 320 320 289.999999997036 280.00000000594 189.999999996666 120 49.9999999962967 -110.000000003709 -250.000000004073 -390.000000004079 -500.000000006736 -600.000000000358 -650.000000003379 -730.000000003027 -780.000000000358 -840.000000006077 -970.000000009132 -1049.99999999659 -1059.99999999964 -1070.00000000342 -1109.99999999693 -1090.00000000343 -1079.99999999964 -969.999999990749 -959.999999993821 -1040.00000000072 -1029.99999999654 -939.999999993429 -930.00000000347 -860 -709.999999996876 -549.999999990254 -389.999999996507 -199.999999993003 -39.9999999929912 80.0000000007162 200.000000000358
469.999999997109 429.999999997104 409.999999997098 339.999999994185 280 259.999999993815 249.999999996729 259.999999999653 249.999999997064 320 349.999999997053 320 320 320 320 320 269.999999996672 250.000000002987 240 219.999999993656 139.999999993645 50.0000000030099 -20.0000000006935 -130.000000004061 -190.000000010468 -320.00000000104 -500.000000001387 -680.000000008862 -829.999999997644 -900.000000007844 -950.000000003754 -930.00000000376 -859.999999994202 -829.999999997962 -699.999999993832 -660.000000000347 -700.000000000693 -830.000000010689 -919.999999993787 -899.999999993776 -869.999999996535 -910.000000002777 -829.999999989919 -719.999999993037 -569.999999996166 -449.999999989521 -309.999999995461 -259.999999985289 -230.000000001776
