Prepped_data/Covariate_Data/PalaeoSed/teyep_sed_0.5.asc
NCOLS 720 
NROWS 180 
XLLCORNER -180 
YLLCORNER 0 
CELLSIZE 0.5 
NODATA_value -3.4e+38 
[rows 29 to 57 of 180, columns 325 to 389 of 720]
551 551 551 551 531 468 468 531 531 493 477 498 474 -3.4e+38 -3.4e+38 -3.4e+38 -3.4e+38 -3.4e+38 -3.4e+38 -3.4e+38 -3.4e+38 -3.4e+38 -3.4e+38 -3.4e+38 -3.4e+38 -3.4e+38 -3.4e+38 -3.4e+38 -3.4e+38 -3.4e+38 -3.4e+38 -3.4e+38 -3.4e+38 -3.4e+38 -3.4e+38 -3.4e+38 -3.4e+38 -3.4e+38 -3.4e+38 -3.4e+38 -3.4e+38 -3.4e+38 -3.4e+38 -3.4e+38 -3.4e+38 -3.4e+38 -3.4e+38 -3.4e+38 -3.4e+38 -3.4e+38 -3.4e+38 -3.4e+38 -3.4e+38 -3.4e+38 -3.4e+38 -3.4e+38 -3.4e+38 -3.4e+38 -3.4e+38 -3.4e+38 -3.4e+38 -3.4e+38 -3.4e+38 -3.4e+38 -3.4e+38
551 551 551 551 531 531 531 531 531 493 496 498 488 488 502 510 517 -3.4e+38 -3.4e+38 -3.4e+38 -3.4e+38 -3.4e+38 -3.4e+38 -3.4e+38 -3.4e+38 -3.4e+38 -3.4e+38 -3.4e+38 -3.4e+38 -3.4e+38 -3.4e+38 -3.4e+38 -3.4e+38 -3.4e+38 -3.4e+38 -3.4e+38 -3.4e+38 -3.4e+38 -3.4e+38 -3.4e+38 -3.4e+38 -3.4e+38 -3.4e+38 -3.4e+38 -3.4e+38 -3.4e+38 -3.4e+38 -3.4e+38 -3.4e+38 -3.4e+38 -3.4e+38 -3.4e+38 -3.4e+38 -3.4e+38 -3.4e+38 -3.4e+38 -3.4e+38 -3.4e+38 -3.4e+38 -3.4e+38 -3.4e+38 -3.4e+38 -3.4e+38 -3.4e+38 -3.4e+38
551 551 551 551 792 531 531 552 552 552 532 542 543 591 591 591 517 574 575 -3.4e+38 -3.4e+38 -3.4e+38 -3.4e+38 -3.4e+38 -3.4e+38 -3.4e+38 -3.4e+38 -3.4e+38 -3.4e+38 -3.4e+38 -3.4e+38 -3.4e+38 -3.4e+38 -3.4e+38 -3.4e+38 -3.4e+38 -3.4e+38 -3.4e+38 -3.4e+38 -3.4e+38 -3.4e+38 -3.4e+38 -3.4e+38 -3.4e+38 -3.4e+38 -3.4e+38 -3.4e+38 -3.4e+38 -3.4e+38 -3.4e+38 -3.4e+38 -3.4e+38 -3.4e+38 -3.4e+38 -3.4e+38 -3.4e+38 -3.4e+38 -3.4e+38 -3.4e+38 -3.4e+38 -3.4e+38 -3.4e+38 -3.4e+38 -3.4e+38 -3.4e+38
792 792 792 792 792 792 792 792 792 552 555 -3.4e+38 591 591 591 591 591 591 576 786 786 566 556 557 558 -3.4e+38 -3.4e+38 -3.4e+38 -3.4e+38 -3.4e+38 -3.4e+38 -3.4e+38 -3.4e+38 -3.4e+38 -3.4e+38 -3.4e+38 -3.4e+38 -3.4e+38 -3.4e+38 -3.4e+38 -3.4e+38 -3.4e+38 -3.4e+38 -3.4e+38 -3.4e+38 -3.4e+38 -3.4e+38 -3.4e+38 -3.4e+38 -3.4e+38 -3.4e+38 -3.4e+38 -3.4e+38 -3.4e+38 -3.4e+38 -3.4e+38 -3.4e+38 -3.4e+38 -3.4e+38 -3.4e+38 -3.4e+38 -3.4e+38 -3.4e+38 -3.4e+38 -3.4e+38
792 792 792 792 792 792 792 792 792 -3.4e+38 -3.4e+38 -3.4e+38 -3.4e+38 624 794 794 786 786 786 786 786 795 795 681 681 765 683 701 -3.4e+38 -3.4e+38 -3.4e+38 -3.4e+38 779 780 780 626 -3.4e+38 -3.4e+38 -3.4e+38 -3.4e+38 -3.4e+38 -3.4e+38 -3.4e+38 -3.4e+38 -3.4e+38 -3.4e+38 -3.4e+38 -3.4e+38 -3.4e+38 -3.4e+38 -3.4e+38 -3.4e+38 -3.4e+38 -3.4e+38 -3.4e+38 -3.4e+38 -3.4e+38 -3.4e+38 -3.4e+38 -3.4e+38 -3.4e+38 -3.4e+38 -3.4e+38 -3.4e+38 -3.4e+38
792 792 792 792 792 792 792 792 800 -3.4e+38 -3.4e+38 784 -3.4e+38 801 794 794 794 786 786 786 786 795 795 681 681 765 683 701 702 726 759 779 779 780 780 780 780 668 674 812 812 812 671 -3.4e+38 -3.4e+38 -3.4e+38 -3.4e+38 -3.4e+38 -3.4e+38 -3.4e+38 -3.4e+38 -3.4e+38 -3.4e+38 -3.4e+38 -3.4e+38 -3.4e+38 -3.4e+38 -3.4e+38 -3.4e+38 -3.4e+38 -3.4e+38 -3.4e+38 -3.4e+38 -3.4e+38 -3.4e+38
742 743 723 724 792 792 792 800 800 800 713 784 -3.4e+38 801 801 801 794 794 794 786 786 786 795 765 765 765 765 701 702 726 759 760 779 780 780 780 780 780 812 812 812 812 727 728 714 731 733 -3.4e+38 -3.4e+38 -3.4e+38 -3.4e+38 -3.4e+38 -3.4e+38 -3.4e+38 -3.4e+38 -3.4e+38 -3.4e+38 -3.4e+38 -3.4e+38 -3.4e+38 -3.4e+38 -3.4e+38 -3.4e+38 -3.4e+38 -3.4e+38
878 -3.4e+38 926 926 926 926 926 926 800 800 809 784 785 801 801 801 794 794 794 786 786 786 795 765 765 765 819 821 823 835 836 836 779 780 780 780 780 812 812 812 812 812 812 812 847 847 847 766 796 797 -3.4e+38 -3.4e+38 -3.4e+38 -3.4e+38 -3.4e+38 -3.4e+38 -3.4e+38 -3.4e+38 -3.4e+38 -3.4e+38 -3.4e+38 -3.4e+38 -3.4e+38 -3.4e+38 -3.4e+38
1046 1046 1046 926 926 926 926 926 926 926 809 1286 1286 879 901 905 906 908 909 881 883 885 948 948 833 817 819 821 824 825 836 970 810 826 828 839 856 857 812 812 812 812 812 847 847 847 847 847 847 -3.4e+38 -3.4e+38 -3.4e+38 -3.4e+38 -3.4e+38 -3.4e+38 -3.4e+38 -3.4e+38 -3.4e+38 -3.4e+38 -3.4e+38 -3.4e+38 -3.4e+38 -3.4e+38 -3.4e+38 -3.4e+38
1046 1046 1046 1046 1046 1046 926 926 926 1286 1286 1286 1286 927 901 904 905 908 -3.4e+38 881 -3.4e+38 886 948 949 -3.4e+38 -3.4e+38 -3.4e+38 -3.4e+38 -3.4e+38 -3.4e+38 -3.4e+38 970 -3.4e+38 -3.4e+38 -3.4e+38 -3.4e+38 -3.4e+38 -3.4e+38 -3.4e+38 -3.4e+38 -3.4e+38 889 -3.4e+38 -3.4e+38 -3.4e+38 -3.4e+38 -3.4e+38 -3.4e+38 -3.4e+38 -3.4e+38 -3.4e+38 -3.4e+38 -3.4e+38 -3.4e+38 -3.4e+38 -3.4e+38 -3.4e+38 -3.4e+38 -3.4e+38 -3.4e+38 -3.4e+38 -3.4e+38 -3.4e+38 -3.4e+38 -3.4e+38
1046 1046 1046 1046 1046 1046 1046 1300 1286 1286 1286 1286 1286 963 -3.4e+38 -3.4e+38 988 965 -3.4e+38 -3.4e+38 967 946 947 948 950 952 1082 1047 -3.4e+38 968 -3.4e+38 970 971 972 996 -3.4e+38 998 -3.4e+38 -3.4e+38 -3.4e+38 -3.4e+38 -3.4e+38 -3.4e+38 -3.4e+38 -3.4e+38 -3.4e+38 -3.4e+38 -3.4e+38 -3.4e+38 954 -3.4e+38 -3.4e+38 -3.4e+38 -3.4e+38 -3.4e+38 -3.4e+38 -3.4e+38 -3.4e+38 -3.4e+38 -3.4e+38 -3.4e+38 -3.4e+38 -3.4e+38 -3.4e+38 -3.4e+38
1285 1285 1285 1212 1263 1300 1300 1300 1286 1286 1286 1286 1328 1301 1287 1081 1364 1364 -3.4e+38 -3.4e+38 -3.4e+38 1303 1303 3120 3120 1082 1083 -3.4e+38 -3.4e+38 1291 1214 1115 1215 1497 1497 1497 1497 1497 1437 1116 -3.4e+38 -3.4e+38 -3.4e+38 1169 1416 1071 1417 1122 -3.4e+38 -3.4e+38 -3.4e+38 -3.4e+38 -3.4e+38 -3.4e+38 -3.4e+38 -3.4e+38 -3.4e+38 -3.4e+38 -3.4e+38 -3.4e+38 -3.4e+38 -3.4e+38 -3.4e+38 -3.4e+38 -3.4e+38
1285 1434 1285 -3.4e+38 1299 1300 1300 1486 1486 1486 1286 1286 1328 1301 1376 1363 1364 1288 1302 1330 1331 1333 1303 3120 3120 3120 3120 1304 1305 1365 3120 3120 1497 1497 1497 1497 1497 1497 1437 1306 1292 1267 1438 1438 1416 1268 1417 1560 1307 1308 1309 1356 1366 1366 1366 1335 1367 -3.4e+38 -3.4e+38 -3.4e+38 -3.4e+38 -3.4e+38 -3.4e+38 -3.4e+38 -3.4e+38
1434 1434 1362 -3.4e+38 -3.4e+38 1387 1486 1486 1486 1486 1486 1486 1486 1486 1376 1388 3120 3120 3120 3120 3120 3120 3120 3120 3120 3120 3120 1404 1404 1365 3120 3120 1497 1497 1497 1497 1497 1437 1448 1448 1463 1391 1427 1438 1438 1417 1560 1560 1560 1560 1805 1805 1805 1805 1805 1367 1377 1378 1379 -3.4e+38 -3.4e+38 -3.4e+38 -3.4e+38 -3.4e+38 -3.4e+38
1434 1426 -3.4e+38 1474 1476 1476 1476 1486 1486 1486 1486 1486 1486 1486 1486 3120 3120 3120 3120 3120 3120 3120 3120 3120 3120 3120 3120 3120 3120 3120 3120 3120 3120 1497 1497 1497 1497 1437 1448 1448 1463 1463 1427 1438 1438 1560 1560 1560 1560 1805 1805 1805 1805 1805 1805 1805 1805 1805 1422 -3.4e+38 -3.4e+38 -3.4e+38 -3.4e+38 -3.4e+38 -3.4e+38
1533 1533 1496 1496 1516 1476 1476 1556 1486 1486 1486 1486 1654 1486 1486 3120 3120 3120 3120 3120 3120 3120 3120 3120 3120 3120 3120 3120 3120 3120 3120 3120 3120 3120 3120 1497 3120 3120 3120 3120 3120 3120 3120 3120 3120 3120 1560 1560 1805 1805 1805 1805 1805 1805 1805 1805 1805 1805 1805 -3.4e+38 -3.4e+38 -3.4e+38 -3.4e+38 -3.4e+38 -3.4e+38
1533 1543 1534 -3.4e+38 -3.4e+38 -3.4e+38 -3.4e+38 1544 1557 1558 -3.4e+38 1654 1654 1654 3120 3120 3120 3120 3120 3120 3120 3120 3120 3120 3120 3120 3120 3120 3120 3120 3120 3120 3120 3120 3120 3120 3120 3120 3120 3120 3120 3120 3120 3120 3120 3120 1560 1560 1805 1805 1805 1805 1805 1805 1805 1805 1805 1805 1805 -3.4e+38 -3.4e+38 -3.4e+38 -3.4e+38 -3.4e+38 -3.4e+38
-3.4e+38 1613 1602 -3.4e+38 -3.4e+38 -3.4e+38 -3.4e+38 -3.4e+38 -3.4e+38 -3.4e+38 -3.4e+38 1614 1654 1654 3120 3120 3120 3120 3120 3120 3120 3120 3120 3120 3120 3120 3120 3120 3120 3120 3120 3120 3120 3120 3120 3120 3120 3120 3120 3120 3120 3120 3120 3120 3120 3120 2556 1805 1805 1805 1805 1805 1805 1805 1805 1805 1805 1805 1630 1616 -3.4e+38 -3.4e+38 -3.4e+38 -3.4e+38 -3.4e+38
1752 -3.4e+38 1671 1711 1672 -3.4e+38 -3.4e+38 -3.4e+38 -3.4e+38 -3.4e+38 -3.4e+38 1686 2181 2181 2181 3120 3120 3120 3120 3120 3120 3120 3120 3120 3120 3120 3120 3120 3120 3120 3120 3120 3120 3120 3120 3120 3120 3120 3120 3120 3120 3120 3120 3120 2556 2556 2556 2556 2556 2556 1805 1805 1805 1805 1805 1884 1805 1736 1736 1674 -3.4e+38 -3.4e+38 -3.4e+38 -3.4e+38 -3.4e+38
1791 -3.4e+38 1819 1804 -3.4e+38 -3.4e+38 -3.4e+38 -3.4e+38 -3.4e+38 -3.4e+38 1793 2181 2181 2181 2181 3120 3120 3120 3120 3120 3120 3120 3120 3120 3120 3120 3120 3120 3120 3120 3120 3120 3120 3120 3120 3120 3120 3120 3120 3120 3120 3120 2556 2556 2556 2556 2556 2556 2556 2556 2556 1805 1964 1805 1964 1884 1806 1808 1776 -3.4e+38 -3.4e+38 -3.4e+38 -3.4e+38 -3.4e+38 -3.4e+38
1961 1961 1861 -3.4e+38 -3.4e+38 -3.4e+38 -3.4e+38 -3.4e+38 -3.4e+38 2091 2266 2266 2181 2181 2181 2181 3120 3120 3120 3120 3120 3120 3120 3120 3120 3120 3120 3120 3120 3120 3120 3120 3120 3120 3120 3120 3120 3120 3120 3120 2556 2556 2556 2556 2556 2556 2556 2556 2556 2556 2556 2556 2556 1964 1964 1908 1887 -3.4e+38 1910 -3.4e+38 -3.4e+38 -3.4e+38 -3.4e+38 -3.4e+38 -3.4e+38
2034 1961 2058 2075 -3.4e+38 -3.4e+38 -3.4e+38 -3.4e+38 -3.4e+38 2532 2091 2266 2181 2181 2181 2181 3120 3120 3120 3120 3120 3120 3120 3120 3120 3120 3120 3120 3120 3120 3120 3120 3120 3120 3120 3120 3120 3120 2556 2556 2556 2556 2556 2556 2556 2556 2556 2556 2556 2556 2556 2556 2556 2556 1964 -3.4e+38 -3.4e+38 1982 -3.4e+38 -3.4e+38 -3.4e+38 -3.4e+38 -3.4e+38 -3.4e+38 -3.4e+38
-3.4e+38 2110 2075 2111 2111 2076 -3.4e+38 2090 2167 2147 2295 2091 2266 2266 2181 2181 3120 3120 3120 3120 3120 3120 3120 3120 3120 3120 3120 3120 3120 3120 3120 3120 3120 3120 3120 3120 2556 2556 2556 2556 2556 2556 2556 2556 2556 2556 2556 2556 2556 2556 2556 2556 2556 2556 2092 -3.4e+38 -3.4e+38 -3.4e+38 -3.4e+38 -3.4e+38 -3.4e+38 -3.4e+38 -3.4e+38 -3.4e+38 -3.4e+38
2234 2165 2313 2313 2313 -3.4e+38 -3.4e+38 2345 2180 2214 2295 2532 2266 2266 2266 3120 3120 3120 3120 3120 3120 3120 3120 3120 3120 3120 3120 3120 3120 3120 3120 3120 3120 3120 3120 3120 2556 2556 2556 2556 2556 2556 2556 2556 2556 2556 2556 2556 2556 2556 2556 2556 2556 2182 -3.4e+38 -3.4e+38 -3.4e+38 -3.4e+38 -3.4e+38 -3.4e+38 -3.4e+38 -3.4e+38 -3.4e+38 -3.4e+38 -3.4e+38
2393 2248 2313 2313 2407 2407 2409 2409 2345 2345 2295 2532 2532 2532 2266 3120 3120 3120 3120 3120 3120 3120 3120 3120 3120 3120 3120 3120 3120 3120 3120 3120 3120 3120 3120 3120 2556 2556 2556 2556 2556 2556 2556 2556 2556 2556 2556 2556 2556 2314 2556 2333 2249 -3.4e+38 -3.4e+38 -3.4e+38 -3.4e+38 -3.4e+38 -3.4e+38 -3.4e+38 -3.4e+38 -3.4e+38 -3.4e+38 -3.4e+38 -3.4e+38
2392 2393 2313 2407 2407 2407 2409 2409 2409 2345 2532 2532 2532 2532 2532 3120 3120 3120 3120 3120 3120 3120 3120 3120 3120 3120 3120 3120 3120 3120 3120 3120 3120 3120 3120 3120 2556 2556 2556 2556 2556 2556 2556 2556 2556 2556 2556 2360 2360 2315 2395 2333 -3.4e+38 -3.4e+38 -3.4e+38 -3.4e+38 -3.4e+38 -3.4e+38 -3.4e+38 -3.4e+38 -3.4e+38 -3.4e+38 -3.4e+38 -3.4e+38 -3.4e+38
2392 2393 2407 2407 2407 2407 2409 2409 2409 2532 2532 2532 2532 2532 2532 3120 3120 3120 3120 3120 3120 3120 3120 3120 3120 3120 3120 3120 3120 3120 3120 3120 3120 3120 3120 3120 2556 2556 2556 2556 2556 2556 2556 2556 2556 2508 2556 2427 2427 2410 2395 -3.4e+38 -3.4e+38 -3.4e+38 -3.4e+38 -3.4e+38 -3.4e+38 -3.4e+38 -3.4e+38 -3.4e+38 -3.4e+38 -3.4e+38 -3.4e+38 -3.4e+38 -3.4e+38
2718 2718 2718 2524 2524 2524 -3.4e+38 2426 2470 2532 2532 2532 2532 2532 3120 3120 3120 3120 3120 3120 3120 3120 3120 3120 3120 3120 3120 3120 3120 3120 3120 3120 3120 3120 3120 3120 2556 2556 2556 2556 2556 2556 2556 2508 2508 2508 2508 2508 2445 2428 -3.4e+38 -3.4e+38 -3.4e+38 -3.4e+38 -3.4e+38 -3.4e+38 -3.4e+38 -3.4e+38 -3.4e+38 -3.4e+38 -3.4e+38 -3.4e+38 -3.4e+38 -3.4e+38 -3.4e+38
2718 2718 2718 2524 2524 2524 2470 2663 2663 2834 2532 2532 2532 2532 2532 3120 3120 3120 3120 3120 3120 3120 3120 3120 3120 3120 3120 3120 3120 3120 3120 3120 3120 3120 3120 3120 2556 2556 2556 2556 2556 2556 2556 2508 2508 2508 2525 2509 2508 2460 -3.4e+38 -3.4e+38 -3.4e+38 -3.4e+38 -3.4e+38 -3.4e+38 -3.4e+38 -3.4e+38 -3.4e+38 -3.4e+38 -3.4e+38 -3.4e+38 -3.4e+38 -3.4e+38 -3.4e+38
