Prepped_data/Covariate_Data/PalaeoSed/teyeo_sed_0.5.asc
NCOLS 720 
NROWS 180 
XLLCORNER -180 
YLLCORNER 0 
CELLSIZE 0.5 
NODATA_value -3.4e+38 
[rows 87 to 115 of 180, columns 198 to 263 of 720]
4434 4434 4434 4434 4434 4434 4434 4434 4706 4706 4706 4706 4706 4706 4706 4706 4706 4706 4706 4706 4706 4706 4706 4706 4706 4706 4706 4706 4706 4706 4706 4706 4706 4706 4706 4706 4706 4706 4706 4706 4706 4706 4706 4706 4706 4706 4706 4706 4706 4706 4706 4706 4706 4706 4706 4706 4706 4706 4706 4706 4706 4706 4706 4706 4706 4706
4434 4434 4434 4434 4434 4434 4434 4434 4706 4706 4706 4706 4706 4706 4706 4706 4706 4706 4706 4706 4706 4706 4706 4706 4706 4706 4706 4706 4706 4706 4706 4706 4706 4706 4706 4706 4706 4706 4706 4706 4706 4706 4706 4706 4706 4706 4706 4706 4706 4706 4706 4706 4706 4706 4706 4706 4706 4706 4706 4706 4706 4706 4706 4706 4706 4706
4434 4434 4434 4434 4434 4434 4434 4434 4434 4706 4706 4706 4706 4706 4706 4706 4706 4706 4706 4706 4706 4706 4706 4706 4706 4706 4706 4706 4706 4706 4706 4706 4706 4706 4706 4706 4706 4706 4706 4706 4706 4706 4706 4706 4706 4706 4706 4706 4706 4706 4706 4706 4706 4706 4706 4706 4706 4706 4706 4706 4706 4706 4706 4706 4706 4706
4434 4434 4434 4434 4434 4434 4434 4434 4434 4706 4706 4706 4706 4706 4706 4706 4706 4706 4706 4706 4706 4706 4706 4706 4706 4706 4706 4706 4706 4706 4706 4706 4706 4706 4706 4706 4706 4706 4706 4706 4706 4706 4706 4706 4706 4706 4706 4706 4706 4706 4706 4706 4706 4706 4706 4706 4706 4706 4706 4706 4706 4706 4706 4706 4706 4706
4434 4434 4434 4434 4434 4434 4434 4434 4706 4706 4706 4706 4706 4706 4706 4706 4706 4706 4706 4706 4706 4706 4706 4706 4706 4706 4706 4706 4706 4706 4706 4706 4706 4706 4706 4706 4706 4706 4706 4706 4706 4706 4706 4706 4706 4706 4706 4706 4706 4706 4706 4706 4706 4706 4706 4706 4706 4706 4706 4706 4706 4706 4706 4706 4706 4706
4434 4434 4597 4434 4434 4434 4434 4434 4706 4706 4706 4706 4706 4706 4706 4706 4706 4706 4706 4706 4706 4706 4706 4706 4706 4706 4706 4706 4706 4706 4706 4706 4706 4706 4706 4706 4706 4706 4706 4706 4706 4706 4706 4706 4706 4706 4706 4706 4706 4706 4706 4706 4706 4706 4706 4706 4706 4706 4706 4706 4706 4706 4706 4706 4706 4706
4715 4715 4597 4597 4597 4597 4434 4434 4706 4706 4597 4597 4597 4706 4706 4706 4706 4706 4706 4706 4706 4706 4706 4706 4706 4706 4706 4706 4706 4706 4706 4706 4706 4706 4706 4706 4706 4706 4706 4706 4706 4706 4706 4706 4706 4706 4706 4706 4706 4706 4706 4706 4706 4706 4706 4706 4706 4706 4706 4706 4706 4706 4706 4706 4706 4706
4715 4597 4597 4597 4597 4597 4597 4597 4597 4597 4597 4597 4597 4706 4706 4706 4706 4706 4706 4706 4706 4706 4706 4706 4706 4706 4706 4706 4706 4706 4706 4706 4706 4706 4706 4706 4706 4706 4706 4706 4706 4706 4706 4706 4706 4706 4706 4706 4706 4706 4706 4706 4706 4706 4706 4706 4706 4706 4706 4706 4706 4706 4706 4706 4706 4405
4715 4715 4597 4597 4597 4597 4597 4597 4597 4597 4597 4597 4597 4597 4706 4706 4706 4706 4706 4706 4706 4706 4706 4706 4706 4706 4706 4706 4706 4706 4706 4706 4706 4706 4706 4706 4706 4706 4706 4706 4706 4706 4706 4706 4706 4706 4706 4706 4706 4706 4706 4706 4706 4706 4706 4706 4706 4706 4706 4440 4440 4440 4440 4404 4404 4405
4715 4715 4715 4597 4597 4597 4597 4597 4597 4597 4597 4597 4597 4597 4597 4597 4706 4706 4706 4706 4706 4706 4706 4706 4706 4706 4706 4706 4706 4706 4706 4706 4706 4706 4706 4706 4706 4706 4706 4706 4706 4706 4706 4706 4706 4706 4706 4706 4706 4706 4706 4706 4706 4706 4706 4706 4440 4440 4440 4440 4440 4440 4440 4415 4404 4405
4715 4715 4715 4715 4715 4715 4597 4597 4597 4597 4597 4597 4597 4597 4597 4597 4597 4706 4706 4706 4706 4706 4706 4706 4706 4706 4706 4706 4706 4706 4706 4706 4706 4706 4706 4706 4706 4706 4706 4706 4706 4706 4706 4706 4706 4706 4706 4706 4706 4706 4706 4706 4706 4706 4706 4912 4912 4912 4440 4440 4419 4419 4415 4415 4404 4405
4715 4715 4715 4715 4715 4715 4715 4715 4715 4597 4597 4597 4597 4597 4597 4597 4597 4597 4706 4706 4706 4706 4706 4706 4706 4706 4706 4706 4706 4706 4706 4706 4706 4706 4706 4706 4706 4706 4706 4706 4706 4706 4706 4706 4706 4706 4706 4706 4706 4706 4706 4706 4706 4706 4912 4912 4912 4912 4912 4440 4422 4419 4419 4415 4404 4405
4715 4715 4715 4715 4715 4715 4715 4715 4597 4715 4715 4597 4597 4597 4597 4597 4597 4597 4597 4706 4706 4706 4706 4706 4706 4706 4706 4706 4706 4706 4706 4706 4706 4706 4706 4706 4706 4706 4706 4706 4706 4706 4706 4706 4706 4706 4706 4706 4706 4706 4706 4706 4706 4912 4912 4912 4912 4912 4440 4440 4440 4419 4419 4415 4409 4407
4715 4715 4715 4715 4715 4715 4715 4715 4715 4715 4715 4715 4597 4597 4597 4597 4597 4597 4597 4706 4706 4706 4706 4706 4706 4706 4706 4706 4706 4706 4706 4706 4706 4706 4706 4706 4706 4706 4706 4706 4706 4706 4706 4706 4706 4706 4706 4706 4706 4706 4912 4912 4912 4912 4912 4912 4912 4912 4912 4440 4440 4422 4419 -3.4e+38 -3.4e+38 -3.4e+38
4715 4715 4715 4715 4715 4715 4715 4715 4715 4715 4715 4715 4715 4597 4597 4597 4597 4597 4597 4597 4597 4706 4706 4706 4706 4706 4706 4706 4706 4706 4706 4706 4706 4706 4706 4706 4706 4706 4706 4706 4706 4706 4706 4706 4674 4674 4706 4706 4706 4912 4912 4912 4912 4912 4912 4912 4912 4912 4912 4440 4440 4424 4422 -3.4e+38 -3.4e+38 -3.4e+38
4715 4715 4715 4715 4715 4715 4715 4715 4715 4715 4715 4715 4715 4715 4715 4597 4597 4597 4597 4597 4597 4706 4706 4706 4706 4706 4706 4706 4706 4706 4706 4706 4674 4674 4706 4706 4706 4706 4706 4706 4674 4674 4674 4674 4674 4674 4674 4674 4912 4912 4912 4912 4912 4912 4912 4912 4912 4912 4440 4440 4431 4431 -3.4e+38 -3.4e+38 -3.4e+38 -3.4e+38
4715 4715 4715 4715 4715 4715 4715 4715 4715 4715 4715 4715 4715 4715 4715 4715 4597 4597 4597 4597 4597 4597 4706 4706 4706 4706 4706 4706 4706 4706 4706 4674 4674 4674 4674 4674 4674 4674 4674 4674 4674 4674 4674 4674 4674 4674 4912 4912 4912 4912 4912 4912 4912 4912 4912 4912 4912 4912 4449 4440 4439 -3.4e+38 -3.4e+38 -3.4e+38 -3.4e+38 -3.4e+38
4715 4715 4715 4715 4715 4715 4715 4715 4715 4715 4715 4715 4715 4715 4715 4715 4597 4597 4715 4597 4597 4597 4706 4706 4706 4706 4706 4706 4706 4706 4706 4674 4674 4674 4674 4674 4674 4674 4674 4674 4674 4674 4912 4912 4912 4912 4912 4912 4912 4912 4912 4912 4912 4912 4912 4912 4912 4912 4449 -3.4e+38 -3.4e+38 -3.4e+38 -3.4e+38 -3.4e+38 -3.4e+38 -3.4e+38
4715 4715 4715 4715 4715 4715 4715 4715 4715 4715 4715 4715 4715 4715 4715 4715 4715 4715 4715 4715 4597 4597 4706 4706 4706 4706 4706 4706 4706 4706 4674 4674 4674 4674 4674 4674 4674 4674 4674 4674 4912 4912 4912 4912 4912 4912 4912 4912 4912 4912 4912 4912 4912 4912 4912 4912 4912 4912 4449 -3.4e+38 -3.4e+38 -3.4e+38 -3.4e+38 -3.4e+38 -3.4e+38 -3.4e+38
4784 4784 4784 4784 4784 4715 4715 4715 4715 4715 4715 4715 4715 4715 4715 4715 4715 4715 4715 4715 4597 4597 4706 4706 4706 4706 4706 4706 4706 4706 4674 4674 4674 4674 4674 4674 4674 4674 4674 4674 4912 4912 4912 4912 4912 4912 4912 4912 4912 4912 4912 4912 4912 4912 4912 4912 4912 4912 4455 -3.4e+38 -3.4e+38 -3.4e+38 -3.4e+38 -3.4e+38 -3.4e+38 -3.4e+38
4836 4784 4784 4784 4784 4784 4715 4715 4715 4715 4715 4715 4715 4715 4715 4715 4715 4715 4715 4715 4597 4597 4706 4706 4706 4706 4706 4706 4706 4674 4674 4674 4674 4674 4674 4674 4674 4674 4674 4912 4912 4912 4912 4912 4912 4912 4912 4912 4912 4912 4912 4912 4912 4912 4912 4912 4498 4491 -3.4e+38 -3.4e+38 -3.4e+38 -3.4e+38 -3.4e+38 -3.4e+38 -3.4e+38 -3.4e+38
4836 4836 4836 4836 4784 4784 4784 4715 4715 4715 4715 4715 4715 4715 4715 4715 4715 4715 4715 4715 4715 4597 4706 4706 4706 4706 4706 4706 4706 4706 4674 4674 4674 4674 4674 4674 4674 4674 4674 4912 4912 4912 4912 4912 4912 4912 4912 4912 4912 4912 4912 4912 4912 4548 4531 4516 4498 4491 -3.4e+38 -3.4e+38 -3.4e+38 -3.4e+38 -3.4e+38 -3.4e+38 -3.4e+38 -3.4e+38
4836 4836 4836 4836 4784 4784 4784 4715 4715 4715 4715 4715 4715 4715 4715 4715 4715 4715 4715 4715 4715 4715 4706 4706 4706 4706 4706 4706 4706 4706 4674 4674 4674 4674 4674 4674 4674 4674 4674 4912 4912 4912 4912 4912 4912 4912 4912 4912 4912 4912 4600 4592 4568 4548 4531 -3.4e+38 -3.4e+38 -3.4e+38 -3.4e+38 -3.4e+38 -3.4e+38 -3.4e+38 -3.4e+38 -3.4e+38 -3.4e+38 -3.4e+38
4836 4836 4836 4836 4836 4784 4784 4715 4715 4715 4715 4715 4715 4715 4715 4715 4668 4703 4656 4588 4715 4597 4706 4706 4706 4706 4706 4706 4706 4706 4674 4674 4682 4724 4725 4951 4951 4951 4951 4951 4912 4912 4912 4912 4912 4912 4912 4912 4641 4618 4600 4592 4568 -3.4e+38 -3.4e+38 -3.4e+38 -3.4e+38 -3.4e+38 -3.4e+38 -3.4e+38 -3.4e+38 -3.4e+38 -3.4e+38 -3.4e+38 -3.4e+38 -3.4e+38
4836 4836 4836 4836 4836 4784 4784 4715 4715 4715 4715 4715 4655 4695 4719 4698 4668 4703 4656 -3.4e+38 -3.4e+38 4624 4616 4706 4706 4706 4637 4637 4639 4628 4673 4675 4683 4724 4726 4951 4951 4951 4951 4951 4951 4912 4912 4912 4912 4912 4737 4686 4641 4618 -3.4e+38 -3.4e+38 -3.4e+38 -3.4e+38 -3.4e+38 -3.4e+38 -3.4e+38 -3.4e+38 -3.4e+38 -3.4e+38 -3.4e+38 -3.4e+38 -3.4e+38 -3.4e+38 -3.4e+38 -3.4e+38
4895 4895 4895 4836 4836 4836 4784 4769 4753 4715 4716 -3.4e+38 -3.4e+38 4695 4719 4698 -3.4e+38 4703 -3.4e+38 -3.4e+38 -3.4e+38 -3.4e+38 4705 4732 4706 4744 4759 4722 -3.4e+38 -3.4e+38 -3.4e+38 -3.4e+38 4707 4723 4726 4951 4951 4951 4951 4951 4951 4912 4912 4912 4736 4736 4737 -3.4e+38 -3.4e+38 -3.4e+38 -3.4e+38 -3.4e+38 -3.4e+38 -3.4e+38 -3.4e+38 -3.4e+38 -3.4e+38 -3.4e+38 -3.4e+38 -3.4e+38 -3.4e+38 -3.4e+38 -3.4e+38 -3.4e+38 -3.4e+38 -3.4e+38
4906 4906 4894 4836 4836 4836 4784 4768 -3.4e+38 4773 -3.4e+38 -3.4e+38 -3.4e+38 -3.4e+38 -3.4e+38 -3.4e+38 -3.4e+38 -3.4e+38 -3.4e+38 -3.4e+38 -3.4e+38 -3.4e+38 -3.4e+38 -3.4e+38 -3.4e+38 -3.4e+38 -3.4e+38 4785 -3.4e+38 -3.4e+38 -3.4e+38 -3.4e+38 -3.4e+38 -3.4e+38 4778 4803 4951 4951 4951 4951 4951 4951 4912 4912 4786 4786 -3.4e+38 -3.4e+38 -3.4e+38 -3.4e+38 -3.4e+38 -3.4e+38 -3.4e+38 -3.4e+38 -3.4e+38 -3.4e+38 -3.4e+38 -3.4e+38 -3.4e+38 -3.4e+38 -3.4e+38 -3.4e+38 -3.4e+38 -3.4e+38 -3.4e+38 -3.4e+38
4892 4906 4894 4895 4830 4836 4821 -3.4e+38 -3.4e+38 -3.4e+38 -3.4e+38 -3.4e+38 -3.4e+38 -3.4e+38 -3.4e+38 -3.4e+38 -3.4e+38 -3.4e+38 -3.4e+38 -3.4e+38 -3.4e+38 -3.4e+38 -3.4e+38 -3.4e+38 -3.4e+38 -3.4e+38 -3.4e+38 -3.4e+38 -3.4e+38 -3.4e+38 -3.4e+38 -3.4e+38 -3.4e+38 -3.4e+38 -3.4e+38 4822 4851 4851 4876 4951 4951 4951 4912 4912 4847 -3.4e+38 -3.4e+38 -3.4e+38 -3.4e+38 -3.4e+38 -3.4e+38 -3.4e+38 -3.4e+38 -3.4e+38 -3.4e+38 -3.4e+38 -3.4e+38 -3.4e+38 -3.4e+38 -3.4e+38 -3.4e+38 -3.4e+38 -3.4e+38 -3.4e+38 -3.4e+38 -3.4e+38
4950 4906 4874 4895 4875 -3.4e+38 -3.4e+38 -3.4e+38 -3.4e+38 -3.4e+38 -3.4e+38 -3.4e+38 -3.4e+38 -3.4e+38 -3.4e+38 -3.4e+38 -3.4e+38 -3.4e+38 -3.4e+38 -3.4e+38 -3.4e+38 -3.4e+38 -3.4e+38 -3.4e+38 -3.4e+38 -3.4e+38 -3.4e+38 -3.4e+38 -3.4e+38 -3.4e+38 -3.4e+38 -3.4e+38 -3.4e+38 -3.4e+38 -3.4e+38 -3.4e+38 4851 4876 4901 4921 4951 4951 4912 4897 -3.4e+38 -3.4e+38 -3.4e+38 -3.4e+38 -3.4e+38 -3.4e+38 -3.4e+38 -3.4e+38 -3.4e+38 -3.4e+38 -3.4e+38 -3.4e+38 -3.4e+38 -3.4e+38 -3.4e+38 -3.4e+38 -3.4e+38 -3.4e+38 -3.4e+38 -3.4e+38 -3.4e+38 -3.4e+38
