Prepped_data/Covariate_Data/PalaeoSed/teyeo_sed_0.5.asc
NCOLS 720 
NROWS 180 
XLLCORNER -180 
YLLCORNER 0 
CELLSIZE 0.5 
NODATA_value -3.4e+38 
[rows 29 to 57 of 180, columns 198 to 263 of 720]
2733 864 864 839 850 850 850 850 850 850 850 850 850 850 3445 3445 781 3445 781 781 3445 781 781 781 -3.4e+38 1261 742 742 773 -3.4e+38 751 751 829 758 752 743 743 762 866 866 866 866 866 866 866 1536 962 962 962 962 962 962 962 962 962 948 1008 1008 1008 1008 1008 1008 1008 1008 1370 1370
891 891 864 848 839 850 850 850 850 850 850 850 850 3445 3445 3445 3445 3445 3445 3445 3445 3445 781 1261 1261 1261 1261 1261 782 810 1002 1002 829 812 831 -3.4e+38 961 961 961 961 866 866 866 866 866 1536 1536 1536 962 962 962 962 962 962 948 948 1008 1008 1008 1008 1008 1008 1008 1008 1370 1370
891 863 914 848 -3.4e+38 3445 3445 850 3445 3445 3445 3445 3445 3445 3445 3445 3445 3445 3445 3445 3445 3445 1261 1261 1261 1261 1261 1261 1261 1002 1002 1002 1002 865 865 851 961 961 961 961 961 961 961 866 1536 1536 1536 1536 962 962 962 962 962 962 948 1008 1008 1008 1008 1008 1008 1008 1008 1008 1370 1370
2733 1017 1038 935 1001 1001 3445 3445 3445 3445 3445 3445 3445 3445 3445 3445 3445 3445 3445 3445 3445 3445 1261 1261 1261 1261 1261 1002 1002 1002 1002 1002 1002 1002 1536 1536 961 961 961 961 961 961 1536 1536 1536 1536 1536 1536 962 962 962 962 962 962 949 1008 1008 1008 1008 1008 1008 1008 1008 1008 1370 1370
2733 1017 1038 1038 1001 1001 3445 3445 3445 3445 3445 3445 3445 3445 3445 3445 3445 3445 3445 3445 3445 3445 3445 1261 1261 1261 1261 1261 1261 1002 1261 1536 1536 1536 1536 1536 1536 1536 1536 1536 1536 1536 1536 1536 1536 1536 1536 1536 1536 1536 1536 1536 1536 1536 1588 1588 1588 1008 1008 1008 1008 1008 1008 1370 1370 1370
2733 1038 1038 3445 3445 3445 3445 3445 3445 3445 3445 3445 3445 3445 3445 3445 3445 3445 3445 3445 3445 3445 3445 1261 1261 1261 1261 1261 1261 1261 1261 1261 1536 1536 1536 1536 1536 1536 1536 1536 1536 1536 1536 1536 1536 1536 1536 1536 1536 1536 1536 1536 1536 1536 1536 1588 1588 1588 1588 1370 1370 1370 1370 1370 1370 1370
3445 3445 3445 3445 3445 3445 3445 3445 3445 3445 3445 3445 3445 3445 3445 3445 3445 3445 3445 3445 3445 3445 3445 3445 3445 3445 3445 1261 1261 1261 1261 1261 1536 2494 2494 1536 1536 1536 1536 1536 1536 1536 1536 1536 1536 1536 1536 1536 1536 1536 1536 1536 1536 1536 1536 1588 1588 1588 1588 1370 1370 1370 1370 1370 1370 1370
3445 3445 3445 3445 3445 3445 3445 3445 3445 3445 3445 3445 3445 3445 3445 3445 3445 3445 3445 3445 3445 3445 3445 3445 3445 3445 3445 3445 1261 1261 1261 3445 2494 2494 2494 2494 1536 1536 1536 1536 1536 1536 1536 1536 1536 1536 1536 1536 1536 1536 1536 1536 1536 1588 1588 1588 1588 1588 1370 1370 1370 1370 1370 1370 1370 1498
3445 3445 3445 3445 3445 3445 3445 3445 3445 3445 3445 3445 3445 3445 3445 3445 3445 3445 3445 3445 3445 3445 3445 3445 3445 3445 3445 3445 3445 3445 3445 3445 2494 2494 2494 2494 2494 1536 1536 1536 1536 1536 1536 1536 1536 1536 1536 1536 1536 1536 2494 1588 1588 1588 1588 1588 2077 2077 1370 1370 1370 1370 1370 1370 2077 1498
3445 3445 3445 3445 3445 3445 3445 3445 3445 3445 3445 3445 3445 3445 3445 3445 3445 3445 3445 3445 3445 3445 3445 3445 3445 3445 3445 3445 3445 3445 3445 3445 3445 2494 2494 2494 2494 2494 2494 2494 2494 2494 1536 2494 2494 2494 2494 2494 2494 2494 2494 2494 1588 1588 1588 2077 2077 2077 2077 2077 2077 2077 2077 2077 2077 2077
3445 3445 3445 3445 3445 3445 3445 3445 3445 3445 3445 3445 3445 3445 3445 3445 3445 3445 3445 3445 3445 3445 3445 3445 3445 3445 3445 3445 3445 3445 3445 3445 3445 2494 2494 2494 2494 2494 2494 2494 2494 2494 2494 2494 2494 2494 2494 2494 2494 2494 2494 2494 2494 2494 2494 2494 2077 2077 2077 2077 2077 2077 2077 2077 2077 -3.4e+38
3445 3445 3445 3445 3445 3445 3445 3445 3445 3445 3445 3445 3445 3445 3445 3445 3445 3445 3445 3445 3445 3445 3445 3445 3445 3445 3445 3445 3445 3445 3445 3445 3445 2494 2494 2494 2494 2494 2494 2494 2494 2494 2494 2494 2494 2494 2494 2494 2494 2494 2494 2494 2494 2494 2494 2077 2077 2077 2077 2077 2077 2077 2036 2036 2036 2063
3445 3445 3445 3445 3445 3445 3445 3445 3445 3445 3445 3445 3445 3445 3445 3445 3445 3445 3445 3445 3445 3445 3445 3445 3445 3445 3445 3445 3445 3445 3445 3445 2494 2494 2494 2494 2494 2494 2494 2494 2494 2494 2494 2494 2494 2494 2494 2494 2494 2494 2494 2494 2494 2494 2494 2494 2077 2077 2077 2077 2077 2077 2077 2036 2063 2063
3445 3445 3445 3445 3445 3445 3445 3445 3445 3445 3445 3445 3445 3445 3445 3445 3445 3445 3445 3445 3445 3445 3445 3445 3445 3445 3445 3445 3445 3445 3445 2494 2494 2494 2494 2494 2494 2494 2494 2494 2494 2494 2494 2494 2494 2494 2494 2494 2494 2494 2494 2494 2494 2494 2494 2494 2494 2077 2077 2077 2077 2077 2077 2036 2337 2063
3445 3445 3445 3445 3445 3445 3445 3445 3445 3445 3445 3445 3445 3445 3445 3445 3445 3445 3445 3445 3445 3445 3445 3445 3445 3445 3445 3445 3445 3445 3445 2494 2494 2494 2494 2494 2494 2494 2494 2494 2494 2494 2494 2494 2494 2494 2494 2494 2494 2494 2494 2494 2494 2494 2494 2494 2494 2494 2494 2494 2494 2494 2494 2337 2337 2269
3445 3445 3445 3445 3445 3445 3445 3445 3445 3445 3445 3445 3445 3445 3445 3445 3445 3445 3445 3445 3445 3445 3445 3445 3445 3445 3445 3445 3445 3445 2494 2494 2494 2494 2494 2494 2494 2494 2494 2494 2494 2494 2494 2494 2494 2494 2494 2494 2494 2494 2494 2494 2494 2494 2494 2494 2494 2494 2494 2494 2494 2494 2337 2337 2269 2269
3445 3445 3445 3445 3445 3445 3445 3445 3445 3445 3445 3445 3445 3445 3900 3900 3900 3900 3900 3445 3445 3445 3445 3900 3900 3900 3900 3900 3900 3900 2494 2494 2494 2494 2494 2494 2494 2494 2494 2494 2494 2494 2539 2539 2539 2539 2539 2539 2539 2494 2494 2494 2494 2494 2494 2494 2494 2494 2494 2494 2494 2337 2337 2255 2269 2288
4434 4434 4434 4434 4434 3445 4434 3445 3445 3445 3445 3445 3900 3900 3900 3900 3900 3900 3900 3900 3900 3900 3900 3900 3900 3900 3900 3900 3900 3900 3900 2494 2494 2494 2494 2494 2494 2494 2494 2494 2494 2539 2539 2539 2539 2539 2539 2539 2539 2539 2494 2508 2508 2494 2494 2494 2494 2494 2336 2336 2236 2337 2337 2255 2269 2288
4434 4434 4434 4434 4434 4434 4434 4434 4434 3445 3445 3445 3900 3900 3900 3900 3900 3900 3900 3900 3900 3900 3900 3900 3900 3900 3900 3900 3900 3900 3900 3900 2494 2494 2494 2494 2494 2494 2494 2494 2494 2494 2539 2539 2539 2539 2539 2539 2539 2539 2539 2508 2508 2498 2498 2462 2462 2336 2336 2336 2336 2337 2286 2268 2296 2301
4434 4434 4434 4434 4434 4434 4434 4434 4434 3445 3445 3900 3900 3900 3900 3900 3900 3900 3900 3900 3900 3900 3900 3900 3900 3900 3900 3900 3900 3900 3900 3900 3900 2494 2494 2494 2494 2494 2494 2494 3249 3249 3249 2680 2680 2539 2539 2539 2539 2539 2539 2539 2508 2498 2499 2462 2410 2410 2394 2397 2433 2337 2374 -3.4e+38 -3.4e+38 -3.4e+38
4434 4434 4434 4434 4434 4434 4434 4434 4434 4434 4434 3900 3900 3900 3900 3900 3900 3900 3900 3900 3900 3900 3900 3900 3900 3900 3900 3900 3900 3900 3900 3900 2494 2494 2494 3249 2494 3249 3249 3249 3249 3249 3249 3249 2680 2680 2539 2539 2539 2539 2539 2539 2508 2496 2499 2462 2466 -3.4e+38 2432 -3.4e+38 2453 2433 -3.4e+38 -3.4e+38 -3.4e+38 -3.4e+38
4434 4434 4434 4434 4434 4434 4434 4434 4434 4434 4434 3900 3900 3900 3900 3900 3900 3900 3900 3900 3900 3900 3900 3900 3900 3900 3900 3900 3900 3900 3900 3900 3249 3249 3249 3249 3249 3249 3249 3249 3249 3249 3249 3249 3249 3249 2680 2680 2609 2609 2538 2539 2524 -3.4e+38 2510 -3.4e+38 -3.4e+38 -3.4e+38 -3.4e+38 -3.4e+38 -3.4e+38 -3.4e+38 -3.4e+38 -3.4e+38 -3.4e+38 -3.4e+38
4434 4434 4434 4434 4434 4434 4434 4434 4434 3074 3074 3074 3074 3900 3900 3900 3900 3900 3900 3900 3900 3900 3900 3900 3900 3900 3900 3900 3900 3900 3900 3900 3900 3900 3249 3249 3249 3249 3249 3249 3249 3249 3249 3249 3249 3249 2680 2680 2681 2632 2595 -3.4e+38 -3.4e+38 -3.4e+38 -3.4e+38 -3.4e+38 -3.4e+38 -3.4e+38 -3.4e+38 -3.4e+38 -3.4e+38 2610 2611 2684 2646 -3.4e+38
4434 4434 4434 4434 4434 4434 4434 4434 4434 3074 3074 3074 3074 3900 3900 3900 3900 3900 3900 3900 3900 3900 3900 3900 3900 3900 3900 3900 3900 3900 3900 3900 3900 3900 3900 3249 3249 3249 3249 3249 3249 3249 3249 3249 3249 3249 3249 2734 2680 -3.4e+38 -3.4e+38 -3.4e+38 -3.4e+38 -3.4e+38 -3.4e+38 -3.4e+38 -3.4e+38 -3.4e+38 -3.4e+38 -3.4e+38 2683 2767 2717 2684 2718 -3.4e+38
4434 4434 4434 4434 4434 4434 4434 4434 4434 3074 3074 3074 3074 3074 3900 3900 3900 3900 3900 3900 3900 3900 3900 3900 3900 3900 3900 3900 3900 3900 3900 3900 3900 3900 3900 3900 3249 3249 3249 3249 3249 3249 3249 3249 3249 3249 3249 3249 -3.4e+38 -3.4e+38 -3.4e+38 -3.4e+38 -3.4e+38 -3.4e+38 -3.4e+38 -3.4e+38 -3.4e+38 -3.4e+38 -3.4e+38 -3.4e+38 2796 2767 2799 2770 -3.4e+38 2772
4434 4434 4434 4434 4434 4434 4434 4434 4434 3074 3074 3074 3074 3074 3074 3900 3900 3900 3900 3900 3900 3900 3900 3900 3900 3900 3900 3900 3900 3900 3900 3900 3900 3900 3900 3900 3900 3249 3249 3249 3249 3249 3249 3249 3249 3249 3249 3249 3249 2896 2879 -3.4e+38 -3.4e+38 -3.4e+38 -3.4e+38 -3.4e+38 -3.4e+38 -3.4e+38 -3.4e+38 -3.4e+38 -3.4e+38 -3.4e+38 -3.4e+38 -3.4e+38 -3.4e+38 -3.4e+38
4434 4434 4434 4434 4434 4434 4434 4434 4434 4434 4434 4434 3074 3074 3074 3074 3074 3900 3900 3900 3900 3900 3900 3900 3900 3900 3900 3900 3900 3900 3900 3900 3900 3900 3900 3900 3900 3900 3746 3249 3249 3249 3249 3249 3249 3249 3249 3249 3249 3076 3006 -3.4e+38 -3.4e+38 -3.4e+38 -3.4e+38 -3.4e+38 -3.4e+38 -3.4e+38 -3.4e+38 3037 3008 -3.4e+38 -3.4e+38 -3.4e+38 -3.4e+38 -3.4e+38
4434 4434 4434 4434 4434 4434 4434 4434 4434 4434 4434 4434 4434 4434 4434 4434 4434 3248 3248 3900 3900 3900 3900 3900 3900 3900 3900 3900 3900 3900 3900 3900 3900 3900 3900 3900 3900 3746 3746 3249 3249 3249 3249 3249 3249 3249 3249 3136 3136 3136 -3.4e+38 -3.4e+38 -3.4e+38 -3.4e+38 -3.4e+38 -3.4e+38 -3.4e+38 -3.4e+38 3106 3107 -3.4e+38 -3.4e+38 -3.4e+38 -3.4e+38 -3.4e+38 -3.4e+38
4434 4434 4434 4434 4434 4434 4434 4434 4434 4434 4434 4434 4434 4434 4434 3296 3181 3248 3248 3248 3900 3900 3900 3900 3900 3900 3900 3900 3900 3900 3900 3900 3900 3900 3900 3900 3900 3746 3746 3746 3249 3249 3249 3249 3249 3249 3746 3746 3746 3168 3168 -3.4e+38 3217 -3.4e+38 3183 -3.4e+38 -3.4e+38 3222 3325 3172 3186 -3.4e+38 3207 3209 3187 3189
