Prepped_data/Covariate_Data/PalaeoSed/teyep_sed_0.5.asc
NCOLS 720 
NROWS 180 
XLLCORNER -180 
YLLCORNER 0 
CELLSIZE 0.5 
NODATA_value -3.4e+38 
[rows 58 to 86 of 180, columns 260 to 324 of 720]
-3.4e+38 -3.4e+38 -3.4e+38 -3.4e+38 -3.4e+38 -3.4e+38 -3.4e+38 -3.4e+38 -3.4e+38 -3.4e+38 -3.4e+38 -3.4e+38 -3.4e+38 -3.4e+38 -3.4e+38 -3.4e+38 -3.4e+38 -3.4e+38 -3.4e+38 -3.4e+38 -3.4e+38 -3.4e+38 -3.4e+38 -3.4e+38 -3.4e+38 -3.4e+38 -3.4e+38 -3.4e+38 -3.4e+38 -3.4e+38 -3.4e+38 2515 -3.4e+38 -3.4e+38 -3.4e+38 -3.4e+38 -3.4e+38 -3.4e+38 -3.4e+38 -3.4e+38 -3.4e+38 -3.4e+38 2536 2536 2536 2531 2590 2590 2531 2531 2522 2553 2553 2574 -3.4e+38 -3.4e+38 2507 2517 2718 2718 2718 2718 2718 2718 2718
-3.4e+38 -3.4e+38 -3.4e+38 -3.4e+38 -3.4e+38 -3.4e+38 -3.4e+38 -3.4e+38 -3.4e+38 -3.4e+38 -3.4e+38 -3.4e+38 -3.4e+38 -3.4e+38 -3.4e+38 -3.4e+38 -3.4e+38 -3.4e+38 -3.4e+38 -3.4e+38 -3.4e+38 -3.4e+38 -3.4e+38 -3.4e+38 -3.4e+38 -3.4e+38 -3.4e+38 -3.4e+38 -3.4e+38 -3.4e+38 -3.4e+38 -3.4e+38 -3.4e+38 -3.4e+38 -3.4e+38 -3.4e+38 -3.4e+38 -3.4e+38 -3.4e+38 -3.4e+38 -3.4e+38 2550 -3.4e+38 2562 2598 2620 2590 -3.4e+38 2573 2599 2671 2553 2574 2601 2555 -3.4e+38 -3.4e+38 2718 2718 2718 2718 2718 2718 2718 2718
-3.4e+38 -3.4e+38 -3.4e+38 -3.4e+38 -3.4e+38 -3.4e+38 -3.4e+38 -3.4e+38 -3.4e+38 -3.4e+38 -3.4e+38 -3.4e+38 -3.4e+38 -3.4e+38 -3.4e+38 -3.4e+38 -3.4e+38 -3.4e+38 -3.4e+38 -3.4e+38 -3.4e+38 -3.4e+38 -3.4e+38 -3.4e+38 -3.4e+38 -3.4e+38 -3.4e+38 -3.4e+38 -3.4e+38 -3.4e+38 -3.4e+38 -3.4e+38 -3.4e+38 -3.4e+38 -3.4e+38 -3.4e+38 -3.4e+38 -3.4e+38 -3.4e+38 -3.4e+38 -3.4e+38 -3.4e+38 -3.4e+38 -3.4e+38 2620 2620 2649 -3.4e+38 2599 2621 2671 2684 2660 2622 -3.4e+38 -3.4e+38 -3.4e+38 2718 2718 2718 2718 2718 2718 2718 2718
-3.4e+38 -3.4e+38 -3.4e+38 -3.4e+38 -3.4e+38 -3.4e+38 -3.4e+38 -3.4e+38 -3.4e+38 -3.4e+38 -3.4e+38 -3.4e+38 -3.4e+38 -3.4e+38 -3.4e+38 -3.4e+38 -3.4e+38 -3.4e+38 -3.4e+38 -3.4e+38 -3.4e+38 -3.4e+38 -3.4e+38 -3.4e+38 -3.4e+38 -3.4e+38 -3.4e+38 -3.4e+38 -3.4e+38 -3.4e+38 -3.4e+38 -3.4e+38 -3.4e+38 -3.4e+38 -3.4e+38 -3.4e+38 -3.4e+38 -3.4e+38 -3.4e+38 -3.4e+38 -3.4e+38 -3.4e+38 -3.4e+38 -3.4e+38 2655 -3.4e+38 2698 2680 -3.4e+38 2659 2671 2684 2673 2661 -3.4e+38 -3.4e+38 2675 2691 2718 2718 2718 2718 2718 2718 2727
-3.4e+38 -3.4e+38 -3.4e+38 -3.4e+38 -3.4e+38 -3.4e+38 -3.4e+38 -3.4e+38 -3.4e+38 -3.4e+38 -3.4e+38 -3.4e+38 -3.4e+38 -3.4e+38 -3.4e+38 -3.4e+38 -3.4e+38 -3.4e+38 -3.4e+38 -3.4e+38 -3.4e+38 -3.4e+38 -3.4e+38 -3.4e+38 -3.4e+38 -3.4e+38 -3.4e+38 -3.4e+38 -3.4e+38 -3.4e+38 -3.4e+38 -3.4e+38 -3.4e+38 -3.4e+38 -3.4e+38 -3.4e+38 -3.4e+38 -3.4e+38 -3.4e+38 -3.4e+38 -3.4e+38 -3.4e+38 -3.4e+38 -3.4e+38 -3.4e+38 -3.4e+38 2707 2702 -3.4e+38 -3.4e+38 -3.4e+38 -3.4e+38 -3.4e+38 -3.4e+38 -3.4e+38 -3.4e+38 -3.4e+38 2714 2716 2717 2804 2804 2718 2718 2913
-3.4e+38 -3.4e+38 -3.4e+38 -3.4e+38 -3.4e+38 -3.4e+38 -3.4e+38 -3.4e+38 -3.4e+38 -3.4e+38 -3.4e+38 -3.4e+38 -3.4e+38 -3.4e+38 -3.4e+38 -3.4e+38 -3.4e+38 -3.4e+38 -3.4e+38 -3.4e+38 -3.4e+38 -3.4e+38 -3.4e+38 -3.4e+38 -3.4e+38 -3.4e+38 -3.4e+38 -3.4e+38 -3.4e+38 -3.4e+38 -3.4e+38 -3.4e+38 -3.4e+38 2756 2767 2802 2810 -3.4e+38 -3.4e+38 -3.4e+38 -3.4e+38 -3.4e+38 -3.4e+38 -3.4e+38 -3.4e+38 -3.4e+38 -3.4e+38 -3.4e+38 -3.4e+38 -3.4e+38 -3.4e+38 -3.4e+38 -3.4e+38 -3.4e+38 -3.4e+38 -3.4e+38 -3.4e+38 -3.4e+38 -3.4e+38 2768 2804 2804 2888 2913 2913
-3.4e+38 -3.4e+38 -3.4e+38 -3.4e+38 -3.4e+38 -3.4e+38 -3.4e+38 -3.4e+38 -3.4e+38 -3.4e+38 -3.4e+38 -3.4e+38 -3.4e+38 -3.4e+38 -3.4e+38 -3.4e+38 -3.4e+38 -3.4e+38 -3.4e+38 -3.4e+38 -3.4e+38 -3.4e+38 -3.4e+38 -3.4e+38 -3.4e+38 -3.4e+38 -3.4e+38 -3.4e+38 -3.4e+38 -3.4e+38 2809 2801 2818 2911 2886 2802 2810 2878 2820 2829 2841 -3.4e+38 -3.4e+38 -3.4e+38 -3.4e+38 -3.4e+38 -3.4e+38 -3.4e+38 -3.4e+38 -3.4e+38 -3.4e+38 -3.4e+38 -3.4e+38 -3.4e+38 -3.4e+38 -3.4e+38 -3.4e+38 -3.4e+38 -3.4e+38 2830 2804 2888 2888 2913 2913
-3.4e+38 -3.4e+38 -3.4e+38 -3.4e+38 -3.4e+38 -3.4e+38 -3.4e+38 -3.4e+38 -3.4e+38 -3.4e+38 -3.4e+38 -3.4e+38 -3.4e+38 -3.4e+38 -3.4e+38 -3.4e+38 -3.4e+38 -3.4e+38 -3.4e+38 -3.4e+38 -3.4e+38 -3.4e+38 -3.4e+38 -3.4e+38 -3.4e+38 -3.4e+38 -3.4e+38 -3.4e+38 -3.4e+38 2897 2869 3138 3138 2911 2886 2886 2878 2878 3183 2841 2870 2870 -3.4e+38 -3.4e+38 -3.4e+38 -3.4e+38 -3.4e+38 -3.4e+38 -3.4e+38 -3.4e+38 -3.4e+38 -3.4e+38 -3.4e+38 -3.4e+38 -3.4e+38 -3.4e+38 -3.4e+38 -3.4e+38 -3.4e+38 2845 2846 2888 2888 2913 2913
-3.4e+38 -3.4e+38 -3.4e+38 -3.4e+38 -3.4e+38 2909 -3.4e+38 -3.4e+38 -3.4e+38 -3.4e+38 -3.4e+38 -3.4e+38 -3.4e+38 -3.4e+38 -3.4e+38 -3.4e+38 -3.4e+38 -3.4e+38 -3.4e+38 -3.4e+38 -3.4e+38 -3.4e+38 -3.4e+38 -3.4e+38 -3.4e+38 -3.4e+38 -3.4e+38 -3.4e+38 2948 2948 2897 3138 3138 3138 2911 3183 3183 3183 3183 3183 3183 2938 2898 -3.4e+38 -3.4e+38 -3.4e+38 -3.4e+38 -3.4e+38 -3.4e+38 -3.4e+38 -3.4e+38 -3.4e+38 -3.4e+38 -3.4e+38 -3.4e+38 -3.4e+38 -3.4e+38 -3.4e+38 -3.4e+38 -3.4e+38 2902 2903 2939 2913 2913
-3.4e+38 -3.4e+38 -3.4e+38 -3.4e+38 -3.4e+38 2944 -3.4e+38 -3.4e+38 -3.4e+38 -3.4e+38 -3.4e+38 -3.4e+38 -3.4e+38 -3.4e+38 -3.4e+38 -3.4e+38 -3.4e+38 -3.4e+38 -3.4e+38 -3.4e+38 -3.4e+38 -3.4e+38 -3.4e+38 -3.4e+38 -3.4e+38 -3.4e+38 -3.4e+38 2995 2974 2948 3138 3138 3138 3138 3183 3183 3183 3183 3183 3183 3183 2965 -3.4e+38 -3.4e+38 -3.4e+38 -3.4e+38 -3.4e+38 -3.4e+38 -3.4e+38 -3.4e+38 -3.4e+38 -3.4e+38 -3.4e+38 -3.4e+38 -3.4e+38 -3.4e+38 -3.4e+38 -3.4e+38 -3.4e+38 -3.4e+38 -3.4e+38 -3.4e+38 2959 2990 3187
-3.4e+38 -3.4e+38 -3.4e+38 -3.4e+38 -3.4e+38 -3.4e+38 -3.4e+38 -3.4e+38 -3.4e+38 -3.4e+38 -3.4e+38 -3.4e+38 -3.4e+38 -3.4e+38 -3.4e+38 -3.4e+38 -3.4e+38 -3.4e+38 -3.4e+38 -3.4e+38 -3.4e+38 -3.4e+38 -3.4e+38 -3.4e+38 -3.4e+38 -3.4e+38 2988 3592 3592 3138 3138 3138 3138 3138 3183 3183 3183 3183 3183 3601 3601 -3.4e+38 -3.4e+38 -3.4e+38 -3.4e+38 -3.4e+38 -3.4e+38 -3.4e+38 -3.4e+38 -3.4e+38 -3.4e+38 -3.4e+38 -3.4e+38 -3.4e+38 -3.4e+38 -3.4e+38 -3.4e+38 -3.4e+38 -3.4e+38 -3.4e+38 -3.4e+38 -3.4e+38 2990 3187 3187
-3.4e+38 -3.4e+38 -3.4e+38 -3.4e+38 -3.4e+38 -3.4e+38 -3.4e+38 -3.4e+38 -3.4e+38 -3.4e+38 -3.4e+38 -3.4e+38 -3.4e+38 -3.4e+38 -3.4e+38 -3.4e+38 -3.4e+38 -3.4e+38 -3.4e+38 -3.4e+38 -3.4e+38 -3.4e+38 -3.4e+38 -3.4e+38 -3.4e+38 3072 3600 3592 3592 3592 3138 3138 3138 3592 3592 3183 3601 3601 3601 3601 3456 3115 3088 3234 -3.4e+38 3116 3089 -3.4e+38 -3.4e+38 -3.4e+38 -3.4e+38 -3.4e+38 -3.4e+38 -3.4e+38 -3.4e+38 -3.4e+38 -3.4e+38 -3.4e+38 -3.4e+38 -3.4e+38 -3.4e+38 -3.4e+38 3093 3075 3094
-3.4e+38 -3.4e+38 -3.4e+38 -3.4e+38 -3.4e+38 -3.4e+38 -3.4e+38 -3.4e+38 -3.4e+38 -3.4e+38 -3.4e+38 -3.4e+38 -3.4e+38 -3.4e+38 -3.4e+38 -3.4e+38 -3.4e+38 -3.4e+38 -3.4e+38 -3.4e+38 -3.4e+38 -3.4e+38 -3.4e+38 -3.4e+38 3114 3600 3600 3600 3600 3592 3138 3138 3592 3592 3183 3183 3601 3601 3601 3601 3456 3456 3234 3316 3298 3184 3116 3118 -3.4e+38 -3.4e+38 -3.4e+38 -3.4e+38 -3.4e+38 -3.4e+38 -3.4e+38 -3.4e+38 -3.4e+38 -3.4e+38 -3.4e+38 -3.4e+38 -3.4e+38 3139 3237 -3.4e+38 3275
3270 3200 -3.4e+38 -3.4e+38 -3.4e+38 -3.4e+38 -3.4e+38 -3.4e+38 -3.4e+38 -3.4e+38 -3.4e+38 -3.4e+38 -3.4e+38 -3.4e+38 -3.4e+38 -3.4e+38 -3.4e+38 -3.4e+38 3202 3205 -3.4e+38 -3.4e+38 -3.4e+38 3568 3568 3600 3600 3600 3600 3592 3592 3592 3592 3592 3592 3601 3601 3601 3601 3601 3601 3456 3234 3316 3298 3298 3308 3308 3235 -3.4e+38 -3.4e+38 -3.4e+38 -3.4e+38 -3.4e+38 -3.4e+38 -3.4e+38 -3.4e+38 -3.4e+38 -3.4e+38 -3.4e+38 -3.4e+38 3220 3237 3361 3324
3305 3548 3272 -3.4e+38 -3.4e+38 -3.4e+38 -3.4e+38 -3.4e+38 -3.4e+38 -3.4e+38 -3.4e+38 -3.4e+38 -3.4e+38 -3.4e+38 -3.4e+38 -3.4e+38 -3.4e+38 -3.4e+38 -3.4e+38 -3.4e+38 3284 3568 3568 3568 3568 3568 3600 3600 3600 3592 3592 3592 3592 3592 3601 3601 3601 3601 3601 3601 3456 3456 3316 3316 3298 3298 3308 3308 3309 -3.4e+38 -3.4e+38 -3.4e+38 -3.4e+38 -3.4e+38 -3.4e+38 -3.4e+38 -3.4e+38 -3.4e+38 -3.4e+38 -3.4e+38 -3.4e+38 3274 3299 3361 3361
3548 3548 3548 3340 -3.4e+38 -3.4e+38 -3.4e+38 -3.4e+38 -3.4e+38 -3.4e+38 -3.4e+38 -3.4e+38 -3.4e+38 -3.4e+38 -3.4e+38 -3.4e+38 -3.4e+38 -3.4e+38 -3.4e+38 3322 3360 3568 3568 3568 3568 3568 3600 3600 3600 3592 3592 3592 3592 3601 3601 3601 3601 3601 3601 3601 3456 3456 3542 3542 3542 3534 3392 3341 3323 -3.4e+38 -3.4e+38 -3.4e+38 -3.4e+38 -3.4e+38 -3.4e+38 -3.4e+38 -3.4e+38 -3.4e+38 -3.4e+38 -3.4e+38 -3.4e+38 -3.4e+38 3395 3361 3361
3548 3548 3548 3405 -3.4e+38 -3.4e+38 -3.4e+38 -3.4e+38 -3.4e+38 -3.4e+38 -3.4e+38 -3.4e+38 -3.4e+38 -3.4e+38 -3.4e+38 -3.4e+38 -3.4e+38 -3.4e+38 -3.4e+38 3406 3391 3568 3568 3568 3568 3568 3568 3600 3592 3592 3592 3592 3592 3601 3601 3601 3601 3601 3601 3456 3456 3542 3542 3542 3534 3534 3457 3392 -3.4e+38 -3.4e+38 -3.4e+38 -3.4e+38 -3.4e+38 -3.4e+38 -3.4e+38 -3.4e+38 -3.4e+38 -3.4e+38 -3.4e+38 -3.4e+38 -3.4e+38 3394 3408 3481 3553
3548 3548 3548 3478 3454 -3.4e+38 -3.4e+38 -3.4e+38 -3.4e+38 -3.4e+38 -3.4e+38 -3.4e+38 -3.4e+38 -3.4e+38 -3.4e+38 -3.4e+38 -3.4e+38 -3.4e+38 3455 3471 3471 3515 3568 3568 3568 3568 3568 3600 3600 3592 3592 3592 3592 3592 3601 3601 3601 3601 3601 3456 3542 3542 3542 3534 3534 3534 3457 3458 -3.4e+38 -3.4e+38 -3.4e+38 -3.4e+38 -3.4e+38 -3.4e+38 -3.4e+38 -3.4e+38 -3.4e+38 -3.4e+38 -3.4e+38 -3.4e+38 -3.4e+38 -3.4e+38 3466 3481 3553
3548 3548 3548 3606 3561 3718 3492 -3.4e+38 -3.4e+38 -3.4e+38 -3.4e+38 -3.4e+38 -3.4e+38 -3.4e+38 -3.4e+38 -3.4e+38 -3.4e+38 -3.4e+38 3528 3528 3528 3515 3568 3568 3568 3568 3568 3600 3600 3592 3592 3592 3592 3601 3601 3601 3601 3542 3542 3542 3542 3542 3646 3534 3534 3534 3534 -3.4e+38 -3.4e+38 -3.4e+38 -3.4e+38 -3.4e+38 -3.4e+38 -3.4e+38 -3.4e+38 -3.4e+38 -3.4e+38 -3.4e+38 -3.4e+38 -3.4e+38 -3.4e+38 -3.4e+38 3518 3552 3553
3606 3606 3606 3606 3561 3718 3526 3607 -3.4e+38 -3.4e+38 -3.4e+38 -3.4e+38 -3.4e+38 -3.4e+38 -3.4e+38 -3.4e+38 -3.4e+38 3677 3677 3674 3528 3528 3568 3568 3568 3568 3568 3600 3600 3600 3592 3592 3592 3592 3601 3601 3542 3542 3758 3758 3542 3542 3646 3646 3534 3646 3646 3529 -3.4e+38 -3.4e+38 -3.4e+38 -3.4e+38 -3.4e+38 -3.4e+38 -3.4e+38 -3.4e+38 -3.4e+38 -3.4e+38 -3.4e+38 -3.4e+38 -3.4e+38 -3.4e+38 3523 3553 3554
3606 3606 3606 3606 3718 3718 3718 3707 3639 -3.4e+38 -3.4e+38 -3.4e+38 -3.4e+38 -3.4e+38 -3.4e+38 -3.4e+38 3576 3677 3677 3677 3674 3674 3674 3674 3674 3674 3568 3600 3600 3600 3592 3592 3592 3601 3601 3758 3758 3758 3758 3758 3758 3758 3646 3646 3646 3646 3646 3646 -3.4e+38 -3.4e+38 -3.4e+38 -3.4e+38 -3.4e+38 -3.4e+38 -3.4e+38 -3.4e+38 -3.4e+38 -3.4e+38 -3.4e+38 -3.4e+38 -3.4e+38 -3.4e+38 -3.4e+38 -3.4e+38 3564
4534 3606 3718 3718 3718 3718 3607 3707 3639 3731 3731 -3.4e+38 -3.4e+38 3623 3623 3609 3687 3687 3677 3677 3674 3674 3674 3674 3674 4534 3674 3600 4534 4534 4534 4534 4534 3601 4534 3758 3758 3758 3758 3758 3758 3758 3646 3646 3646 3646 3646 3646 3628 3618 -3.4e+38 -3.4e+38 -3.4e+38 -3.4e+38 -3.4e+38 -3.4e+38 -3.4e+38 -3.4e+38 -3.4e+38 -3.4e+38 -3.4e+38 -3.4e+38 -3.4e+38 -3.4e+38 -3.4e+38
4534 3718 3718 3718 3718 3718 3718 3707 3731 3731 3764 3751 3751 3769 3769 3752 3666 3687 3687 3677 3677 3674 3674 3674 4534 4534 4534 4534 4534 4534 4534 4534 4534 4534 4534 4534 3758 3758 3758 3758 3758 3758 3758 3758 3646 3758 3758 3646 3661 3653 3640 -3.4e+38 -3.4e+38 -3.4e+38 -3.4e+38 -3.4e+38 -3.4e+38 -3.4e+38 -3.4e+38 -3.4e+38 -3.4e+38 -3.4e+38 -3.4e+38 -3.4e+38 3647
4534 3718 3718 3718 3718 3718 3707 3731 3731 3731 3764 3751 3751 3769 3769 3752 3752 3752 3752 3687 3677 3677 4534 4534 4534 4534 4534 4534 4534 4534 4534 4534 4534 4534 4534 4534 3758 3758 3758 3758 3758 3758 3758 3758 3758 3758 3758 -3.4e+38 -3.4e+38 -3.4e+38 3694 3702 -3.4e+38 -3.4e+38 -3.4e+38 -3.4e+38 -3.4e+38 -3.4e+38 -3.4e+38 -3.4e+38 -3.4e+38 -3.4e+38 -3.4e+38 -3.4e+38 -3.4e+38
4534 3718 3718 3718 3718 3718 3707 3731 3731 3731 3764 3751 3769 3769 3769 3769 3752 3752 3752 4534 4534 4534 4534 4534 4534 4534 4534 4534 4534 4534 4534 4534 3933 3860 3860 3860 3758 3758 3830 3830 3830 3830 3758 3758 3758 3758 3758 3719 3708 3753 3753 3709 -3.4e+38 -3.4e+38 -3.4e+38 -3.4e+38 -3.4e+38 -3.4e+38 -3.4e+38 -3.4e+38 -3.4e+38 -3.4e+38 -3.4e+38 -3.4e+38 -3.4e+38
4534 4534 4534 4534 4534 4534 4534 4534 3764 3764 3764 3751 3751 3769 3769 3769 3769 3752 4534 4534 4534 4534 4534 4534 4534 4534 4534 4534 4534 4534 4534 4534 3933 3860 3860 3860 3860 3860 3860 3830 3830 3830 3830 3758 3758 3758 3758 3753 3753 3753 3753 3753 3732 -3.4e+38 -3.4e+38 -3.4e+38 -3.4e+38 -3.4e+38 -3.4e+38 -3.4e+38 -3.4e+38 -3.4e+38 -3.4e+38 -3.4e+38 -3.4e+38
4534 4534 4534 4534 4534 4534 4534 4534 4534 3764 3764 3764 3769 4534 3769 3769 3769 3752 4534 4534 4534 4534 4534 4534 4534 4534 4534 4534 4534 4534 3933 3933 3933 3860 3860 3860 3860 3860 3860 3860 3830 3830 3830 3833 3818 3818 3789 3789 3791 3753 3780 3780 3770 -3.4e+38 -3.4e+38 -3.4e+38 -3.4e+38 -3.4e+38 -3.4e+38 -3.4e+38 -3.4e+38 -3.4e+38 -3.4e+38 -3.4e+38 -3.4e+38
4534 4534 4534 4534 4534 4534 4534 4534 4534 4534 4534 4534 4534 4534 4534 4534 4534 4534 4534 4534 4534 4534 4534 4534 4534 4534 4534 4534 4534 4534 3933 3933 3933 3860 3860 3860 3860 3860 3860 3860 3860 3830 3833 3833 3818 3818 3799 3789 3791 3795 3780 3780 -3.4e+38 -3.4e+38 -3.4e+38 -3.4e+38 -3.4e+38 -3.4e+38 -3.4e+38 -3.4e+38 -3.4e+38 -3.4e+38 -3.4e+38 -3.4e+38 -3.4e+38
4534 4534 4534 4534 4534 4534 4534 4534 4534 4534 4534 4534 4534 4534 4534 4534 4534 4534 4534 4534 4534 4534 4534 4534 4534 4534 4534 4534 4534 4534 3933 3933 3933 3933 3860 3860 3860 3860 3860 3860 3824 3830 3833 3833 3818 3808 3800 -3.4e+38 -3.4e+38 -3.4e+38 -3.4e+38 3796 -3.4e+38 -3.4e+38 -3.4e+38 -3.4e+38 -3.4e+38 -3.4e+38 -3.4e+38 -3.4e+38 -3.4e+38 -3.4e+38 -3.4e+38 -3.4e+38 -3.4e+38
