Prepped_data/Covariate_Data/PalaeoSed/teyeo_sed_0.5.asc
NCOLS 720 
NROWS 180 
XLLCORNER -180 
YLLCORNER 0 
CELLSIZE 0.5 
NODATA_value -3.4e+38 
[rows 58 to 86 of 180, columns 132 to 197 of 720]
-3.4e+38 -3.4e+38 -3.4e+38 -3.4e+38 -3.4e+38 -3.4e+38 -3.4e+38 -3.4e+38 -3.4e+38 -3.4e+38 -3.4e+38 -3.4e+38 -3.4e+38 -3.4e+38 -3.4e+38 -3.4e+38 -3.4e+38 -3.4e+38 -3.4e+38 -3.4e+38 -3.4e+38 -3.4e+38 -3.4e+38 -3.4e+38 -3.4e+38 -3.4e+38 3278 3295 3982 3982 3982 3982 3982 3982 3982 3982 3982 3982 3445 3445 3445 3445 3445 3445 3445 3445 3445 3445 4434 4434 4434 4434 4434 4434 4434 4434 4434 4434 4434 4434 4434 4434 4434 4434 4434 4434
-3.4e+38 -3.4e+38 -3.4e+38 -3.4e+38 -3.4e+38 -3.4e+38 -3.4e+38 -3.4e+38 -3.4e+38 -3.4e+38 -3.4e+38 -3.4e+38 -3.4e+38 -3.4e+38 -3.4e+38 -3.4e+38 -3.4e+38 -3.4e+38 -3.4e+38 -3.4e+38 -3.4e+38 -3.4e+38 -3.4e+38 -3.4e+38 -3.4e+38 -3.4e+38 -3.4e+38 -3.4e+38 3982 3982 3982 3982 3982 3982 3982 3982 3982 3982 3982 3445 3445 3445 3445 3445 3445 3445 3445 4434 4434 4434 4434 4434 4434 4434 4434 4434 4434 4434 4434 4434 4434 4434 4434 4434 4434 4434
-3.4e+38 -3.4e+38 -3.4e+38 -3.4e+38 -3.4e+38 -3.4e+38 -3.4e+38 -3.4e+38 -3.4e+38 -3.4e+38 -3.4e+38 -3.4e+38 -3.4e+38 -3.4e+38 -3.4e+38 -3.4e+38 -3.4e+38 -3.4e+38 -3.4e+38 -3.4e+38 -3.4e+38 -3.4e+38 -3.4e+38 -3.4e+38 -3.4e+38 3359 3426 3360 3982 3982 3982 3982 3982 3982 3982 3982 3982 3982 3982 3445 3445 3445 3445 3445 3445 3445 4434 4434 4434 4434 4434 4434 4434 4434 4434 4434 4434 4434 4434 4434 4434 4434 4434 4434 4434 4434
-3.4e+38 -3.4e+38 -3.4e+38 -3.4e+38 -3.4e+38 -3.4e+38 -3.4e+38 -3.4e+38 -3.4e+38 -3.4e+38 -3.4e+38 -3.4e+38 -3.4e+38 -3.4e+38 -3.4e+38 -3.4e+38 -3.4e+38 -3.4e+38 -3.4e+38 -3.4e+38 -3.4e+38 -3.4e+38 -3.4e+38 -3.4e+38 3410 3411 3426 3426 3982 3982 3982 3982 3982 3982 3982 3982 3982 3982 3982 3982 3445 3445 3445 3982 3445 4434 4434 4434 4434 4434 4434 4434 4434 4434 4434 4434 4434 4434 4434 4434 4434 4434 4434 4434 4434 4434
-3.4e+38 -3.4e+38 -3.4e+38 -3.4e+38 -3.4e+38 -3.4e+38 -3.4e+38 -3.4e+38 -3.4e+38 -3.4e+38 -3.4e+38 -3.4e+38 -3.4e+38 -3.4e+38 -3.4e+38 -3.4e+38 -3.4e+38 -3.4e+38 -3.4e+38 -3.4e+38 -3.4e+38 -3.4e+38 -3.4e+38 -3.4e+38 -3.4e+38 -3.4e+38 3453 3474 3474 3982 3982 3982 3982 3982 3982 3982 3982 3982 3982 3982 3982 3445 3982 3982 3982 4434 4434 4434 4434 4434 4434 4434 4434 4434 4434 4434 4434 4434 4434 4434 4434 4434 4434 4434 4434 4434
-3.4e+38 -3.4e+38 -3.4e+38 -3.4e+38 -3.4e+38 -3.4e+38 -3.4e+38 -3.4e+38 -3.4e+38 -3.4e+38 -3.4e+38 -3.4e+38 -3.4e+38 -3.4e+38 -3.4e+38 -3.4e+38 -3.4e+38 -3.4e+38 -3.4e+38 -3.4e+38 -3.4e+38 -3.4e+38 -3.4e+38 3484 -3.4e+38 -3.4e+38 -3.4e+38 -3.4e+38 3474 3500 3500 3982 3982 3982 3982 3982 3982 3982 3982 3982 3982 3982 3982 3982 3982 3982 4434 4434 4434 4434 4434 4434 4434 4434 4434 4434 4434 4434 4434 4434 4434 4434 4434 4434 4434 4434
-3.4e+38 -3.4e+38 -3.4e+38 -3.4e+38 -3.4e+38 -3.4e+38 -3.4e+38 -3.4e+38 -3.4e+38 -3.4e+38 -3.4e+38 -3.4e+38 -3.4e+38 -3.4e+38 -3.4e+38 -3.4e+38 -3.4e+38 -3.4e+38 -3.4e+38 -3.4e+38 -3.4e+38 -3.4e+38 -3.4e+38 -3.4e+38 3507 3495 3508 -3.4e+38 -3.4e+38 3500 3528 3528 3528 3982 3982 3982 3982 3982 3982 3982 3982 3982 3982 3982 3982 3982 3982 3982 4434 4434 4434 4434 4434 4434 4434 4434 4434 4434 4434 4434 4434 4434 4434 4434 4434 4434
-3.4e+38 -3.4e+38 -3.4e+38 -3.4e+38 -3.4e+38 -3.4e+38 -3.4e+38 -3.4e+38 -3.4e+38 -3.4e+38 -3.4e+38 -3.4e+38 -3.4e+38 -3.4e+38 -3.4e+38 -3.4e+38 -3.4e+38 -3.4e+38 -3.4e+38 -3.4e+38 -3.4e+38 -3.4e+38 -3.4e+38 -3.4e+38 -3.4e+38 3525 -3.4e+38 -3.4e+38 -3.4e+38 -3.4e+38 3528 3565 3565 3565 3982 3982 3982 3982 3982 3982 3982 3982 3982 3982 3982 3982 3982 3982 4434 4434 4434 4434 4434 4434 4434 4434 4434 4434 4434 4434 4434 4434 4434 4434 4434 4434
-3.4e+38 -3.4e+38 -3.4e+38 -3.4e+38 -3.4e+38 -3.4e+38 -3.4e+38 -3.4e+38 -3.4e+38 -3.4e+38 -3.4e+38 -3.4e+38 -3.4e+38 -3.4e+38 -3.4e+38 -3.4e+38 -3.4e+38 -3.4e+38 -3.4e+38 -3.4e+38 -3.4e+38 -3.4e+38 -3.4e+38 -3.4e+38 -3.4e+38 -3.4e+38 3564 3577 -3.4e+38 -3.4e+38 -3.4e+38 3565 3617 3565 3982 3982 3982 3982 3982 3982 3982 3982 3982 3982 3982 3982 3982 3982 4434 4434 4434 4434 4434 4434 4434 4434 4434 4434 4434 4434 4434 4434 4434 4434 4434 4434
-3.4e+38 -3.4e+38 -3.4e+38 -3.4e+38 -3.4e+38 -3.4e+38 -3.4e+38 -3.4e+38 -3.4e+38 -3.4e+38 -3.4e+38 -3.4e+38 -3.4e+38 -3.4e+38 -3.4e+38 -3.4e+38 -3.4e+38 -3.4e+38 -3.4e+38 -3.4e+38 -3.4e+38 -3.4e+38 -3.4e+38 -3.4e+38 -3.4e+38 -3.4e+38 -3.4e+38 3626 3627 -3.4e+38 -3.4e+38 -3.4e+38 3636 3982 3982 3982 3982 3982 3982 3982 3982 3982 3982 3982 3982 3982 3982 3982 4434 4434 4434 4434 4434 4434 4434 4434 4434 4434 4434 4434 4434 4434 4434 4434 4434 4434
-3.4e+38 -3.4e+38 -3.4e+38 -3.4e+38 -3.4e+38 -3.4e+38 -3.4e+38 -3.4e+38 -3.4e+38 -3.4e+38 -3.4e+38 -3.4e+38 -3.4e+38 -3.4e+38 -3.4e+38 -3.4e+38 -3.4e+38 -3.4e+38 -3.4e+38 -3.4e+38 -3.4e+38 -3.4e+38 -3.4e+38 -3.4e+38 -3.4e+38 -3.4e+38 -3.4e+38 -3.4e+38 3649 -3.4e+38 -3.4e+38 3650 3657 3982 3982 3982 3982 3982 3982 3982 3982 3982 3982 3982 3982 3982 3982 3982 4434 4434 4434 4434 4434 4434 4434 4434 4434 4434 4434 4434 4434 4434 4434 4434 4434 4434
-3.4e+38 -3.4e+38 -3.4e+38 -3.4e+38 -3.4e+38 -3.4e+38 -3.4e+38 -3.4e+38 -3.4e+38 -3.4e+38 -3.4e+38 -3.4e+38 -3.4e+38 -3.4e+38 -3.4e+38 -3.4e+38 -3.4e+38 -3.4e+38 -3.4e+38 -3.4e+38 -3.4e+38 -3.4e+38 -3.4e+38 -3.4e+38 -3.4e+38 -3.4e+38 -3.4e+38 -3.4e+38 -3.4e+38 -3.4e+38 -3.4e+38 3727 3727 3834 3834 3982 3982 3982 3982 3982 3982 3982 3982 3982 3982 3982 3982 3982 4434 4434 4434 4434 4434 4434 4434 4434 4434 4434 4434 4434 4434 4434 4434 4434 4434 4434
-3.4e+38 -3.4e+38 -3.4e+38 -3.4e+38 -3.4e+38 -3.4e+38 -3.4e+38 -3.4e+38 -3.4e+38 -3.4e+38 -3.4e+38 -3.4e+38 -3.4e+38 -3.4e+38 -3.4e+38 -3.4e+38 -3.4e+38 -3.4e+38 -3.4e+38 -3.4e+38 -3.4e+38 -3.4e+38 -3.4e+38 -3.4e+38 -3.4e+38 -3.4e+38 -3.4e+38 -3.4e+38 -3.4e+38 -3.4e+38 -3.4e+38 3745 3819 3834 3982 3982 3982 3982 3982 3982 3982 3982 3982 3982 3982 3982 3982 3982 4434 4434 4434 4434 4434 4434 4434 4434 4434 4434 4434 4434 4434 4434 4434 4434 4434 4434
-3.4e+38 -3.4e+38 -3.4e+38 -3.4e+38 -3.4e+38 -3.4e+38 -3.4e+38 -3.4e+38 -3.4e+38 -3.4e+38 -3.4e+38 -3.4e+38 -3.4e+38 -3.4e+38 -3.4e+38 -3.4e+38 -3.4e+38 -3.4e+38 -3.4e+38 -3.4e+38 -3.4e+38 -3.4e+38 -3.4e+38 -3.4e+38 -3.4e+38 -3.4e+38 -3.4e+38 -3.4e+38 -3.4e+38 -3.4e+38 -3.4e+38 3819 3834 3834 3982 3982 3982 3982 3982 3982 3982 3982 3982 3982 3982 3982 3982 3982 3982 4434 4434 4434 4434 4434 4434 4434 4434 4434 4434 4434 4434 4434 4434 4434 4434 4434
-3.4e+38 -3.4e+38 -3.4e+38 -3.4e+38 -3.4e+38 -3.4e+38 -3.4e+38 -3.4e+38 -3.4e+38 -3.4e+38 -3.4e+38 -3.4e+38 -3.4e+38 -3.4e+38 -3.4e+38 -3.4e+38 -3.4e+38 -3.4e+38 -3.4e+38 -3.4e+38 -3.4e+38 -3.4e+38 -3.4e+38 -3.4e+38 -3.4e+38 -3.4e+38 -3.4e+38 -3.4e+38 -3.4e+38 -3.4e+38 -3.4e+38 -3.4e+38 3839 3834 3982 3982 3982 3982 3982 3982 3982 3982 3982 3982 3982 3982 3982 3982 3982 4434 4434 4434 4434 4434 4434 4434 4434 4434 4434 4434 4434 4434 4434 4434 4434 4434
-3.4e+38 -3.4e+38 -3.4e+38 -3.4e+38 -3.4e+38 -3.4e+38 -3.4e+38 -3.4e+38 -3.4e+38 -3.4e+38 -3.4e+38 -3.4e+38 -3.4e+38 -3.4e+38 -3.4e+38 -3.4e+38 -3.4e+38 -3.4e+38 -3.4e+38 -3.4e+38 -3.4e+38 -3.4e+38 -3.4e+38 -3.4e+38 -3.4e+38 -3.4e+38 -3.4e+38 -3.4e+38 -3.4e+38 -3.4e+38 -3.4e+38 3846 3848 3929 3982 3982 3982 3982 3982 3982 3982 3982 3982 3982 3982 3982 3982 3982 4434 4434 4434 4434 4434 4434 4434 4434 4434 4434 4434 4434 4434 4434 4434 4434 4434 4434
-3.4e+38 -3.4e+38 -3.4e+38 -3.4e+38 -3.4e+38 -3.4e+38 -3.4e+38 -3.4e+38 -3.4e+38 -3.4e+38 -3.4e+38 -3.4e+38 -3.4e+38 -3.4e+38 -3.4e+38 -3.4e+38 -3.4e+38 -3.4e+38 -3.4e+38 -3.4e+38 -3.4e+38 -3.4e+38 -3.4e+38 -3.4e+38 -3.4e+38 -3.4e+38 -3.4e+38 -3.4e+38 -3.4e+38 -3.4e+38 -3.4e+38 3929 3929 3929 3982 3982 3982 3982 3982 3982 3982 3982 3982 3982 3982 3982 3982 3982 4434 4434 4434 4434 4434 4434 4434 4434 4434 4434 4434 4434 4434 4434 4434 4434 4434 4434
-3.4e+38 -3.4e+38 -3.4e+38 -3.4e+38 -3.4e+38 -3.4e+38 -3.4e+38 -3.4e+38 -3.4e+38 -3.4e+38 -3.4e+38 -3.4e+38 -3.4e+38 -3.4e+38 -3.4e+38 -3.4e+38 -3.4e+38 -3.4e+38 -3.4e+38 -3.4e+38 -3.4e+38 -3.4e+38 -3.4e+38 -3.4e+38 -3.4e+38 -3.4e+38 -3.4e+38 -3.4e+38 -3.4e+38 -3.4e+38 -3.4e+38 -3.4e+38 3929 3929 3982 3982 3982 3982 3982 3982 3982 3982 3982 3982 3982 3982 3982 3982 4434 4434 4434 4434 4434 4434 4434 4434 4434 4434 4434 4434 4434 4434 4434 4434 4434 4434
-3.4e+38 -3.4e+38 -3.4e+38 -3.4e+38 -3.4e+38 -3.4e+38 -3.4e+38 -3.4e+38 -3.4e+38 -3.4e+38 -3.4e+38 -3.4e+38 -3.4e+38 -3.4e+38 -3.4e+38 -3.4e+38 -3.4e+38 -3.4e+38 -3.4e+38 -3.4e+38 -3.4e+38 -3.4e+38 -3.4e+38 -3.4e+38 -3.4e+38 -3.4e+38 -3.4e+38 -3.4e+38 -3.4e+38 -3.4e+38 -3.4e+38 -3.4e+38 3929 3929 3929 3982 3982 3982 3982 3982 3982 3982 3982 3982 3982 3982 3982 3982 3982 3982 4434 4434 4434 4434 4434 4434 4434 4434 4434 4434 4434 4434 4434 4434 4434 4434
-3.4e+38 -3.4e+38 -3.4e+38 -3.4e+38 -3.4e+38 -3.4e+38 -3.4e+38 -3.4e+38 -3.4e+38 -3.4e+38 -3.4e+38 -3.4e+38 -3.4e+38 -3.4e+38 -3.4e+38 -3.4e+38 -3.4e+38 -3.4e+38 -3.4e+38 -3.4e+38 -3.4e+38 -3.4e+38 -3.4e+38 -3.4e+38 -3.4e+38 -3.4e+38 -3.4e+38 -3.4e+38 -3.4e+38 -3.4e+38 -3.4e+38 -3.4e+38 3929 3929 3929 3929 3929 3982 3982 3982 3982 3982 3982 3982 3982 3982 3982 3982 3982 3982 4434 4434 4434 4434 4434 4434 4434 4434 4434 4434 4434 4434 4434 4434 4434 4434
-3.4e+38 -3.4e+38 -3.4e+38 -3.4e+38 -3.4e+38 -3.4e+38 -3.4e+38 -3.4e+38 -3.4e+38 -3.4e+38 -3.4e+38 -3.4e+38 -3.4e+38 -3.4e+38 -3.4e+38 -3.4e+38 -3.4e+38 -3.4e+38 -3.4e+38 -3.4e+38 -3.4e+38 -3.4e+38 -3.4e+38 -3.4e+38 -3.4e+38 -3.4e+38 -3.4e+38 -3.4e+38 -3.4e+38 -3.4e+38 -3.4e+38 -3.4e+38 -3.4e+38 3929 3929 3929 3929 3947 3982 3982 3982 3982 3982 3982 3982 3982 3982 3982 3982 3982 4434 4434 4434 4434 4434 4434 4434 4434 4434 4434 4434 4434 4434 4434 4434 4434
-3.4e+38 -3.4e+38 -3.4e+38 -3.4e+38 -3.4e+38 -3.4e+38 -3.4e+38 -3.4e+38 -3.4e+38 -3.4e+38 -3.4e+38 -3.4e+38 -3.4e+38 -3.4e+38 -3.4e+38 -3.4e+38 -3.4e+38 -3.4e+38 -3.4e+38 -3.4e+38 -3.4e+38 -3.4e+38 -3.4e+38 -3.4e+38 -3.4e+38 -3.4e+38 -3.4e+38 -3.4e+38 -3.4e+38 -3.4e+38 -3.4e+38 -3.4e+38 -3.4e+38 3940 3944 3947 3947 3947 3947 3947 3982 3982 3982 3982 3982 3982 3982 3982 4434 4434 4434 4434 4434 4434 4434 4434 4434 4434 4434 4434 4434 4434 4434 4434 4434 4434
-3.4e+38 -3.4e+38 -3.4e+38 -3.4e+38 -3.4e+38 -3.4e+38 -3.4e+38 -3.4e+38 -3.4e+38 -3.4e+38 -3.4e+38 -3.4e+38 -3.4e+38 -3.4e+38 -3.4e+38 -3.4e+38 -3.4e+38 -3.4e+38 -3.4e+38 -3.4e+38 -3.4e+38 -3.4e+38 -3.4e+38 -3.4e+38 -3.4e+38 -3.4e+38 -3.4e+38 -3.4e+38 -3.4e+38 -3.4e+38 -3.4e+38 -3.4e+38 -3.4e+38 -3.4e+38 3947 3997 3997 3997 3947 3947 3982 3982 3982 3982 3982 3982 3982 3982 4434 4434 4434 4434 4434 4434 4434 4434 4434 4434 4434 4434 4434 4434 4434 4434 4434 4434
-3.4e+38 -3.4e+38 -3.4e+38 -3.4e+38 -3.4e+38 -3.4e+38 -3.4e+38 -3.4e+38 -3.4e+38 -3.4e+38 -3.4e+38 -3.4e+38 -3.4e+38 -3.4e+38 -3.4e+38 -3.4e+38 -3.4e+38 -3.4e+38 -3.4e+38 -3.4e+38 -3.4e+38 -3.4e+38 -3.4e+38 -3.4e+38 -3.4e+38 -3.4e+38 -3.4e+38 -3.4e+38 -3.4e+38 -3.4e+38 -3.4e+38 -3.4e+38 -3.4e+38 3952 3954 3997 3997 3997 3997 3982 3982 3982 3982 3982 3982 3982 3982 3982 4434 4434 4434 4434 4434 4434 4434 4434 4434 4434 4434 4434 4434 4434 4434 4434 4434 4434
-3.4e+38 -3.4e+38 -3.4e+38 -3.4e+38 -3.4e+38 -3.4e+38 -3.4e+38 -3.4e+38 -3.4e+38 -3.4e+38 -3.4e+38 -3.4e+38 -3.4e+38 -3.4e+38 -3.4e+38 -3.4e+38 -3.4e+38 -3.4e+38 -3.4e+38 -3.4e+38 -3.4e+38 -3.4e+38 -3.4e+38 -3.4e+38 -3.4e+38 -3.4e+38 -3.4e+38 -3.4e+38 -3.4e+38 -3.4e+38 -3.4e+38 -3.4e+38 -3.4e+38 -3.4e+38 3961 3997 3997 3997 3997 3982 3982 3982 3982 3982 3982 3982 3982 4434 4434 4434 4434 4434 4434 4434 4434 4434 4434 4434 4434 4434 4434 4434 4434 4434 4434 4434
-3.4e+38 -3.4e+38 -3.4e+38 -3.4e+38 -3.4e+38 -3.4e+38 -3.4e+38 -3.4e+38 -3.4e+38 -3.4e+38 -3.4e+38 -3.4e+38 -3.4e+38 -3.4e+38 -3.4e+38 -3.4e+38 -3.4e+38 -3.4e+38 -3.4e+38 -3.4e+38 -3.4e+38 -3.4e+38 -3.4e+38 -3.4e+38 -3.4e+38 -3.4e+38 -3.4e+38 -3.4e+38 -3.4e+38 -3.4e+38 -3.4e+38 -3.4e+38 -3.4e+38 -3.4e+38 3972 3973 3997 3997 3997 3997 3997 4141 3982 3982 3982 3982 3982 4434 4434 4434 4434 4434 4434 4434 4434 4434 4434 4434 4434 4434 4434 4434 4434 4434 4434 4434
-3.4e+38 -3.4e+38 -3.4e+38 -3.4e+38 -3.4e+38 -3.4e+38 -3.4e+38 -3.4e+38 -3.4e+38 -3.4e+38 -3.4e+38 -3.4e+38 -3.4e+38 -3.4e+38 -3.4e+38 -3.4e+38 -3.4e+38 -3.4e+38 -3.4e+38 -3.4e+38 -3.4e+38 -3.4e+38 -3.4e+38 -3.4e+38 -3.4e+38 -3.4e+38 -3.4e+38 -3.4e+38 -3.4e+38 -3.4e+38 -3.4e+38 -3.4e+38 -3.4e+38 -3.4e+38 3978 3995 3997 3997 3997 3997 4141 4141 4335 4335 3982 3982 4335 4434 4434 4434 4434 4434 4434 4434 4434 4434 4434 4434 4434 4434 4434 4434 4434 4434 4434 4434
-3.4e+38 -3.4e+38 -3.4e+38 -3.4e+38 -3.4e+38 -3.4e+38 -3.4e+38 -3.4e+38 -3.4e+38 -3.4e+38 -3.4e+38 -3.4e+38 -3.4e+38 -3.4e+38 -3.4e+38 -3.4e+38 -3.4e+38 -3.4e+38 -3.4e+38 -3.4e+38 -3.4e+38 -3.4e+38 -3.4e+38 -3.4e+38 -3.4e+38 -3.4e+38 -3.4e+38 -3.4e+38 -3.4e+38 -3.4e+38 -3.4e+38 -3.4e+38 -3.4e+38 -3.4e+38 -3.4e+38 4005 4029 4029 4141 4141 4141 4141 4335 4335 4335 4335 4335 4335 4434 4434 4434 4434 4434 4434 4434 4434 4434 4434 4434 4434 4434 4434 4434 4434 4434 4434
-3.4e+38 -3.4e+38 -3.4e+38 -3.4e+38 -3.4e+38 -3.4e+38 -3.4e+38 -3.4e+38 -3.4e+38 -3.4e+38 -3.4e+38 -3.4e+38 -3.4e+38 -3.4e+38 -3.4e+38 -3.4e+38 -3.4e+38 -3.4e+38 -3.4e+38 -3.4e+38 -3.4e+38 -3.4e+38 -3.4e+38 -3.4e+38 -3.4e+38 -3.4e+38 -3.4e+38 -3.4e+38 -3.4e+38 -3.4e+38 -3.4e+38 -3.4e+38 -3.4e+38 -3.4e+38 -3.4e+38 4024 4029 4029 4141 4141 4141 4141 4335 4335 4335 4335 4335 4335 4434 4434 4434 4434 4434 4434 4434 4434 4434 4434 4434 4434 4434 4434 4434 4434 4434 4434
