Prepped_data/Covariate_Data/PalaeoSed/teyep_sed_0.5.asc
NCOLS 720 
NROWS 180 
XLLCORNER -180 
YLLCORNER 0 
CELLSIZE 0.5 
NODATA_value -3.4e+38 
[rows 29 to 57 of 180, columns 130 to 194 of 720]
1690 1690 1690 1690 1690 1690 1690 1690 1690 1690 1690 1690 1690 1690 1690 1690 1690 1690 1690 1690 1690 1690 1690 1690 1690 1690 1690 1690 1690 1690 1690 1690 1690 1690 1690 804 804 804 804 804 804 804 804 804 804 804 804 804 804 804 804 804 622 622 622 622 622 622 622 622 590 590 590 590 590
1690 1690 1690 1690 1690 1690 1690 1690 1690 1690 1690 1690 1690 1690 1690 1690 1690 1690 1690 1690 1690 1690 1690 1690 1690 1690 1690 1690 1690 1690 1690 1690 1690 1690 1690 804 804 804 804 804 804 804 804 804 804 804 804 804 804 804 804 804 804 622 622 622 622 622 622 590 590 590 590 590 590
1690 1690 1690 1690 1690 1690 1690 1690 1690 1690 1690 1690 1690 1690 1690 1690 1690 1690 1690 1690 1690 1690 1690 1690 1690 1690 1690 1690 1690 1690 1690 1690 1690 1690 1690 1690 804 1690 804 804 804 804 804 804 804 804 804 804 804 804 804 804 804 622 622 622 622 622 622 590 590 736 736 736 590
1690 1690 1690 1690 1690 1690 1690 1690 1690 1690 1690 1690 1690 1690 1690 1690 1690 1690 1690 1690 1690 1690 1690 1690 1690 1690 1690 1690 1690 1690 1690 1690 1690 1690 1690 1690 1690 1690 1690 804 804 804 804 804 804 804 804 804 804 804 804 804 622 622 622 622 622 622 590 590 590 736 736 736 736
1690 1690 1690 1690 1690 1690 1690 1690 1690 1690 1690 1690 1690 1690 1690 1690 1690 1690 1690 1690 1690 1690 1690 1690 1690 1690 1690 1690 1690 1690 1690 1690 1690 1690 1690 1690 1690 1690 1690 1690 1690 1690 1690 804 804 804 804 804 804 804 804 804 1642 622 622 1642 1642 1642 1642 1642 736 736 736 736 736
1690 1690 1690 1690 1690 1690 1690 1690 1690 1690 1690 1690 1690 1690 1690 1690 1690 1690 1690 1690 1690 1690 1690 1690 1690 1690 1690 1690 1690 1690 1690 1690 1690 1690 1690 1690 1690 1690 1690 1690 1690 1690 1690 1690 804 804 804 804 804 804 804 804 1642 1642 1642 1642 1642 1642 1642 1642 736 736 736 736 736
1690 1690 1690 1690 1690 1690 1690 1012 1012 1690 1012 1012 1690 1690 1690 1690 1690 1690 1690 1690 1690 1690 1690 1690 1690 1690 1690 1690 1690 1690 1690 1690 1690 1690 1690 1690 1690 1690 1690 1690 1690 1690 1690 1690 1690 1690 804 804 804 804 804 804 1642 1642 1642 1642 1642 1642 1642 1642 1642 1642 1642 736 1642
1690 1690 1690 1204 1012 1012 1012 1012 1012 1012 1012 1012 1012 1690 1690 1690 1690 1690 1690 1690 1690 1690 1690 1690 1690 1690 1690 1690 1690 1690 1690 1690 1690 1690 1690 1690 1690 1690 1690 1690 1690 1690 1690 1690 1690 1690 1690 804 804 804 1642 1642 1642 1642 1642 1642 1642 1642 1642 1642 1642 1642 1642 1642 1642
919 1204 1204 1204 1204 1012 1012 1012 1012 1012 1044 1044 1044 1690 1690 1690 1690 1690 1690 1690 1690 1690 1690 1690 1690 1690 1690 1690 1690 1690 1690 1690 1690 1690 1690 1690 1690 1690 1690 1690 1690 1690 1690 1690 1690 1690 1690 1690 1690 804 1642 1642 1642 1642 1642 1642 1642 1642 1642 1642 1642 1642 1642 1642 1642
918 1204 1204 1204 1204 1012 1012 1012 1012 1012 1044 1044 1044 1690 1690 1690 1551 1551 1690 1551 1551 1690 1690 1690 1690 1690 1690 1690 1690 1690 1690 1690 1690 1690 1690 1690 1690 1690 1690 1690 1690 1690 1690 1690 1690 1690 1690 1642 1642 1642 1642 1642 1642 1642 1642 1642 1642 1642 1642 1642 1642 1642 1642 1642 1642
-3.4e+38 -3.4e+38 1204 1204 1204 1204 1012 1012 1012 957 944 1044 1044 1044 1044 1044 1551 1551 1551 1551 1551 1551 1551 1690 1690 1551 1551 1690 1690 1690 1690 1690 1690 1690 1690 1690 1690 1690 1690 1690 1690 1690 1690 1690 1690 1690 1642 1642 1642 1642 1642 1642 1642 1642 1642 1642 1642 1642 1642 1642 1642 1642 1642 1642 1642
1106 -3.4e+38 1204 1204 1204 1204 1204 1254 1156 1159 1161 1298 1298 1298 1324 1324 1424 1551 1551 1551 1551 1551 1551 1551 1551 1551 1551 1551 1551 1690 1690 1690 1690 1690 1690 1690 1690 1690 1690 1690 1690 1690 1690 1690 1690 1690 1642 1642 1642 1642 1642 1642 1642 1642 1642 1642 1642 1642 1642 1642 1642 1642 1642 1642 1642
1246 1249 -3.4e+38 -3.4e+38 1279 -3.4e+38 1281 1253 -3.4e+38 -3.4e+38 -3.4e+38 -3.4e+38 1298 1298 1324 1324 1424 1424 1551 1551 1551 1551 1551 1551 1551 1551 1551 1551 1551 1690 1690 1690 1690 1690 1690 1690 1690 1690 1690 1690 1690 1690 1690 1690 2512 2512 1642 1642 1642 1642 1642 1642 1642 1642 1642 1642 1642 1642 1642 1642 1642 1642 1642 1642 1642
-3.4e+38 -3.4e+38 -3.4e+38 -3.4e+38 -3.4e+38 -3.4e+38 -3.4e+38 -3.4e+38 -3.4e+38 -3.4e+38 -3.4e+38 -3.4e+38 -3.4e+38 -3.4e+38 -3.4e+38 1424 1424 1424 1424 1424 1551 1551 1551 1551 1551 1551 1541 1541 1541 1690 1690 1690 1690 1690 1690 1690 1690 1690 1690 1690 1690 1690 1690 1690 2512 2512 2512 2512 1642 1642 2512 2512 2512 1642 1642 1642 1642 1642 1642 1642 1642 1642 1642 1642 1642
-3.4e+38 -3.4e+38 -3.4e+38 -3.4e+38 -3.4e+38 -3.4e+38 -3.4e+38 -3.4e+38 -3.4e+38 -3.4e+38 -3.4e+38 -3.4e+38 -3.4e+38 -3.4e+38 -3.4e+38 -3.4e+38 -3.4e+38 1431 1424 1424 1551 1551 1551 1551 1551 1541 1541 1541 1541 1541 1541 1780 1690 1690 1690 1690 1690 1690 1690 1690 1690 1690 1690 1690 1690 2512 2512 2512 2512 2512 2512 2512 2512 2512 2512 1642 1642 1642 1642 1642 1642 1642 1642 1642 1642
-3.4e+38 -3.4e+38 -3.4e+38 -3.4e+38 -3.4e+38 -3.4e+38 -3.4e+38 -3.4e+38 -3.4e+38 -3.4e+38 -3.4e+38 -3.4e+38 -3.4e+38 -3.4e+38 -3.4e+38 -3.4e+38 -3.4e+38 -3.4e+38 1481 1551 1551 1551 1551 1551 1551 1551 1562 1541 1541 1541 1780 1780 1780 1690 1690 1690 1690 1690 1690 1690 1690 1690 1690 2512 1690 2512 2512 2512 2512 2512 2512 2512 2512 2512 2512 1642 1642 1642 1642 1642 1642 1642 1642 1642 2512
-3.4e+38 -3.4e+38 -3.4e+38 -3.4e+38 -3.4e+38 -3.4e+38 -3.4e+38 -3.4e+38 -3.4e+38 -3.4e+38 -3.4e+38 -3.4e+38 -3.4e+38 -3.4e+38 -3.4e+38 -3.4e+38 -3.4e+38 -3.4e+38 -3.4e+38 -3.4e+38 -3.4e+38 -3.4e+38 1550 1551 1551 1551 1562 1540 1575 1656 1780 1780 1780 1780 1690 1690 1690 1690 1690 1690 1690 1690 1690 2512 2512 2512 2512 2512 2512 2512 2512 2512 2512 2512 2512 2512 2512 1642 1642 1642 1642 1642 1642 2512 2512
-3.4e+38 -3.4e+38 -3.4e+38 -3.4e+38 -3.4e+38 -3.4e+38 -3.4e+38 -3.4e+38 -3.4e+38 -3.4e+38 -3.4e+38 -3.4e+38 -3.4e+38 -3.4e+38 -3.4e+38 -3.4e+38 -3.4e+38 -3.4e+38 -3.4e+38 -3.4e+38 -3.4e+38 -3.4e+38 1590 1620 1641 1641 1604 1604 1633 1656 1780 1780 1780 1780 1780 1690 1690 1690 1690 1690 1690 2228 2512 2512 2512 2512 2512 2512 2512 2512 2512 2512 2512 2512 2512 2512 2512 2512 2512 1642 1642 1642 2512 2512 2512
-3.4e+38 -3.4e+38 -3.4e+38 -3.4e+38 -3.4e+38 -3.4e+38 -3.4e+38 -3.4e+38 -3.4e+38 -3.4e+38 -3.4e+38 -3.4e+38 -3.4e+38 -3.4e+38 -3.4e+38 -3.4e+38 -3.4e+38 -3.4e+38 -3.4e+38 -3.4e+38 -3.4e+38 -3.4e+38 -3.4e+38 -3.4e+38 1844 1844 1777 -3.4e+38 -3.4e+38 1656 1780 1780 1780 1780 1780 1690 1690 1690 1690 2228 2228 2228 2512 2512 2512 2512 2512 2512 2512 2512 2512 2512 2512 2512 2512 2512 2512 2512 2512 2512 2512 2512 2512 2512 2512
-3.4e+38 -3.4e+38 -3.4e+38 -3.4e+38 -3.4e+38 -3.4e+38 -3.4e+38 -3.4e+38 -3.4e+38 -3.4e+38 -3.4e+38 -3.4e+38 -3.4e+38 -3.4e+38 -3.4e+38 -3.4e+38 -3.4e+38 -3.4e+38 -3.4e+38 -3.4e+38 -3.4e+38 -3.4e+38 -3.4e+38 -3.4e+38 1844 1844 1820 1820 -3.4e+38 1780 1780 1824 1825 1936 1936 2228 2228 2228 2228 2228 2228 2228 2228 2512 2512 2512 2512 2512 2512 2512 2512 2512 2512 2512 2512 2512 2512 2512 2512 2512 2512 2512 2512 2512 2512
-3.4e+38 -3.4e+38 -3.4e+38 -3.4e+38 -3.4e+38 -3.4e+38 -3.4e+38 -3.4e+38 -3.4e+38 -3.4e+38 -3.4e+38 -3.4e+38 -3.4e+38 -3.4e+38 -3.4e+38 -3.4e+38 -3.4e+38 -3.4e+38 -3.4e+38 -3.4e+38 -3.4e+38 -3.4e+38 -3.4e+38 -3.4e+38 1844 1863 -3.4e+38 -3.4e+38 -3.4e+38 1867 1867 -3.4e+38 1846 1936 2081 2228 2228 2228 2228 2228 2228 2228 2228 2512 2512 2512 2512 2512 2512 2755 2755 2512 2512 2512 2512 2512 2512 2512 2512 2512 2512 2512 2512 2512 2512
-3.4e+38 -3.4e+38 -3.4e+38 -3.4e+38 -3.4e+38 -3.4e+38 -3.4e+38 -3.4e+38 -3.4e+38 -3.4e+38 -3.4e+38 -3.4e+38 -3.4e+38 -3.4e+38 -3.4e+38 -3.4e+38 -3.4e+38 -3.4e+38 -3.4e+38 -3.4e+38 -3.4e+38 -3.4e+38 -3.4e+38 -3.4e+38 -3.4e+38 -3.4e+38 2019 2019 -3.4e+38 1969 -3.4e+38 -3.4e+38 -3.4e+38 2081 2081 2228 2228 2228 2228 2228 2228 2228 2512 2512 2512 2512 2512 2755 2755 2755 2755 2512 2512 2512 2512 2512 2512 2512 2512 2512 2512 2512 2512 2512 2512
-3.4e+38 -3.4e+38 -3.4e+38 -3.4e+38 -3.4e+38 -3.4e+38 -3.4e+38 -3.4e+38 -3.4e+38 -3.4e+38 -3.4e+38 -3.4e+38 -3.4e+38 -3.4e+38 -3.4e+38 -3.4e+38 -3.4e+38 -3.4e+38 -3.4e+38 -3.4e+38 -3.4e+38 -3.4e+38 -3.4e+38 -3.4e+38 -3.4e+38 -3.4e+38 2077 2093 2118 2078 2079 -3.4e+38 -3.4e+38 2081 2228 2228 2228 2228 2228 2755 2755 2755 2512 2755 2512 2512 2512 2755 2755 2755 2755 2512 2512 2512 2512 2512 2512 2512 2512 2512 2512 2512 2512 2512 2512
-3.4e+38 -3.4e+38 -3.4e+38 -3.4e+38 -3.4e+38 -3.4e+38 -3.4e+38 -3.4e+38 -3.4e+38 -3.4e+38 -3.4e+38 -3.4e+38 -3.4e+38 -3.4e+38 -3.4e+38 -3.4e+38 -3.4e+38 -3.4e+38 -3.4e+38 -3.4e+38 -3.4e+38 -3.4e+38 -3.4e+38 -3.4e+38 -3.4e+38 -3.4e+38 -3.4e+38 -3.4e+38 -3.4e+38 2169 -3.4e+38 -3.4e+38 2152 2216 2228 2252 2252 2253 2755 2755 2755 2755 2755 2755 2755 2512 2755 2755 2755 2755 2755 2755 2512 2512 2512 2512 2512 2512 3435 2512 2512 2512 2512 2512 2512
-3.4e+38 -3.4e+38 -3.4e+38 -3.4e+38 -3.4e+38 -3.4e+38 -3.4e+38 -3.4e+38 -3.4e+38 -3.4e+38 -3.4e+38 -3.4e+38 -3.4e+38 -3.4e+38 -3.4e+38 -3.4e+38 -3.4e+38 -3.4e+38 -3.4e+38 -3.4e+38 -3.4e+38 -3.4e+38 -3.4e+38 -3.4e+38 -3.4e+38 -3.4e+38 -3.4e+38 -3.4e+38 -3.4e+38 -3.4e+38 -3.4e+38 -3.4e+38 2226 -3.4e+38 2252 2298 2253 2755 2755 2755 2755 2755 2755 2755 2755 2755 2755 2755 2755 2755 2755 2755 2755 2512 2512 2512 2512 3435 3435 2512 2512 2512 2512 2512 2512
-3.4e+38 -3.4e+38 -3.4e+38 -3.4e+38 -3.4e+38 -3.4e+38 -3.4e+38 -3.4e+38 -3.4e+38 -3.4e+38 -3.4e+38 -3.4e+38 -3.4e+38 -3.4e+38 -3.4e+38 -3.4e+38 -3.4e+38 -3.4e+38 -3.4e+38 -3.4e+38 -3.4e+38 -3.4e+38 -3.4e+38 -3.4e+38 -3.4e+38 -3.4e+38 -3.4e+38 -3.4e+38 -3.4e+38 -3.4e+38 -3.4e+38 -3.4e+38 -3.4e+38 -3.4e+38 2318 2372 2299 2755 2755 2755 2755 2755 2755 2755 2755 2755 2755 2755 2755 2755 2755 2755 2755 2755 3435 3435 3435 3435 3435 3435 2512 2512 2512 2512 2512
-3.4e+38 -3.4e+38 -3.4e+38 -3.4e+38 -3.4e+38 -3.4e+38 -3.4e+38 -3.4e+38 -3.4e+38 -3.4e+38 -3.4e+38 -3.4e+38 -3.4e+38 -3.4e+38 -3.4e+38 -3.4e+38 -3.4e+38 -3.4e+38 -3.4e+38 -3.4e+38 -3.4e+38 -3.4e+38 -3.4e+38 -3.4e+38 -3.4e+38 -3.4e+38 -3.4e+38 -3.4e+38 -3.4e+38 -3.4e+38 -3.4e+38 -3.4e+38 -3.4e+38 -3.4e+38 -3.4e+38 2372 2755 2755 2755 2755 2755 2755 2755 2755 2755 2755 2755 2755 2755 2755 2755 2755 2755 2755 3435 3435 3435 3435 3435 3435 3435 2512 2512 2512 2512
-3.4e+38 -3.4e+38 -3.4e+38 -3.4e+38 -3.4e+38 -3.4e+38 -3.4e+38 -3.4e+38 -3.4e+38 -3.4e+38 -3.4e+38 -3.4e+38 -3.4e+38 -3.4e+38 -3.4e+38 -3.4e+38 -3.4e+38 -3.4e+38 -3.4e+38 -3.4e+38 -3.4e+38 -3.4e+38 -3.4e+38 -3.4e+38 -3.4e+38 -3.4e+38 -3.4e+38 -3.4e+38 -3.4e+38 -3.4e+38 -3.4e+38 -3.4e+38 -3.4e+38 -3.4e+38 2418 2437 2755 2755 2755 2755 2755 2755 2755 2755 2755 2755 2755 2755 2755 2755 2755 2755 2755 2755 3435 3435 3435 3435 3435 3435 3435 2512 2512 2512 2512
-3.4e+38 -3.4e+38 -3.4e+38 -3.4e+38 -3.4e+38 -3.4e+38 -3.4e+38 -3.4e+38 -3.4e+38 -3.4e+38 -3.4e+38 -3.4e+38 -3.4e+38 -3.4e+38 -3.4e+38 -3.4e+38 -3.4e+38 -3.4e+38 -3.4e+38 -3.4e+38 -3.4e+38 -3.4e+38 -3.4e+38 -3.4e+38 -3.4e+38 -3.4e+38 -3.4e+38 -3.4e+38 -3.4e+38 -3.4e+38 -3.4e+38 -3.4e+38 -3.4e+38 -3.4e+38 -3.4e+38 2455 2755 2755 2755 2755 2755 2755 2755 2755 2755 2755 2755 2755 2755 2755 2755 2755 2755 2755 2755 3435 3435 3435 3435 3435 3435 3435 2512 2512 3435
