Prepped_data/Covariate_Data/PalaeoSed/teyeo_sed_0.5.asc
NCOLS 720 
NROWS 180 
XLLCORNER -180 
YLLCORNER 0 
CELLSIZE 0.5 
NODATA_value -3.4e+38 
[rows 29 to 57 of 180, columns 264 to 329 of 720]
1370 1370 1370 1370 1370 1370 1370 1370 1370 1370 1370 1370 1370 1370 1370 1370 1370 1370 1370 737 1370 1370 1370 1370 867 867 867 867 867 867 867 867 867 867 867 867 833 833 833 833 1654 1654 1654 1654 1654 1654 968 968 968 968 968 867 867 754 754 928 928 928 795 797 784 776 763 763 744 746
1370 1370 1370 1370 1370 1370 1370 1370 1370 1370 1370 1370 1370 1370 1370 1370 1370 1370 1370 1370 1370 1370 1370 1370 867 867 867 867 867 867 867 867 905 905 905 -3.4e+38 833 833 833 833 1654 1654 1654 1654 1654 1654 968 968 968 968 968 968 968 968 928 928 928 928 795 797 -3.4e+38 -3.4e+38 -3.4e+38 -3.4e+38 -3.4e+38 -3.4e+38
1370 1370 1370 1370 1370 1370 1370 1370 1370 1370 1370 1370 1370 1370 1370 1370 1370 1370 1370 1370 1370 1370 1370 1370 1370 867 867 1654 1654 1654 1654 905 905 905 905 893 1654 1654 1654 1654 1654 936 915 1654 1654 1654 967 868 968 968 968 968 968 968 928 928 951 951 -3.4e+38 -3.4e+38 -3.4e+38 874 -3.4e+38 -3.4e+38 -3.4e+38 -3.4e+38
1370 1370 1370 1370 1370 1370 1370 1370 1370 1370 1370 1370 1370 1370 1370 1370 1370 1370 1084 1049 1049 1060 1938 1938 1938 1938 1938 1654 1654 1654 1654 1654 1654 1654 1654 1654 1654 1654 1654 1654 936 -3.4e+38 -3.4e+38 -3.4e+38 1009 1009 967 -3.4e+38 979 979 968 968 968 968 969 928 950 951 952 972 974 -3.4e+38 -3.4e+38 955 -3.4e+38 -3.4e+38
1370 1370 1370 1370 1370 1370 1370 1370 1370 1370 1370 1370 1370 1370 1370 1370 1370 1083 1084 1049 1049 1938 1938 1938 1938 1938 1938 1654 1654 1654 1654 1654 1654 1654 1654 1654 1654 1654 1654 -3.4e+38 -3.4e+38 -3.4e+38 1023 1009 1009 1009 1039 1039 1040 1063 1063 1024 1024 1003 -3.4e+38 -3.4e+38 -3.4e+38 -3.4e+38 1011 1066 1034 1004 1025 1025 1012 1054
1370 1370 1370 1370 1370 1370 1370 1370 1370 1370 1370 1370 1370 1370 1370 1370 1370 1083 1084 1049 1060 1938 1938 1938 1938 1938 1654 1654 1654 1654 1654 1654 1654 1654 1654 1407 1407 1654 1243 1243 1243 1243 1243 1214 1214 1214 1039 1039 1040 1063 1063 1063 1063 -3.4e+38 -3.4e+38 -3.4e+38 1064 -3.4e+38 -3.4e+38 1093 1034 1244 1244 1244 1054 1054
1370 1370 1370 1370 1464 1468 1370 1370 1370 1340 1370 1340 1370 1370 1370 1370 1371 1371 1083 -3.4e+38 1085 1938 1938 1938 1938 1938 1654 1654 1654 1654 1654 1654 1815 1815 1815 1407 1407 1243 1243 1243 1243 1243 1214 1214 1214 1214 1214 1086 1157 1123 -3.4e+38 1125 1089 1193 1126 -3.4e+38 1092 -3.4e+38 1128 1093 -3.4e+38 1244 1244 1244 1244 1245
1498 1498 1498 1500 1464 1468 1470 1401 1402 1340 1340 1315 1315 1370 1370 1472 1472 1371 1371 1405 1406 1751 1938 1938 1938 1938 1654 1654 1654 1654 1815 1815 1815 1407 1407 1407 1407 1592 1243 1912 1243 1243 1435 1408 1282 -3.4e+38 -3.4e+38 -3.4e+38 -3.4e+38 -3.4e+38 -3.4e+38 -3.4e+38 1232 -3.4e+38 -3.4e+38 -3.4e+38 -3.4e+38 -3.4e+38 1380 1380 1262 1348 1348 1244 1321 1324
1567 1498 1498 1499 1463 1467 1470 1401 1402 1340 -3.4e+38 1434 1434 1370 -3.4e+38 -3.4e+38 1472 1472 1371 1405 1406 1751 1751 1938 1938 1938 1654 1654 1654 1815 1815 1815 1815 1407 1592 1592 1592 1592 1912 1912 1912 1912 1435 1435 1411 1373 1375 1413 -3.4e+38 -3.4e+38 -3.4e+38 -3.4e+38 1344 1345 1346 1378 1379 1347 1380 1420 1384 1348 1423 1387 -3.4e+38 -3.4e+38
1564 1567 1498 1499 -3.4e+38 -3.4e+38 -3.4e+38 -3.4e+38 -3.4e+38 1910 1590 1590 1591 1591 1569 2121 2121 2121 2121 2121 1751 1751 1751 1938 1938 1938 1654 1654 1654 1815 1815 1815 1815 1983 1592 1592 1592 1592 1912 1912 1912 1912 1912 -3.4e+38 -3.4e+38 -3.4e+38 -3.4e+38 -3.4e+38 -3.4e+38 1538 1539 -3.4e+38 -3.4e+38 -3.4e+38 -3.4e+38 -3.4e+38 -3.4e+38 -3.4e+38 -3.4e+38 -3.4e+38 -3.4e+38 -3.4e+38 -3.4e+38 1540 1541 1543
-3.4e+38 1750 1955 1955 1683 1685 1937 2037 2038 1714 1653 2121 2121 2121 2121 2121 2121 2121 2121 2121 2121 1751 1751 1938 1938 1938 1938 1654 1815 1815 1815 1815 1983 1983 1983 2066 2066 2066 2066 1912 1912 1912 1787 1913 1656 1788 1838 1688 1689 -3.4e+38 -3.4e+38 -3.4e+38 -3.4e+38 -3.4e+38 -3.4e+38 -3.4e+38 -3.4e+38 -3.4e+38 -3.4e+38 -3.4e+38 -3.4e+38 -3.4e+38 -3.4e+38 1691 1692 1790
1875 2053 1955 2084 1909 1909 1937 2037 2038 2038 1910 2121 2121 2121 2121 2121 2121 2121 2121 2121 2121 2121 2121 2121 1938 1938 1938 2054 2054 2054 1815 2054 1983 1983 1983 1983 2066 2066 2066 1912 1912 1912 1913 2028 2028 2028 1838 2028 1876 -3.4e+38 -3.4e+38 -3.4e+38 -3.4e+38 -3.4e+38 -3.4e+38 -3.4e+38 -3.4e+38 -3.4e+38 -3.4e+38 -3.4e+38 1817 1841 -3.4e+38 1971 -3.4e+38 -3.4e+38
1982 2053 1955 2084 2084 2084 2084 2037 2038 2038 2121 2121 2121 2121 2121 2121 2121 2121 2121 2121 2121 2121 2121 2121 2121 2150 2150 2054 2054 2054 2054 2054 2065 1983 1983 2066 2066 -3.4e+38 2055 2055 2055 2055 2055 2028 2028 2028 2028 2131 2131 -3.4e+38 -3.4e+38 -3.4e+38 -3.4e+38 -3.4e+38 -3.4e+38 -3.4e+38 -3.4e+38 -3.4e+38 -3.4e+38 1984 1985 1985 1985 1986 1987 1998
2063 2084 2084 2084 2084 2084 2084 2037 2038 2121 2121 2121 2121 2121 2121 2121 2121 2121 2121 2121 2121 2121 2121 2121 2150 2150 2150 2150 2150 2054 2054 -3.4e+38 2065 2065 2065 2259 2066 2066 2055 2055 2259 2259 2259 2259 2028 2131 2131 2131 2131 2039 2086 -3.4e+38 -3.4e+38 -3.4e+38 -3.4e+38 -3.4e+38 -3.4e+38 -3.4e+38 -3.4e+38 2041 -3.4e+38 2057 2068 2070 2059 2080
2269 2289 2163 2163 2163 2163 2163 2149 2149 2121 2121 2121 2121 2121 2416 2416 2416 2274 2121 2121 2274 2206 2206 2150 2150 2150 2150 2150 2175 2175 2175 2089 2089 2175 2175 2259 2259 2259 2259 2259 2259 2259 2259 2259 2259 2259 2131 2131 2131 2131 2132 2132 -3.4e+38 -3.4e+38 -3.4e+38 -3.4e+38 -3.4e+38 -3.4e+38 -3.4e+38 -3.4e+38 -3.4e+38 -3.4e+38 -3.4e+38 -3.4e+38 -3.4e+38 -3.4e+38
2289 2289 2163 2163 2163 -3.4e+38 2141 2149 2149 2121 2121 2325 2121 2416 2416 2416 2273 2274 2274 2274 2274 2206 2206 2164 2164 2150 2150 2151 2175 2175 2259 2175 2175 2259 2259 2259 2259 2259 2259 2259 2259 2259 2259 2259 2259 3142 3142 3142 2131 2132 2122 -3.4e+38 -3.4e+38 -3.4e+38 -3.4e+38 -3.4e+38 -3.4e+38 -3.4e+38 -3.4e+38 -3.4e+38 -3.4e+38 -3.4e+38 -3.4e+38 -3.4e+38 -3.4e+38 -3.4e+38
2289 2289 2321 2321 2243 2171 2182 2203 2304 2304 2325 2325 2416 2416 2416 2416 2273 2274 2274 2274 2228 2229 2206 2206 2209 2173 2183 2175 2231 2231 2259 2259 2259 2259 2259 2259 2259 2259 2259 2259 3142 3142 3142 3142 3142 3142 3142 3142 3142 3142 2184 2185 -3.4e+38 -3.4e+38 -3.4e+38 -3.4e+38 -3.4e+38 -3.4e+38 -3.4e+38 -3.4e+38 -3.4e+38 -3.4e+38 -3.4e+38 -3.4e+38 -3.4e+38 -3.4e+38
2289 2290 2321 2321 2340 2439 2243 2304 2304 2325 2325 2325 2325 2416 2342 2342 2273 2274 2274 2245 -3.4e+38 2229 -3.4e+38 2221 -3.4e+38 -3.4e+38 -3.4e+38 2239 2230 2259 2259 2259 2259 2259 2259 2259 2232 2250 2250 3142 3142 3142 3142 3142 3142 3142 3142 3142 3142 2280 2280 2280 2280 -3.4e+38 -3.4e+38 -3.4e+38 -3.4e+38 -3.4e+38 -3.4e+38 -3.4e+38 -3.4e+38 -3.4e+38 -3.4e+38 -3.4e+38 -3.4e+38 -3.4e+38
2290 2303 2321 2324 2340 2439 2502 2502 2304 2325 2325 2325 2325 2416 2342 2342 2343 2273 2274 -3.4e+38 -3.4e+38 -3.4e+38 -3.4e+38 -3.4e+38 -3.4e+38 -3.4e+38 -3.4e+38 -3.4e+38 -3.4e+38 -3.4e+38 2314 2314 2424 2424 2487 2487 2351 3142 3142 3142 3142 3142 3142 3142 3142 3142 3142 3142 3142 2401 2315 2315 -3.4e+38 -3.4e+38 -3.4e+38 -3.4e+38 -3.4e+38 -3.4e+38 -3.4e+38 -3.4e+38 -3.4e+38 -3.4e+38 -3.4e+38 -3.4e+38 -3.4e+38 -3.4e+38
-3.4e+38 -3.4e+38 2339 -3.4e+38 2439 2439 2502 2502 2502 2440 2440 2440 2416 2416 2416 2342 2343 -3.4e+38 2361 2364 2420 2398 2350 -3.4e+38 -3.4e+38 -3.4e+38 -3.4e+38 -3.4e+38 -3.4e+38 -3.4e+38 -3.4e+38 2424 2424 2475 2487 2487 2351 2446 3142 3142 3142 3142 3142 3142 3142 3142 3142 3142 2709 2400 2383 -3.4e+38 -3.4e+38 -3.4e+38 -3.4e+38 -3.4e+38 -3.4e+38 -3.4e+38 -3.4e+38 -3.4e+38 -3.4e+38 -3.4e+38 -3.4e+38 -3.4e+38 -3.4e+38 -3.4e+38
-3.4e+38 -3.4e+38 -3.4e+38 -3.4e+38 -3.4e+38 2438 2502 2502 2502 2502 2440 2581 2526 2513 2469 2469 -3.4e+38 -3.4e+38 -3.4e+38 -3.4e+38 2546 2600 2483 2528 2547 2485 -3.4e+38 -3.4e+38 -3.4e+38 -3.4e+38 -3.4e+38 2445 2475 2476 2487 2569 2446 2517 3142 3142 3142 3142 3142 3142 3142 3142 3142 2709 2709 2709 -3.4e+38 -3.4e+38 -3.4e+38 -3.4e+38 -3.4e+38 -3.4e+38 -3.4e+38 -3.4e+38 -3.4e+38 -3.4e+38 -3.4e+38 -3.4e+38 -3.4e+38 -3.4e+38 2605 2531
-3.4e+38 -3.4e+38 -3.4e+38 -3.4e+38 -3.4e+38 2543 2564 2564 2616 2579 2579 2582 -3.4e+38 -3.4e+38 2599 2599 2514 -3.4e+38 -3.4e+38 -3.4e+38 2546 2600 2600 2528 2547 2671 -3.4e+38 -3.4e+38 -3.4e+38 -3.4e+38 -3.4e+38 -3.4e+38 -3.4e+38 2552 2569 2569 2569 3142 3142 3142 3142 3142 3142 3142 3142 3142 2709 2709 2709 2709 2530 -3.4e+38 -3.4e+38 -3.4e+38 -3.4e+38 -3.4e+38 -3.4e+38 -3.4e+38 -3.4e+38 -3.4e+38 -3.4e+38 -3.4e+38 -3.4e+38 -3.4e+38 -3.4e+38 2605
-3.4e+38 -3.4e+38 -3.4e+38 -3.4e+38 -3.4e+38 -3.4e+38 2598 2636 2616 2620 2637 -3.4e+38 -3.4e+38 2622 2686 2599 2666 -3.4e+38 -3.4e+38 -3.4e+38 -3.4e+38 -3.4e+38 2625 2687 2671 2671 2688 2688 2708 2651 -3.4e+38 -3.4e+38 2601 2932 2932 3142 3142 3142 3142 3142 3142 3142 3142 3142 2845 3142 3142 2709 2709 2727 2602 2744 -3.4e+38 -3.4e+38 -3.4e+38 -3.4e+38 -3.4e+38 -3.4e+38 -3.4e+38 -3.4e+38 -3.4e+38 -3.4e+38 -3.4e+38 2628 2830 2657
-3.4e+38 -3.4e+38 -3.4e+38 -3.4e+38 -3.4e+38 -3.4e+38 -3.4e+38 -3.4e+38 -3.4e+38 -3.4e+38 -3.4e+38 -3.4e+38 -3.4e+38 -3.4e+38 2685 2686 2777 2722 2722 -3.4e+38 -3.4e+38 -3.4e+38 -3.4e+38 2741 2743 2823 2823 2707 2708 2724 2784 2824 2726 2932 2932 3142 3142 3142 3142 3142 3142 3142 3142 3142 2845 2847 2847 2847 2709 2744 2744 2693 -3.4e+38 -3.4e+38 -3.4e+38 -3.4e+38 -3.4e+38 -3.4e+38 -3.4e+38 -3.4e+38 -3.4e+38 -3.4e+38 -3.4e+38 2851 2789 2830
-3.4e+38 -3.4e+38 -3.4e+38 -3.4e+38 -3.4e+38 -3.4e+38 -3.4e+38 -3.4e+38 2818 2838 2804 2819 2773 -3.4e+38 -3.4e+38 -3.4e+38 -3.4e+38 2807 -3.4e+38 -3.4e+38 -3.4e+38 -3.4e+38 -3.4e+38 -3.4e+38 -3.4e+38 2823 2823 2959 2996 2996 2784 2824 2844 2932 3142 3142 3142 3142 3142 3142 3142 3142 3142 2845 2809 2847 2847 2847 3022 2960 2826 2826 2785 -3.4e+38 -3.4e+38 -3.4e+38 -3.4e+38 -3.4e+38 -3.4e+38 -3.4e+38 -3.4e+38 2787 2788 2829 2851 2830
-3.4e+38 -3.4e+38 -3.4e+38 -3.4e+38 -3.4e+38 -3.4e+38 -3.4e+38 -3.4e+38 -3.4e+38 -3.4e+38 2897 -3.4e+38 2898 2919 2900 -3.4e+38 -3.4e+38 -3.4e+38 -3.4e+38 2886 2924 2887 2902 2903 -3.4e+38 2888 2931 2959 2996 2996 3046 3046 2932 3142 3142 3142 3142 3142 3142 3142 3142 3142 3142 3142 -3.4e+38 -3.4e+38 3022 3022 3022 2960 2960 2961 2961 2962 -3.4e+38 -3.4e+38 -3.4e+38 -3.4e+38 -3.4e+38 -3.4e+38 2890 -3.4e+38 -3.4e+38 2909 3231 3543
-3.4e+38 -3.4e+38 -3.4e+38 -3.4e+38 -3.4e+38 3912 3060 -3.4e+38 3011 3041 3110 3061 3092 3093 3013 2992 3255 3177 3015 3017 -3.4e+38 -3.4e+38 2993 2995 -3.4e+38 -3.4e+38 -3.4e+38 -3.4e+38 3046 3046 3128 3128 3128 3142 3142 3142 3142 3142 3142 3142 3142 3142 3142 3066 -3.4e+38 -3.4e+38 2998 3022 3082 3069 3117 3049 3026 2999 -3.4e+38 -3.4e+38 -3.4e+38 -3.4e+38 -3.4e+38 -3.4e+38 3086 3000 3086 3231 3246 3246
-3.4e+38 -3.4e+38 -3.4e+38 -3.4e+38 -3.4e+38 3912 3125 3254 3254 3254 3110 3912 3092 3193 3193 3193 3255 3177 3177 3111 3094 3113 3194 3326 3097 3098 -3.4e+38 -3.4e+38 -3.4e+38 3128 3227 3227 3227 3227 3142 3142 3260 3260 3142 3142 3142 3197 3197 3197 -3.4e+38 -3.4e+38 -3.4e+38 3160 -3.4e+38 -3.4e+38 3117 -3.4e+38 -3.4e+38 -3.4e+38 -3.4e+38 -3.4e+38 -3.4e+38 -3.4e+38 -3.4e+38 3147 3131 3231 3231 3246 3246 3246
3253 3174 3192 3487 3340 3912 3912 3254 3254 3912 3912 3912 3912 3912 3193 3193 3255 3255 3177 3177 3255 3256 3194 3326 3326 3258 3259 3259 -3.4e+38 3227 3227 3438 3438 3438 3438 3260 3260 3228 3242 3366 3366 3366 3214 3198 -3.4e+38 -3.4e+38 -3.4e+38 3178 -3.4e+38 -3.4e+38 -3.4e+38 -3.4e+38 -3.4e+38 -3.4e+38 -3.4e+38 -3.4e+38 -3.4e+38 3199 3245 3179 3263 3263 3231 3246 3324 3324
