Prepped_data/Covariate_Data/PalaeoSed/teyep_sed_0.5.asc
NCOLS 720 
NROWS 180 
XLLCORNER -180 
YLLCORNER 0 
CELLSIZE 0.5 
NODATA_value -3.4e+38 
[rows 87 to 115 of 180, columns 195 to 259 of 720]
4228 4228 4228 4228 4228 4228 3891 3891 3891 3891 3838 3838 -3.4e+38 -3.4e+38 -3.4e+38 -3.4e+38 -3.4e+38 -3.4e+38 -3.4e+38 -3.4e+38 -3.4e+38 -3.4e+38 -3.4e+38 -3.4e+38 -3.4e+38 -3.4e+38 -3.4e+38 -3.4e+38 -3.4e+38 -3.4e+38 -3.4e+38 -3.4e+38 -3.4e+38 -3.4e+38 -3.4e+38 3902 3822 3902 4534 4534 4534 4534 4534 4534 4534 4534 4534 4534 4534 4534 4534 4534 4534 4534 4534 4534 4534 4534 4534 4534 4534 4534 4534 4534 4534
4228 4228 4228 4228 4228 4228 3891 3891 3891 3891 3891 3891 3891 -3.4e+38 -3.4e+38 -3.4e+38 -3.4e+38 -3.4e+38 -3.4e+38 -3.4e+38 -3.4e+38 -3.4e+38 -3.4e+38 -3.4e+38 -3.4e+38 -3.4e+38 -3.4e+38 -3.4e+38 -3.4e+38 -3.4e+38 -3.4e+38 -3.4e+38 -3.4e+38 -3.4e+38 3859 3902 3902 3902 4534 4534 4534 4534 4534 4534 4534 4534 4534 4534 4534 4534 4534 4534 4534 4534 4534 4534 4534 4534 4534 4534 4534 4534 4534 4534 4534
4228 4228 4228 4228 4228 4228 3891 3891 4106 3891 3891 3891 3897 -3.4e+38 -3.4e+38 -3.4e+38 -3.4e+38 -3.4e+38 -3.4e+38 -3.4e+38 -3.4e+38 -3.4e+38 -3.4e+38 -3.4e+38 -3.4e+38 -3.4e+38 -3.4e+38 -3.4e+38 -3.4e+38 -3.4e+38 -3.4e+38 -3.4e+38 -3.4e+38 -3.4e+38 3888 3902 3902 3902 4534 4534 4534 4534 4534 4534 4534 4534 4534 4534 4534 4534 4534 4534 4534 4534 4534 4534 4534 4534 4534 4534 4534 4534 4534 4534 4534
4228 4228 4228 4228 4228 4228 4106 4106 4106 4106 4106 4106 3901 -3.4e+38 -3.4e+38 -3.4e+38 -3.4e+38 -3.4e+38 -3.4e+38 -3.4e+38 -3.4e+38 -3.4e+38 -3.4e+38 -3.4e+38 -3.4e+38 -3.4e+38 -3.4e+38 -3.4e+38 -3.4e+38 -3.4e+38 -3.4e+38 -3.4e+38 -3.4e+38 -3.4e+38 3910 3910 3902 4292 4534 4534 4534 4534 4534 4534 4534 4534 4534 4534 4534 4534 4534 4534 4534 4534 4534 4534 4534 4534 4534 4534 4534 4534 4534 4534 4534
4228 4228 4228 4228 4228 4228 4106 4106 4106 4106 4106 4106 3941 3955 3935 -3.4e+38 -3.4e+38 -3.4e+38 -3.4e+38 -3.4e+38 -3.4e+38 -3.4e+38 -3.4e+38 -3.4e+38 -3.4e+38 -3.4e+38 -3.4e+38 -3.4e+38 -3.4e+38 -3.4e+38 -3.4e+38 -3.4e+38 -3.4e+38 4292 4292 4292 4292 4292 4534 4534 4534 4534 4534 4534 4534 4534 4534 4534 4534 4534 4534 4534 4534 4534 4534 4534 4534 4534 4534 4534 4534 4534 4534 4534 4534
4228 4228 4228 4228 4228 4228 4106 4106 4106 4106 4106 3985 3985 4023 4023 3978 -3.4e+38 -3.4e+38 -3.4e+38 -3.4e+38 -3.4e+38 -3.4e+38 -3.4e+38 -3.4e+38 -3.4e+38 -3.4e+38 -3.4e+38 -3.4e+38 3980 4003 -3.4e+38 -3.4e+38 -3.4e+38 4113 4292 4292 4292 4292 4534 4534 4534 4534 4534 4534 4534 4534 4534 4534 4534 4534 4534 4534 4534 4534 4534 4534 4534 4534 4534 4534 4534 4534 4534 4534 4534
4228 4228 4228 4228 4228 4228 4106 4106 4106 4106 4092 4092 4092 4092 4031 4061 -3.4e+38 -3.4e+38 -3.4e+38 -3.4e+38 -3.4e+38 -3.4e+38 -3.4e+38 -3.4e+38 4033 -3.4e+38 4112 4035 4064 4064 4056 4043 4025 4113 4113 4113 4292 4292 4534 4534 4534 4534 4534 4534 4534 4534 4534 4534 4534 4534 4534 4534 4534 4534 4534 4534 4534 4534 4534 4534 4534 4534 4534 4534 4534
4228 4228 4228 4228 4228 4228 4462 4106 4106 4092 4164 4164 4107 4107 4092 4074 -3.4e+38 4062 -3.4e+38 -3.4e+38 -3.4e+38 -3.4e+38 -3.4e+38 4075 4063 4077 4152 4315 4315 -3.4e+38 4305 4305 4305 4113 4113 4113 4292 4292 4534 4534 4534 4534 4534 4534 4534 4534 4534 4534 4534 4534 4534 4534 4534 4534 4534 4534 4534 4534 4534 4534 4534 4534 4534 4534 4534
4228 4228 4228 4462 4462 4462 4462 4462 4462 4192 4163 4164 4164 -3.4e+38 -3.4e+38 4150 -3.4e+38 -3.4e+38 -3.4e+38 -3.4e+38 -3.4e+38 4194 4166 -3.4e+38 4300 4300 4152 4315 4315 4305 4305 4305 4305 4305 4305 4305 4292 4292 4534 4534 4534 4534 4534 4534 4534 4534 4534 4534 4534 4534 4534 4534 4534 4534 4534 4534 4534 4534 4534 4534 4534 4534 4534 4534 4534
4228 4228 4228 4462 4462 4462 4462 4462 4462 4310 4229 -3.4e+38 -3.4e+38 -3.4e+38 -3.4e+38 4213 -3.4e+38 -3.4e+38 -3.4e+38 -3.4e+38 4215 4281 4281 4340 4314 4300 4300 4315 4315 4315 4305 4305 4305 4305 4305 4292 4292 4292 4534 4534 4534 4534 4534 4534 4534 4534 4534 4534 4534 4534 4534 4534 4534 4534 4534 4534 4534 4534 4534 4534 4534 4534 4534 4534 4534
4581 4581 4581 4462 4462 4462 4462 4462 4462 4310 -3.4e+38 -3.4e+38 -3.4e+38 4279 4261 4263 4264 -3.4e+38 4291 4265 4281 4281 4340 4340 4314 4300 4300 4315 4315 4315 4315 4305 4305 4305 4305 4292 4292 4292 4534 4534 4534 4534 4534 4534 4534 4534 4534 4534 4534 4534 4534 4534 4534 4534 4534 4534 4534 4534 4534 4534 4534 4534 4534 4534 4534
4581 4581 4581 4581 4462 4462 4462 4462 4462 4462 4310 4356 4319 4319 4297 4327 -3.4e+38 -3.4e+38 4304 4381 4340 4340 4340 4314 4314 4608 4608 4315 4608 4315 4315 4305 4305 4534 4534 4534 4534 4534 4534 4534 4534 4534 4534 4534 4534 4534 4534 4534 4534 4534 4534 4534 4534 4534 4534 4534 4534 4534 4534 4534 4534 4534 4534 4534 4534
4581 4581 4581 4581 4462 4462 4462 4462 4437 4437 4355 4356 4356 4352 4339 -3.4e+38 -3.4e+38 -3.4e+38 4381 4381 4381 4340 4340 4608 4608 4608 4608 4608 4608 4608 4608 4534 4534 4534 4534 4534 4534 4534 4534 4534 4534 4534 4534 4534 4534 4534 4534 4534 4534 4534 4534 4534 4534 4534 4534 4534 4534 4534 4534 4534 4534 4534 4534 4534 4424
4581 4581 4581 4581 4462 4462 4462 4462 4437 4437 4399 4399 4384 4375 -3.4e+38 -3.4e+38 4365 -3.4e+38 4366 4381 4608 4608 4608 4608 4608 4608 4608 4608 4608 4608 4608 4534 4534 4534 4534 4534 4534 4534 4534 4534 4534 4534 4534 4534 4534 4534 4534 4534 4534 4534 4534 4534 4534 4534 4534 4534 4534 4534 4534 4534 4534 4534 4534 4424 4424
4581 4581 4581 4581 4581 4462 4462 4437 4437 4437 4399 4399 4389 -3.4e+38 -3.4e+38 -3.4e+38 -3.4e+38 -3.4e+38 4422 4422 4608 4608 4608 4608 4608 4608 4608 4608 4608 4608 4608 4534 4534 4534 4534 4534 4534 4534 4534 4534 4534 4534 4534 4534 4534 4534 4534 4534 4534 4534 4534 4534 4534 4534 4534 4534 4534 4534 4534 4534 4534 4524 4473 4473 4424
4581 4581 4581 4581 4581 4462 4462 4437 4437 4437 4451 4413 -3.4e+38 -3.4e+38 -3.4e+38 -3.4e+38 -3.4e+38 -3.4e+38 4422 4422 4608 4608 4608 4608 4608 4608 4608 4608 4608 4674 4674 4534 4534 4534 4534 4534 4534 4534 4534 4534 4534 4534 4534 4534 4534 4534 4534 4534 4534 4534 4534 4534 4534 4534 4534 4534 4534 4534 4534 4524 4524 4524 4473 4473 4473
4581 4581 4581 4581 4581 4581 4462 4462 4437 4437 4451 4451 4439 -3.4e+38 -3.4e+38 -3.4e+38 -3.4e+38 -3.4e+38 4445 4608 4608 4608 4608 4608 4608 4608 4608 4608 4608 4674 4674 4674 4534 4534 4534 4534 4534 4534 4534 4534 4534 4534 4534 4534 4534 4534 4534 4534 4534 4534 4534 4534 4869 4869 4869 4869 4534 4869 4524 4524 4524 4524 4473 4473 4473
4581 4581 4581 4581 5375 4581 4893 4462 4893 4893 4451 4452 4482 -3.4e+38 -3.4e+38 -3.4e+38 -3.4e+38 -3.4e+38 4455 4608 4608 4608 4608 4608 4608 4608 4608 4608 4608 4674 4674 4674 4534 4534 4534 4534 4534 4534 4521 4521 4534 4534 4534 4658 4658 4658 4658 4534 4534 4869 4869 4869 4869 4869 4869 4869 4869 4637 4637 4637 4524 4524 4499 4473 4473
4581 4581 5375 5375 5375 4893 4893 4893 4893 4893 4482 4893 4893 4893 4490 4488 4483 4503 4478 4608 4608 4608 4608 4608 4608 4608 4608 4608 4608 4674 4674 4674 4534 4534 4534 4515 4521 4521 4521 4521 4678 4658 4658 4658 4658 4658 4658 4658 4658 4869 4869 4869 4869 4881 4869 4753 4728 4637 4637 4637 4524 4524 4524 4499 4485
4581 4581 5375 5375 4893 4893 4893 4893 4893 4893 4893 4893 4893 4893 4539 4539 4503 4503 4498 4533 4567 4608 4608 4608 4608 4608 4608 4608 4608 4608 4674 4674 4569 4534 4534 4515 4521 4521 4521 4725 4678 4678 4658 4658 4658 4658 4869 4869 4869 4869 4869 4881 4881 4881 4753 4753 4728 4637 4637 4637 4621 4522 4524 4499 -3.4e+38
5375 5375 5375 5375 4893 4893 4893 4893 4893 4893 4893 4893 4893 4893 4539 4529 -3.4e+38 -3.4e+38 4533 4542 4567 4608 4608 4608 4608 4608 4608 4747 4747 4747 4674 4674 4569 4569 4554 -3.4e+38 4521 4617 4617 4725 4678 4678 4658 4658 4658 4869 4869 4869 4869 4967 4967 4881 4881 4881 4753 4753 4728 4728 4637 4637 4621 4522 4524 4525 -3.4e+38
5375 5375 5375 5375 4893 4893 4893 4893 4893 4893 4893 4893 4893 4770 4770 -3.4e+38 -3.4e+38 -3.4e+38 -3.4e+38 -3.4e+38 -3.4e+38 4582 4607 4694 4608 4802 4802 4747 4747 4747 4747 4674 4610 4584 -3.4e+38 -3.4e+38 4589 4617 4617 4725 4678 4678 4658 4658 4727 4869 4869 5003 5003 4967 4926 4926 4881 4881 4881 4753 4728 4637 4637 4594 4596 -3.4e+38 4598 -3.4e+38 -3.4e+38
5375 5375 5375 5375 5375 4893 5375 4893 4893 4893 4893 4893 4742 4822 4692 -3.4e+38 -3.4e+38 -3.4e+38 -3.4e+38 -3.4e+38 -3.4e+38 -3.4e+38 -3.4e+38 4773 4796 4800 4802 4804 4747 4747 4695 4722 -3.4e+38 -3.4e+38 -3.4e+38 -3.4e+38 -3.4e+38 -3.4e+38 4699 4857 4857 4811 4727 4869 4869 4869 4869 5003 5003 4967 4926 4926 4928 4881 4881 4884 4753 4728 4703 -3.4e+38 -3.4e+38 -3.4e+38 -3.4e+38 -3.4e+38 -3.4e+38
5375 5375 5375 5375 5375 5375 5375 5375 4893 4893 4893 4923 4923 4923 4823 -3.4e+38 -3.4e+38 -3.4e+38 -3.4e+38 -3.4e+38 -3.4e+38 -3.4e+38 -3.4e+38 -3.4e+38 -3.4e+38 -3.4e+38 4844 -3.4e+38 -3.4e+38 -3.4e+38 -3.4e+38 -3.4e+38 -3.4e+38 -3.4e+38 -3.4e+38 -3.4e+38 -3.4e+38 -3.4e+38 -3.4e+38 -3.4e+38 4845 4896 -3.4e+38 4869 4869 4869 4869 5003 5003 4967 4967 4926 4928 4881 4881 4884 4831 -3.4e+38 -3.4e+38 -3.4e+38 -3.4e+38 -3.4e+38 -3.4e+38 -3.4e+38 -3.4e+38
5375 5375 5375 5375 5375 5375 5375 5375 5375 4893 4923 4923 4923 4923 4906 -3.4e+38 -3.4e+38 -3.4e+38 -3.4e+38 -3.4e+38 -3.4e+38 -3.4e+38 -3.4e+38 -3.4e+38 -3.4e+38 -3.4e+38 -3.4e+38 -3.4e+38 -3.4e+38 -3.4e+38 -3.4e+38 -3.4e+38 -3.4e+38 -3.4e+38 -3.4e+38 -3.4e+38 -3.4e+38 -3.4e+38 -3.4e+38 -3.4e+38 -3.4e+38 4896 4908 4908 4973 4977 4983 5003 5004 4967 4967 4926 4961 4928 4897 -3.4e+38 -3.4e+38 -3.4e+38 -3.4e+38 -3.4e+38 -3.4e+38 -3.4e+38 -3.4e+38 -3.4e+38 -3.4e+38
5375 5375 5375 5375 5375 5375 5375 5375 5375 5375 5375 5375 4993 4993 -3.4e+38 -3.4e+38 -3.4e+38 -3.4e+38 -3.4e+38 -3.4e+38 -3.4e+38 -3.4e+38 -3.4e+38 -3.4e+38 -3.4e+38 -3.4e+38 -3.4e+38 -3.4e+38 -3.4e+38 -3.4e+38 -3.4e+38 -3.4e+38 -3.4e+38 -3.4e+38 -3.4e+38 -3.4e+38 -3.4e+38 -3.4e+38 -3.4e+38 -3.4e+38 -3.4e+38 4945 -3.4e+38 4948 4973 4983 4983 5003 5004 5004 4967 4967 4949 -3.4e+38 -3.4e+38 -3.4e+38 -3.4e+38 -3.4e+38 -3.4e+38 -3.4e+38 -3.4e+38 -3.4e+38 -3.4e+38 -3.4e+38 -3.4e+38
5375 5375 5375 5375 5375 5375 5375 5375 5375 5375 5375 5375 5021 5021 -3.4e+38 -3.4e+38 -3.4e+38 -3.4e+38 -3.4e+38 -3.4e+38 -3.4e+38 -3.4e+38 -3.4e+38 -3.4e+38 -3.4e+38 -3.4e+38 -3.4e+38 -3.4e+38 -3.4e+38 -3.4e+38 -3.4e+38 -3.4e+38 -3.4e+38 -3.4e+38 -3.4e+38 -3.4e+38 -3.4e+38 -3.4e+38 -3.4e+38 -3.4e+38 -3.4e+38 -3.4e+38 -3.4e+38 -3.4e+38 5011 -3.4e+38 5012 5025 5055 5043 5043 5028 -3.4e+38 -3.4e+38 -3.4e+38 -3.4e+38 -3.4e+38 -3.4e+38 -3.4e+38 -3.4e+38 -3.4e+38 -3.4e+38 -3.4e+38 -3.4e+38 -3.4e+38
5375 5375 5375 5375 5375 5375 5375 5375 5375 5375 5375 5375 5375 5106 -3.4e+38 -3.4e+38 -3.4e+38 -3.4e+38 -3.4e+38 -3.4e+38 -3.4e+38 -3.4e+38 -3.4e+38 -3.4e+38 -3.4e+38 -3.4e+38 -3.4e+38 -3.4e+38 -3.4e+38 -3.4e+38 -3.4e+38 -3.4e+38 -3.4e+38 -3.4e+38 -3.4e+38 -3.4e+38 -3.4e+38 -3.4e+38 -3.4e+38 -3.4e+38 -3.4e+38 -3.4e+38 -3.4e+38 -3.4e+38 -3.4e+38 -3.4e+38 -3.4e+38 5066 5070 5074 5101 -3.4e+38 -3.4e+38 -3.4e+38 -3.4e+38 -3.4e+38 -3.4e+38 -3.4e+38 -3.4e+38 -3.4e+38 -3.4e+38 -3.4e+38 -3.4e+38 -3.4e+38 -3.4e+38
5375 5375 5375 5375 5375 5375 5375 5375 5375 5375 5375 5187 5187 5187 5139 -3.4e+38 -3.4e+38 -3.4e+38 -3.4e+38 -3.4e+38 -3.4e+38 -3.4e+38 -3.4e+38 -3.4e+38 -3.4e+38 -3.4e+38 -3.4e+38 -3.4e+38 -3.4e+38 -3.4e+38 -3.4e+38 -3.4e+38 -3.4e+38 -3.4e+38 -3.4e+38 -3.4e+38 -3.4e+38 -3.4e+38 -3.4e+38 -3.4e+38 -3.4e+38 -3.4e+38 -3.4e+38 -3.4e+38 -3.4e+38 -3.4e+38 -3.4e+38 -3.4e+38 -3.4e+38 -3.4e+38 -3.4e+38 -3.4e+38 -3.4e+38 -3.4e+38 -3.4e+38 -3.4e+38 -3.4e+38 -3.4e+38 -3.4e+38 -3.4e+38 -3.4e+38 -3.4e+38 -3.4e+38 -3.4e+38 -3.4e+38
