Data/Covariate_Data/Formatted/All_data/1deg/PalaeoClimate/CampTemp_1.asc
NCOLS 360 
NROWS 180 
XLLCORNER -180 
YLLCORNER -90 
CELLSIZE 1 
NODATA_value -9999 
[rows 60 to 79 of 180, columns 46 to 91 of 360]
299.68896484375 299.632049560547 299.575164794922 299.508331298828 299.438201904297 299.368072509766 299.297943115234 299.214141845703 299.130340576172 299.046569824219 298.961029052734 298.870269775391 298.779510498047 298.688751220703 298.594299316406 298.496124267578 298.39794921875 298.299774169922 298.199615478516 298.098785400391 297.997924804688 297.897094726562 297.796173095703 297.695281982422 297.594390869141 297.494415283203 297.397216796875 297.300018310547 297.202819824219 297.104187011719 297.004180908203 296.904144287109 296.804107666016 296.703216552734 296.602020263672 296.500823974609 296.399627685547 296.335357666016 296.271087646484 296.206848144531 296.231018066406 296.520538330078 296.810028076172 297.099548339844 297.445831298828 297.848907470703
299.954437255859 299.890197753906 299.825958251953 299.752044677734 299.674896240234 299.597717285156 299.520568847656 299.431579589844 299.342559814453 299.253570556641 299.163513183594 299.070281982422 298.977020263672 298.8837890625 298.786804199219 298.68603515625 298.585296630859 298.484527587891 298.383850097656 298.283203125 298.182556152344 298.081878662109 297.983520507812 297.885131835938 297.786773681641 297.689178466797 297.593994140625 297.498779296875 297.403594970703 297.308319091797 297.212951660156 297.117614746094 297.022247314453 296.927978515625 296.834045410156 296.740112304688 296.646179199219 296.591613769531 296.537048339844 296.482513427734 296.500640869141 296.736877441406 296.97314453125 297.209381103516 297.517852783203 297.898590087891
300.219909667969 300.148345947266 300.076782226562 299.995758056641 299.911560058594 299.827392578125 299.743194580078 299.648986816406 299.554779052734 299.460571289062 299.365997314453 299.270263671875 299.174560546875 299.078826904297 298.979309082031 298.875946044922 298.772613525391 298.669281005859 298.568084716797 298.467620849609 298.367156982422 298.266693115234 298.170837402344 298.074981689453 297.979156494141 297.883972167969 297.790771484375 297.697570800781 297.604370117188 297.512420654297 297.421752929688 297.3310546875 297.240386962891 297.152709960938 297.066040039062 296.979400634766 296.892730712891 296.847869873047 296.803009033203 296.758148193359 296.770263671875 296.953247070312 297.13623046875 297.319213867188 297.589874267578 297.9482421875
300.375305175781 300.297210693359 300.219085693359 300.132659912109 300.04345703125 299.954254150391 299.865020751953 299.768127441406 299.671203613281 299.574279785156 299.477325439453 299.380310058594 299.283264160156 299.186218261719 299.086090087891 298.982849121094 298.879638671875 298.776397705078 298.676788330078 298.578369140625 298.479949951172 298.381500244141 298.289306640625 298.197113037109 298.104919433594 298.014221191406 297.927978515625 297.841766357422 297.755554199219 297.670745849609 297.587310791016 297.50390625 297.420471191406 297.341461181641 297.263977050781 297.186462402344 297.108947753906 297.071838378906 297.034759521484 296.997650146484 297.014862060547 297.194885253906 297.374908447266 297.554931640625 297.891693115234 298.385131835938
300.530700683594 300.446044921875 300.361389160156 300.269561767578 300.175323486328 300.081085205078 299.986877441406 299.887237548828 299.787628173828 299.68798828125 299.588684082031 299.490325927734 299.391967773438 299.293609619141 299.19287109375 299.089752197266 298.986663818359 298.883544921875 298.785491943359 298.689086914062 298.592712402344 298.496337890625 298.407775878906 298.319213867188 298.230682373047 298.144470214844 298.065216064453 297.985992431641 297.906768798828 297.829071044922 297.752899169922 297.676727294922 297.600555419922 297.530242919922 297.461883544922 297.393524169922 297.325164794922 297.295837402344 297.266479492188 297.237152099609 297.259429931641 297.436492919922 297.613586425781 297.790649414062 298.193481445312 298.822052001953
300.614562988281 300.524139404297 300.433685302734 300.337310791016 300.238952636719 300.140625 300.042266845703 299.941345214844 299.840454101562 299.739532470703 299.639282226562 299.540985107422 299.442687988281 299.344390869141 299.244842529297 299.143981933594 299.043121337891 298.942260742188 298.847534179688 298.7548828125 298.662231445312 298.569580078125 298.4853515625 298.401123046875 298.31689453125 298.235504150391 298.162658691406 298.089782714844 298.016937255859 297.946258544922 297.877777099609 297.809295654297 297.740844726562 297.681396484375 297.624969482422 297.568572998047 297.512145996094 297.500061035156 297.487976074219 297.475891113281 297.515319824219 297.709350585938 297.903350830078 298.097381591797 298.548889160156 299.257843017578
300.626922607422 300.531463623047 300.435974121094 300.3359375 300.234375 300.132781982422 300.031219482422 299.930480957031 299.829711914062 299.728973388672 299.629180908203 299.532348632812 299.435485839844 299.338623046875 299.241943359375 299.145477294922 299.049011230469 298.952545166016 298.862976074219 298.775726318359 298.6884765625 298.601226806641 298.522003173828 298.442779541016 298.363555908203 298.287353515625 298.220245361328 298.153167724609 298.086059570312 298.022338867188 297.962005615234 297.901641845703 297.84130859375 297.794952392578 297.753295898438 297.711608886719 297.669921875 297.6845703125 297.699188232422 297.713836669922 297.782531738281 298.013397216797 298.244262695312 298.475128173828 298.957916259766 299.692596435547
300.639282226562 300.538787841797 300.438262939453 300.334564208984 300.229766845703 300.124969482422 300.020172119141 299.919586181641 299.818969726562 299.718383789062 299.619079589844 299.523681640625 299.428253173828 299.332824707031 299.239074707031 299.147003173828 299.054901123047 298.962799072266 298.87841796875 298.796569824219 298.714721679688 298.632873535156 298.558654785156 298.484436035156 298.410217285156 298.339202880859 298.277862548828 298.216522216797 298.155181884766 298.098419189453 298.046203613281 297.993988037109 297.941802978516 297.908538818359 297.881591796875 297.854644775391 297.827697753906 297.869049072266 297.910400390625 297.951782226562 298.049713134766 298.317443847656 298.585144042969 298.852874755859 299.366943359375 300.127349853516
300.599731445312 300.498748779297 300.397766113281 300.296234130859 300.194488525391 300.092742919922 299.990997314453 299.895263671875 299.799560546875 299.703826904297 299.609283447266 299.518371582031 299.427459716797 299.336517333984 299.248657226562 299.163848876953 299.079010009766 298.994171142578 298.91845703125 298.845794677734 298.773101806641 298.700439453125 298.64013671875 298.579864501953 298.519561767578 298.463653564453 298.420837402344 298.378021240234 298.335205078125 298.301879882812 298.278045654297 298.254180908203 298.230346679688 298.232177734375 298.242523193359 298.252899169922 298.263244628906 298.355712890625 298.448181152344 298.540649414062 298.690002441406 299.010070800781 299.330108642578 299.650177001953 300.163146972656 300.869018554688
300.560150146484 300.458709716797 300.357269287109 300.257873535156 300.159210205078 300.060516357422 299.961853027344 299.870971679688 299.780120849609 299.689239501953 299.599487304688 299.513061523438 299.426635742188 299.340240478516 299.258239746094 299.1806640625 299.103118896484 299.025573730469 298.958526611328 298.89501953125 298.831512451172 298.768005371094 298.721649169922 298.67529296875 298.628936767578 298.588073730469 298.563781738281 298.539520263672 298.515228271484 298.505340576172 298.509857177734 298.514404296875 298.518920898438 298.555816650391 298.603485107422 298.651153564453 298.698822021484 298.842376708984 298.985931396484 299.129516601562 299.330291748047 299.702697753906 300.075103759766 300.447509765625 300.959350585938 301.610687255859
300.653167724609 300.557586669922 300.462005615234 300.370269775391 300.27978515625 300.189300537109 300.098846435547 300.017303466797 299.935760498047 299.854217529297 299.774108886719 299.698364257812 299.622650146484 299.546905517578 299.477233886719 299.413696289062 299.350128173828 299.286560058594 299.235412597656 299.188385009766 299.141387939453 299.094360351562 299.068756103516 299.043151855469 299.017547607422 298.998474121094 298.998870849609 298.999267578125 298.999694824219 299.017761230469 299.053497314453 299.089263916016 299.125 299.195953369141 299.278686523438 299.361389160156 299.444091796875 299.621948242188 299.7998046875 299.977661132812 300.206817626953 300.589813232422 300.972808837891 301.355804443359 301.830657958984 302.397369384766
300.878723144531 300.795349121094 300.712005615234 300.633331298828 300.556213378906 300.479095458984 300.401977539062 300.334228515625 300.266448974609 300.198699951172 300.133178710938 300.074279785156 300.015411376953 299.95654296875 299.905700683594 299.862854003906 299.820007324219 299.777191162109 299.749084472656 299.725891113281 299.702697753906 299.679504394531 299.681488037109 299.683471679688 299.685485839844 299.694793701172 299.726043701172 299.75732421875 299.788604736328 299.839141845703 299.908966064453 299.978790283203 300.048583984375 300.152648925781 300.268127441406 300.383605957031 300.499084472656 300.694427490234 300.889770507812 301.085083007812 301.319549560547 301.671417236328 302.023254394531 302.375122070312 302.777038574219 303.229064941406
301.104278564453 301.033142089844 300.962005615234 300.896392822266 300.832641601562 300.768859863281 300.705108642578 300.651123046875 300.59716796875 300.543182373047 300.492218017578 300.4501953125 300.408203125 300.366180419922 300.334136962891 300.31201171875 300.289916992188 300.267791748047 300.262756347656 300.263366699219 300.264007568359 300.2646484375 300.294219970703 300.323822021484 300.353393554688 300.39111328125 300.453247070312 300.515380859375 300.577514648438 300.660522460938 300.764404296875 300.868316650391 300.972198486328 301.109344482422 301.257598876953 301.405822753906 301.554077148438 301.766906738281 301.979705810547 302.192535400391 302.432312011719 302.753021240234 303.07373046875 303.394439697266 303.723449707031 304.060760498047
301.562591552734 301.507110595703 301.451629638672 301.402770996094 301.356140136719 301.309478759766 301.262847900391 301.226104736328 301.189361572266 301.152618408203 301.119232177734 301.096008300781 301.07275390625 301.049530029297 301.0361328125 301.032592773438 301.029022216797 301.025482177734 301.038665771484 301.057464599609 301.076232910156 301.095031738281 301.140075683594 301.185150146484 301.230194091797 301.282348632812 301.355743408203 301.429107666016 301.502502441406 301.592651367188 301.699523925781 301.806427001953 301.913299560547 302.046203613281 302.187744140625 302.329315185547 302.470886230469 302.659820556641 302.848754882812 303.037719726562 303.244171142578 303.503173828125 303.76220703125 304.021209716797 304.279815673828 304.538024902344
302.020874023438 301.981079101562 301.941284179688 301.9091796875 301.879638671875 301.850128173828 301.820587158203 301.801055908203 301.781555175781 301.762023925781 301.746276855469 301.741821289062 301.737335205078 301.732879638672 301.738128662109 301.753143310547 301.768157958984 301.783142089844 301.814605712891 301.851531982422 301.888488769531 301.925415039062 301.985961914062 302.046478271484 302.107025146484 302.173583984375 302.258209228516 302.342864990234 302.427490234375 302.524749755859 302.634643554688 302.744537353516 302.854400634766 302.983032226562 303.117919921875 303.252807617188 303.387664794922 303.552734375 303.717803955078 303.882873535156 304.056030273438 304.253356933594 304.45068359375 304.648010253906 304.836212158203 305.015289306641
302.479827880859 302.452209472656 302.424591064453 302.405181884766 302.388519287109 302.371856689453 302.355163574219 302.348175048828 302.341156005859 302.334167480469 302.330963134766 302.339233398437 302.347473144531 302.355743408203 302.373107910156 302.399566650391 302.426055908203 302.452514648438 302.494476318359 302.541564941406 302.588653564453 302.6357421875 302.703704833984 302.771697998047 302.839660644531 302.912719726562 303.001098632812 303.089508056641 303.177886962891 303.275726318359 303.383056640625 303.490356445312 303.597686767578 303.716949462891 303.840179443359 303.963409423828 304.086639404297 304.225494384766 304.364379882812 304.503234863281 304.643585205078 304.788299560547 304.933013916016 305.077728271484 305.207885742188 305.323455810547
302.939483642578 302.920532226562 302.901611328125 302.890838623047 302.882751464844 302.874694824219 302.866607666016 302.867401123047 302.868194580078 302.868988037109 302.873321533203 302.888244628906 302.903198242188 302.918121337891 302.941009521484 302.971893310547 303.002746582031 303.033599853516 303.078277587891 303.127532958984 303.176788330078 303.226043701172 303.293395996094 303.360778808594 303.428131103516 303.499816894531 303.584442138672 303.669036865234 303.753662109375 303.845550537109 303.944763183594 304.0439453125 304.143157958984 304.247894287109 304.354522705078 304.461120605469 304.567749023438 304.678100585938 304.788421630859 304.898773193359 305.0068359375 305.108001708984 305.209167480469 305.310363769531 305.394836425781 305.462615966797
303.399108886719 303.388854980469 303.378631591797 303.37646484375 303.376983642578 303.377532958984 303.378051757812 303.386657714844 303.395233154297 303.403839111328 303.415679931641 303.437286376953 303.458892822266 303.480499267578 303.508941650391 303.544189453125 303.579437255859 303.614685058594 303.662078857422 303.713470458984 303.764892578125 303.816314697266 303.883087158203 303.949859619141 304.016632080078 304.0869140625 304.167755126953 304.248596191406 304.329437255859 304.415374755859 304.506439208984 304.597534179688 304.688598632812 304.778869628906 304.868865966797 304.958862304688 305.048858642578 305.130676269531 305.212493896484 305.294311523438 305.370086669922 305.427734375 305.4853515625 305.542999267578 305.581787109375 305.601745605469
303.760955810547 303.75244140625 303.743896484375 303.74267578125 303.743896484375 303.7451171875 303.746307373047 303.755554199219 303.764801025391 303.774047851562 303.786437988281 303.808349609375 303.830230712891 303.852111816406 303.880584716797 303.915649414062 303.950714111328 303.985778808594 304.032165527344 304.082305908203 304.132476806641 304.182647705078 304.244659423828 304.306701660156 304.368743896484 304.433654785156 304.507293701172 304.580902099609 304.654510498047 304.730377197266 304.808471679688 304.886566162109 304.964630126953 305.037994384766 305.109741210938 305.181488037109 305.253234863281 305.311859130859 305.370513916016 305.429138183594 305.481689453125 305.515991210938 305.550262451172 305.584564208984 305.601745605469 305.601776123047
304.122833251953 304.116027832031 304.109191894531 304.108917236328 304.110809326172 304.112670898438 304.114562988281 304.124450683594 304.134368896484 304.144256591797 304.157196044922 304.179382324219 304.201568603516 304.223754882812 304.252258300781 304.287139892578 304.321990966797 304.356842041016 304.402252197266 304.451141357422 304.500061035156 304.548950195312 304.606262207031 304.663543701172 304.720825195312 304.780395507812 304.846801757812 304.913208007812 304.979614257812 305.045379638672 305.110473632812 305.175598144531 305.240692138672 305.297088623047 305.350616455078 305.404113769531 305.457611083984 305.493072509766 305.528503417969 305.56396484375 305.593292236328 305.604248046875 305.615203857422 305.626159667969 305.621673583984 305.601776123047
