Data/Covariate_Data/Formatted/All_data/1deg/PalaeoClimate/CampTemp_1.asc
NCOLS 360 
NROWS 180 
XLLCORNER -180 
YLLCORNER -90 
CELLSIZE 1 
NODATA_value -9999 
[rows 40 to 59 of 180, columns 276 to 321 of 360]
289.104522705078 289.197174072266 289.092254638672 288.987335205078 288.882415771484 288.677612304688 288.173065185547 287.668518066406 287.163970947266 286.767852783203 286.480163574219 286.192443847656 285.904754638672 285.562805175781 285.202789306641 284.8427734375 284.482757568359 284.394775390625 284.306823730469 284.218872070312 284.04931640625 283.634918212891 283.220550537109 282.80615234375 282.924102783203 283.574371337891 284.224639892578 284.874908447266 284.185913085938 283.050445556641 281.915008544922 280.779541015625 280.661865234375 280.544219970703 280.426544189453 279.725860595703 277.276214599609 274.826568603516 272.376922607422 271.142486572266 271.123291015625 271.104064941406 271.084838867188 273.743591308594 277.294982910156 280.846374511719
291.332550048828 291.754028320312 291.130950927734 290.507873535156 289.884826660156 289.324615478516 288.953094482422 288.58154296875 288.209991455078 288.027709960938 288.034637451172 288.041595458984 288.048522949219 287.663421630859 287.147644042969 286.631866455078 286.116088867188 285.595977783203 285.075836181641 284.555725097656 284.147094726562 284.072937011719 283.998748779297 283.924591064453 283.967742919922 284.128173828125 284.288604736328 284.449066162109 283.890991210938 283.093414306641 282.295837402344 281.498260498047 281.178466796875 280.858703613281 280.538909912109 279.552947998047 276.568511962891 273.584075927734 270.599609375 270.455871582031 273.152801513672 275.849761962891 278.546691894531 280.412292480469 282.000732421875 283.589172363281
293.560546875 294.310882568359 293.169647216797 292.028442382812 290.88720703125 289.971649169922 289.733093261719 289.494567871094 289.256011962891 289.287536621094 289.589141845703 289.890716552734 290.192291259766 289.764038085938 289.092498779297 288.420959472656 287.749420166016 286.797149658203 285.844848632812 284.892578125 284.244873046875 284.510925292969 284.776977539062 285.043029785156 285.011352539062 284.681976318359 284.352600097656 284.023193359375 283.596069335938 283.136383056641 282.676666259766 282.216979980469 281.695068359375 281.173187255859 280.651275634766 279.380035400391 275.860809326172 272.341552734375 268.822296142578 269.769226074219 275.182342529297 280.595458984375 286.008575439453 287.080993652344 286.706481933594 286.332000732422
290.43896484375 291.020172119141 290.543731689453 290.067291259766 289.5908203125 289.240539550781 289.268768310547 289.296997070312 289.325225830078 289.449798583984 289.670776367188 289.891723632812 290.112670898438 289.863098144531 289.456695556641 289.050262451172 288.643859863281 287.823822021484 287.003814697266 286.183776855469 285.609771728516 285.773712158203 285.937652587891 286.101623535156 285.948547363281 285.478454589844 285.008361816406 284.538269042969 284.079711914062 283.625 283.170257568359 282.715545654297 281.953582763672 281.191619873047 280.429656982422 279.110931396484 276.121917724609 273.132934570312 270.143951416016 271.315673828125 276.648162841797 281.980651855469 287.313110351562 288.540008544922 288.398345947266 288.256713867188
287.3173828125 287.7294921875 287.917816162109 288.106140136719 288.294464111328 288.509460449219 288.804443359375 289.099426269531 289.394439697266 289.612091064453 289.752410888672 289.892730712891 290.033050537109 289.962158203125 289.820861816406 289.679565429688 289.538299560547 288.850524902344 288.162750244141 287.474975585938 286.974639892578 287.036499023438 287.098358154297 287.160217285156 286.8857421875 286.274932861328 285.664123535156 285.053314208984 284.563323974609 284.113586425781 283.663848876953 283.214111328125 282.212097167969 281.210052490234 280.2080078125 278.841796875 276.383056640625 273.92431640625 271.465576171875 272.862152099609 278.113983154297 283.365814208984 288.61767578125 289.9990234375 290.090209960938 290.181396484375
287.015716552734 287.481719970703 287.98046875 288.479217529297 288.977996826172 289.372589111328 289.454742431641 289.536895751953 289.619018554688 289.614837646484 289.524353027344 289.433837890625 289.343353271484 289.469360351562 289.667510986328 289.865692138672 290.063873291016 289.889190673828 289.714538574219 289.539886474609 289.350067138672 289.114807128906 288.879516601562 288.644256591797 288.128326416016 287.331756591797 286.535186767578 285.738616943359 285.237091064453 284.833923339844 284.430755615234 284.027587890625 282.685363769531 281.343139648438 280.000885009766 278.765411376953 277.850250244141 276.93505859375 276.019866943359 277.667907714844 281.879119873047 286.09033203125 290.301574707031 291.484588623047 291.658172607422 291.831787109375
289.533966064453 290.27685546875 290.731689453125 291.186553955078 291.641418457031 291.829956054688 291.219665527344 290.609344482422 289.9990234375 289.458099365234 288.986602783203 288.515106201172 288.043609619141 288.384704589844 288.996643066406 289.608612060547 290.220581054688 290.939880371094 291.6591796875 292.378509521484 292.736114501953 292.008666992188 291.281219482422 290.553741455078 289.676330566406 288.64892578125 287.621551513672 286.594146728516 286.101043701172 285.786010742188 285.471008300781 285.155975341797 283.373413085938 281.590850830078 279.808288574219 278.881774902344 280.523468017578 282.165130615234 283.806823730469 285.732971191406 287.943603515625 290.154205322266 292.364837646484 292.996673583984 293.102233886719 293.207824707031
292.052215576172 293.071990966797 293.482940673828 293.893890380859 294.304840087891 294.287353515625 292.984558105469 291.681793212891 290.379028320312 289.301391601562 288.448883056641 287.596374511719 286.743865966797 287.300048828125 288.325805664062 289.351531982422 290.377288818359 291.990570068359 293.603820800781 295.217102050781 296.122161865234 294.902526855469 293.682891845703 292.463256835938 291.224304199219 289.966094970703 288.707885742188 287.449676513672 286.964965820312 286.738098144531 286.51123046875 286.284362792969 284.061462402344 281.838592529297 279.615692138672 278.998138427734 283.196685791016 287.395233154297 291.59375 293.798034667969 294.008056640625 294.218078613281 294.428100585938 294.5087890625 294.546325683594 294.583862304688
292.997863769531 293.507843017578 294.241973876953 294.97607421875 295.710205078125 295.975830078125 294.836059570312 293.696319580078 292.556549072266 291.434509277344 290.330200195312 289.225860595703 288.121551513672 289.014801025391 290.573913574219 292.132995605469 293.692108154297 294.590698242188 295.489288330078 296.387878417969 296.756225585938 295.533813476562 294.311431884766 293.089019775391 291.926422119141 290.823608398438 289.720794677734 288.618011474609 288.081024169922 287.732666015625 287.384307861328 287.035949707031 285.479095458984 283.922271728516 282.365417480469 282.069122314453 285.554504394531 289.039855957031 292.525207519531 294.382537841797 294.611785888672 294.841064453125 295.0703125 295.123718261719 295.118469238281 295.113220214844
293.943481445312 293.943725585938 295.001007080078 296.058288574219 297.115570068359 297.664337158203 296.687591552734 295.710815429688 294.734069824219 293.567626953125 292.211517333984 290.855377197266 289.499267578125 290.729553222656 292.822021484375 294.914459228516 297.006896972656 297.190826416016 297.374725341797 297.558654785156 297.390289306641 296.165130615234 294.939971923828 293.714813232422 292.628540039062 291.681121826172 290.733703613281 289.786315917969 289.197082519531 288.727233886719 288.257354736328 287.787506103516 286.896728515625 286.005950927734 285.115173339844 285.14013671875 287.912322998047 290.684509277344 293.456695556641 294.967041015625 295.215545654297 295.464050292969 295.712524414062 295.738647460938 295.690612792969 295.642578125
295.118011474609 294.605895996094 295.513793945312 296.421661376953 297.329559326172 297.845123291016 297.183776855469 296.522399902344 295.861053466797 294.990081787109 293.909515380859 292.828948974609 291.748413085938 292.889495849609 294.771148681641 296.652770996094 298.534423828125 298.63134765625 298.728271484375 298.825225830078 298.653442382812 297.675567626953 296.697692871094 295.719818115234 294.757446289062 293.810546875 292.863647460938 291.916748046875 291.130706787109 290.398254394531 289.665802001953 288.933380126953 288.394226074219 287.855041503906 287.315887451172 287.481170654297 289.759704589844 292.038269042969 294.316802978516 295.573913574219 295.809600830078 296.045257568359 296.280914306641 296.275817871094 296.190490722656 296.105133056641
296.521453857422 295.494384765625 295.780303955078 296.066253662109 296.352172851562 296.518218994141 296.324615478516 296.131042480469 295.937438964844 295.701843261719 295.424224853516 295.146606445312 294.869018554688 295.49462890625 296.421295166016 297.347991943359 298.274658203125 298.912292480469 299.549926757812 300.187561035156 300.545654296875 300.065124511719 299.584625244141 299.104095458984 298.313201904297 297.2119140625 296.110626220703 295.009338378906 293.881927490234 292.745788574219 291.609649658203 290.473510742187 289.971557617188 289.469573974609 288.967620849609 289.092254638672 291.096710205078 293.101135253906 295.105590820312 296.203186035156 296.393951416016 296.584716796875 296.775482177734 296.735290527344 296.618072509766 296.500885009766
297.924926757812 296.382873535156 296.046844482422 295.710815429688 295.374786376953 295.191314697266 295.465484619141 295.739685058594 296.013854980469 296.413604736328 296.938934326172 297.464263916016 297.989593505859 298.099731445312 298.071441650391 298.043182373047 298.014892578125 299.193237304688 300.371551513672 301.549896240234 302.437866210938 302.454681396484 302.471527099609 302.488342285156 301.868927001953 300.613250732422 299.357574462891 298.101898193359 296.633117675781 295.093322753906 293.553497314453 292.013671875 291.548889160156 291.084106445312 290.619323730469 290.703338623047 292.433685302734 294.164031982422 295.894378662109 296.832489013672 296.978332519531 297.124206542969 297.270050048828 297.194732666016 297.045684814453 296.896606445312
298.558319091797 297.427337646484 297.09716796875 296.766998291016 296.436798095703 296.458618164062 297.536315917969 298.614013671875 299.691741943359 299.632965087891 298.437683105469 297.242401123047 296.047119140625 296.589233398438 297.710510253906 298.831787109375 299.953033447266 299.652313232422 299.351623535156 299.050903320312 298.893798828125 299.167572021484 299.441345214844 299.715118408203 299.386444091797 298.455322265625 297.524200439453 296.593048095703 295.388519287109 294.092834472656 292.797149658203 291.50146484375 291.95947265625 292.417510986328 292.875518798828 293.501281738281 294.630218505859 295.759185791016 296.888122558594 297.484039306641 297.546905517578 297.609741210938 297.672607421875 297.558319091797 297.384948730469 297.211608886719
299.191680908203 298.471801757812 298.147491455078 297.823150634766 297.498840332031 297.725891113281 299.607147216797 301.488372802734 303.36962890625 302.852294921875 299.936401367188 297.0205078125 294.104614257812 295.078765869141 297.349578857422 299.620391845703 301.891174316406 300.111419677734 298.331665039062 296.551910400391 295.349761962891 295.880462646484 296.411193847656 296.94189453125 296.903961181641 296.29736328125 295.690795898438 295.084197998047 294.143890380859 293.092346191406 292.040802001953 290.9892578125 292.370086669922 293.750885009766 295.131713867188 296.299224853516 296.826782226562 297.354339599609 297.881896972656 298.135589599609 298.115447998047 298.095306396484 298.075164794922 297.921905517578 297.724243164062 297.526611328125
299.250823974609 299.513275146484 299.324951171875 299.136596679688 298.948272705078 299.356658935547 301.555236816406 303.753814697266 305.952362060547 305.205627441406 301.513610839844 297.821563720703 294.129516601562 295.278259277344 298.040588378906 300.802917480469 303.565246582031 301.53125 299.497222900391 297.463226318359 295.982177734375 296.160095214844 296.338012695312 296.515930175781 296.176391601562 295.319458007812 294.462493896484 293.605529785156 293.000640869141 292.479736328125 291.958831787109 291.437927246094 293.199859619141 294.961761474609 296.723693847656 298.090728759766 298.273254394531 298.455749511719 298.638244628906 298.684417724609 298.59423828125 298.504058837891 298.413879394531 298.232238769531 298.020111083984 297.807983398438
298.735687255859 300.551727294922 300.629516601562 300.707336425781 300.785125732422 301.350891113281 303.380615234375 305.410308837891 307.440002441406 306.692993164062 303.169250488281 299.645538330078 296.121826171875 297.187774658203 299.783599853516 302.379425048828 304.975250244141 303.911773681641 302.848297119141 301.784851074219 300.791076660156 300.006439208984 299.221832275391 298.437194824219 297.203765869141 295.521545410156 293.839324951172 292.157073974609 291.958709716797 292.254974365234 292.551208496094 292.847473144531 294.448791503906 296.050109863281 297.651397705078 298.875854492188 298.969635009766 299.063446044922 299.1572265625 299.130493164062 298.983245849609 298.835968017578 298.688720703125 298.489318847656 298.272552490234 298.055786132812
298.220520019531 301.590179443359 301.934112548828 302.278045654297 302.621978759766 303.345153808594 305.205963134766 307.066802978516 308.927612304688 308.180328369141 304.824920654297 301.469512939453 298.114105224609 299.097259521484 301.526580810547 303.955902099609 306.385223388672 306.292297363281 306.199371337891 306.106475830078 305.599975585938 303.852813720703 302.105621337891 300.358459472656 298.231109619141 295.7236328125 293.216125488281 290.708618164062 290.916809082031 292.030212402344 293.143615722656 294.257019042969 295.697723388672 297.138427734375 298.579132080078 299.660949707031 299.666046142578 299.671142578125 299.676239013672 299.576599121094 299.372253417969 299.167907714844 298.963562011719 298.746398925781 298.524993896484 298.303558349609
300.178771972656 301.759552001953 302.600433349609 303.441314697266 304.282196044922 304.877197265625 304.734619140625 304.592010498047 304.449401855469 303.355499267578 301.310302734375 299.265106201172 297.219909667969 297.829223632813 299.323364257812 300.817535400391 302.311676025391 303.525329589844 304.738983154297 305.95263671875 306.178558349609 303.441253662109 300.703948974609 297.966613769531 296.065582275391 295.000762939453 293.935974121094 292.871185302734 293.443634033203 294.561889648438 295.680114746094 296.79833984375 297.692474365234 298.586608886719 299.480712890625 300.135345458984 300.071380615234 300.007415771484 299.943481445312 299.804595947266 299.5908203125 299.377044677734 299.163269042969 298.984924316406 298.818359375 298.651824951172
302.137023925781 301.928955078125 303.266754150391 304.604583740234 305.942413330078 306.409271240234 304.263244628906 302.117218017578 299.97119140625 298.530700683594 297.795684814453 297.060699462891 296.32568359375 296.561187744141 297.120178222656 297.679168701172 298.238159179688 300.758392333984 303.278594970703 305.798828125 306.757141113281 303.029693603516 299.30224609375 295.574798583984 293.900024414063 294.277923583984 294.655822753906 295.033721923828 295.970489501953 297.093536376953 298.216613769531 299.339660644531 299.687194824219 300.034759521484 300.382293701172 300.609710693359 300.476715087891 300.343719482422 300.210723876953 300.032623291016 299.809417724609 299.586181640625 299.362976074219 299.223419189453 299.111724853516 299.000061035156
