Data/Covariate_Data/Formatted/All_data/1deg/PalaeoClimate/CampTemp_1.asc
NCOLS 360 
NROWS 180 
XLLCORNER -180 
YLLCORNER -90 
CELLSIZE 1 
NODATA_value -9999 
[rows 100 to 119 of 180, columns 0 to 45 of 360]
-9999 306.895889282227 306.896575927734 306.853790283203 306.811004638672 306.768249511719 306.725463867188 306.682678222656 306.633026123047 306.583374023438 306.533721923828 306.482727050781 306.427825927734 306.372894287109 306.317993164062 306.260925292969 306.201721191406 306.142547607422 306.083343505859 306.021423339844 305.958618164062 305.895812988281 305.8330078125 305.765686035156 305.698333740234 305.631011962891 305.562469482422 305.490234375 305.418029785156 305.345794677734 305.272064208984 305.196838378906 305.121612548828 305.046356201172 304.969116210938 304.891204833984 304.813293457031 304.735382080078 304.653533935547 304.571685791016 304.489837646484 304.407531738281 304.323883056641 304.240234375 304.156585693359 304.071594238281
-9999 306.89453125 306.895202636719 306.858276367188 306.821350097656 306.784423828125 306.747528076172 306.710601806641 306.666625976562 306.622619628906 306.578643798828 306.533020019531 306.482452392578 306.431884765625 306.381317138672 306.328002929688 306.271942138672 306.215881347656 306.159820556641 306.100677490234 306.04052734375 305.980346679688 305.920196533203 305.854705810547 305.789215087891 305.723754882812 305.656829833984 305.585601806641 305.514373779297 305.443176269531 305.370025634766 305.294982910156 305.219909667969 305.144836425781 305.067321777344 304.988983154297 304.91064453125 304.832275390625 304.750091552734 304.667907714844 304.585723876953 304.502777099609 304.417572021484 304.332366943359 304.247161865234 304.160583496094
-9999 306.843566894531 306.893859863281 306.86279296875 306.831695556641 306.800628662109 306.769561767578 306.738494873047 306.7001953125 306.661895751953 306.623596191406 306.583312988281 306.537078857422 306.490844726562 306.444610595703 306.395050048828 306.342132568359 306.289215087891 306.236297607422 306.179931640625 306.122406005859 306.064910888672 306.007385253906 305.943756103516 305.880096435547 305.816467285156 305.751190185547 305.680969238281 305.610748291016 305.54052734375 305.467987060547 305.393096923828 305.318206787109 305.243316650391 305.16552734375 305.086730957031 305.007965087891 304.929168701172 304.846649169922 304.764099121094 304.681579589844 304.597991943359 304.511260986328 304.424499511719 304.337738037109 304.249542236328
-9999 306.742980957031 306.793273925781 306.768615722656 306.743927001953 306.719268798828 306.694580078125 306.669921875 306.639739990234 306.609588623047 306.579406738281 306.547576904297 306.5107421875 306.473907470703 306.437072753906 306.396759033203 306.35302734375 306.309265136719 306.265502929688 306.217834472656 306.168853759766 306.119873046875 306.070892333984 306.014770507812 305.958618164062 305.902496337891 305.844635009766 305.781585693359 305.718536376953 305.655456542969 305.589019775391 305.519134521484 305.449279785156 305.37939453125 305.306427001953 305.232421875 305.158416748047 305.084381103516 305.005889892578 304.927368164062 304.848876953125 304.769195556641 304.686004638672 304.602813720703 304.519622802734 304.434326171875
-9999 306.607315063477 306.692687988281 306.674407958984 306.656158447266 306.637878417969 306.619598388672 306.601348876953 306.579315185547 306.557281494141 306.535247802734 306.511840820312 306.484405517578 306.456970214844 306.429504394531 306.398498535156 306.363891601562 306.329315185547 306.294708251953 306.255737304688 306.215301513672 306.174865722656 306.134399414062 306.085784912109 306.037170410156 305.988525390625 305.938079833984 305.882202148438 305.826293945312 305.770385742188 305.710021972656 305.645172119141 305.580322265625 305.515472412109 305.447326660156 305.378112792969 305.308868408203 305.239624023438 305.165130615234 305.090637207031 305.016143798828 304.940368652344 304.860748291016 304.781127929688 304.701507568359 304.619079589844
-9999 306.401489257812 306.521942138672 306.507873535156 306.493804931641 306.479736328125 306.465637207031 306.451568603516 306.43603515625 306.420501708984 306.404968261719 306.388549804688 306.369384765625 306.350250244141 306.331085205078 306.308746337891 306.283264160156 306.257751464844 306.232269287109 306.202758789062 306.171966552734 306.141143798828 306.1103515625 306.071258544922 306.032165527344 305.993072509766 305.952087402344 305.905548095703 305.858978271484 305.812438964844 305.760925292969 305.704498291016 305.648071289062 305.591644287109 305.530975341797 305.468841552734 305.40673828125 305.344635009766 305.276275634766 305.207885742188 305.139495849609 305.069732666016 304.995788574219 304.921875 304.847930908203 304.770721435547
-9999 306.160583496094 306.281036376953 306.268951416016 306.256866455078 306.244781494141 306.232727050781 306.220642089844 306.2099609375 306.199310302734 306.188659667969 306.177673339844 306.165710449219 306.153747558594 306.141784667969 306.127563476562 306.111083984375 306.094604492188 306.078125 306.058929443359 306.038879394531 306.018798828125 305.998718261719 305.971160888672 305.943634033203 305.916076660156 305.886657714844 305.851654052734 305.816619873047 305.781585693359 305.741760253906 305.697143554688 305.652526855469 305.60791015625 305.557312011719 305.504699707031 305.452087402344 305.399475097656 305.339294433594 305.279113769531 305.218933105469 305.157257080078 305.091156005859 305.025024414062 304.958923339844 304.889190673828
-9999 305.850357055664 306.040130615234 306.030059814453 306.019958496094 306.009857177734 305.999786376953 305.989685058594 305.983917236328 305.978118896484 305.972351074219 305.966827392578 305.962036132812 305.957244873047 305.952453613281 305.946350097656 305.938903808594 305.931427001953 305.923980712891 305.915100097656 305.90576171875 305.896423339844 305.887084960938 305.87109375 305.855102539062 305.839111328125 305.821228027344 305.797729492188 305.774230957031 305.750732421875 305.722595214844 305.689788818359 305.656982421875 305.624176025391 305.583648681641 305.54052734375 305.497436523438 305.454315185547 305.402313232422 305.350341796875 305.29833984375 305.244781494141 305.186492919922 305.128204345703 305.069915771484 305.007659912109
-9999 305.470809936523 305.660583496094 305.648834228516 305.637115478516 305.625366210938 305.613616943359 305.601867675781 305.595703125 305.589538574219 305.583343505859 305.578216552734 305.576141357422 305.574035644531 305.571960449219 305.569915771484 305.567932128906 305.56591796875 305.563903808594 305.561431884766 305.558807373047 305.556182861328 305.553558349609 305.545837402344 305.5380859375 305.530364990234 305.521270751953 305.508026123047 305.494750976562 305.481506347656 305.464294433594 305.443084716797 305.421905517578 305.400726318359 305.372222900391 305.341278076172 305.310363769531 305.279418945312 305.237945556641 305.196502685547 305.155059814453 305.111968994141 305.063995361328 305.016021728516 304.968048095703 304.915771484375
-9999 305.065872192383 305.281036376953 305.267639160156 305.254241943359 305.240844726562 305.227478027344 305.214080810547 305.207489013672 305.200927734375 305.194366455078 305.189575195312 305.190216064453 305.190856933594 305.191467285156 305.193511962891 305.196929931641 305.200378417969 305.203796386719 305.207733154297 305.211822509766 305.215911865234 305.220031738281 305.220550537109 305.221099853516 305.221649169922 305.221282958984 305.218292236328 305.215301513672 305.212280273438 305.205993652344 305.196411132812 305.186859130859 305.177276611328 305.160797119141 305.142028808594 305.123260498047 305.104522705078 305.073608398438 305.042694091797 305.011779785156 304.979156494141 304.941497802734 304.903839111328 304.866180419922 304.823913574219
-9999 304.610168457031 304.850708007812 304.836578369141 304.822418212891 304.808288574219 304.794128417969 304.779998779297 304.772674560547 304.765350341797 304.758026123047 304.752777099609 304.753875732422 304.754943847656 304.756042480469 304.759857177734 304.766387939453 304.77294921875 304.779479980469 304.787536621094 304.796081542969 304.804626464844 304.813201904297 304.819854736328 304.826507568359 304.833190917969 304.839141845703 304.842895507812 304.8466796875 304.850463867188 304.852081298828 304.8515625 304.851043701172 304.850524902344 304.844512939453 304.836700439453 304.828857421875 304.821044921875 304.800933837891 304.780822753906 304.760711669922 304.738616943359 304.710601806641 304.682556152344 304.654510498047 304.621917724609
-9999 304.12907409668 304.36962890625 304.355621337891 304.341613769531 304.32763671875 304.313629150391 304.299621582031 304.291198730469 304.282775878906 304.274322509766 304.267822265625 304.26708984375 304.266357421875 304.265655517578 304.268951416016 304.276275634766 304.283630371094 304.290954589844 304.300842285156 304.311584472656 304.322326660156 304.333068847656 304.343719482422 304.354370117188 304.365020751953 304.374786376953 304.381866455078 304.388977050781 304.396057128906 304.402587890625 304.408538818359 304.414520263672 304.420471191406 304.423370361328 304.425262451172 304.427124023438 304.429016113281 304.419982910156 304.410949707031 304.401916503906 304.390350341797 304.371215820312 304.352111816406 304.332977294922 304.309814453125
-9999 303.622955322266 303.888519287109 303.874664306641 303.86083984375 303.846984863281 303.833129882812 303.819274902344 303.809722900391 303.800170898438 303.790649414062 303.782836914062 303.780303955078 303.777770996094 303.775238037109 303.778045654297 303.786163330078 303.794281005859 303.802398681641 303.814147949219 303.827087402344 303.839996337891 303.852935791016 303.867584228516 303.882202148438 303.896850585938 303.910430908203 303.920837402344 303.931243896484 303.941650390625 303.953063964844 303.965515136719 303.977966308594 303.990417480469 304.002227783203 304.013824462891 304.025390625 304.036987304688 304.039031982422 304.041046142578 304.043090820312 304.042053222656 304.031860351562 304.021667480469 304.011474609375 303.997711181641
-9999 303.091842651367 303.357391357422 303.345611572266 303.333801269531 303.321990966797 303.310180664062 303.298400878906 303.289001464844 303.279602050781 303.270233154297 303.262359619141 303.259063720703 303.255767822266 303.252471923828 303.253997802734 303.260345458984 303.266693115234 303.273071289062 303.283599853516 303.295562744141 303.307525634766 303.319488525391 303.333984375 303.348449707031 303.362945556641 303.376892089844 303.389190673828 303.401489257812 303.413787841797 303.426330566406 303.439178466797 303.452026367188 303.464874267578 303.479156494141 303.493927001953 303.508697509766 303.523468017578 303.532257080078 303.541076660156 303.549865722656 303.55615234375 303.554870605469 303.553619384766 303.552337646484 303.547760009766
-9999 302.553482055664 302.826293945312 302.816528320312 302.806762695312 302.797027587891 302.787261962891 302.777496337891 302.768280029297 302.759063720703 302.749816894531 302.741882324219 302.737823486328 302.733764648438 302.729705810547 302.729949951172 302.734558105469 302.739135742188 302.743713378906 302.753082275391 302.764068603516 302.775054931641 302.786041259766 302.800384521484 302.814697265625 302.829040527344 302.843353271484 302.857543945312 302.871734619141 302.885925292969 302.899627685547 302.912872314453 302.926116943359 302.939331054688 302.956115722656 302.974060058594 302.992004394531 303.009948730469 303.025512695312 303.041076660156 303.056640625 303.070251464844 303.077880859375 303.085540771484 303.093200683594 303.097808837891
-9999 302.000610351562 302.280670166016 302.272796630859 302.264923095703 302.257019042969 302.249145507812 302.241271972656 302.232727050781 302.224182128906 302.215637207031 302.208221435547 302.204193115234 302.200134277344 302.196105957031 302.196197509766 302.200439453125 302.204681396484 302.208923339844 302.217590332031 302.227722167969 302.237854003906 302.247985839844 302.262329101562 302.276702880859 302.291046142578 302.305541992188 302.320404052734 302.335266113281 302.350128173828 302.364410400391 302.378143310547 302.391845703125 302.405578613281 302.423919677734 302.443786621094 302.463653564453 302.483551025391 302.504028320312 302.524505615234 302.545013427734 302.563842773438 302.577758789062 302.591705322266 302.605621337891 302.617065429688
-9999 301.440505981445 301.720550537109 301.714385986328 301.708221435547 301.702056884766 301.695861816406 301.689697265625 301.682342529297 301.675018310547 301.667663574219 301.661376953125 301.658142089844 301.654907226562 301.651702880859 301.652740478516 301.658050537109 301.663360595703 301.668701171875 301.677093505859 301.686492919922 301.695922851562 301.705352783203 301.719879150391 301.734436035156 301.748962402344 301.763458251953 301.777770996094 301.792083740234 301.806427001953 301.820709228516 301.834991455078 301.849273681641 301.863555908203 301.882568359375 301.903137207031 301.923706054688 301.944274902344 301.967834472656 301.991394042969 302.014923095703 302.036987304688 302.054504394531 302.072052001953 302.089599609375 302.105499267578
-9999 300.866744995117 301.160461425781 301.156005859375 301.151519775391 301.147064208984 301.142578125 301.138122558594 301.131988525391 301.125854492188 301.119720458984 301.114501953125 301.112091064453 301.109680175781 301.107269287109 301.109283447266 301.115661621094 301.1220703125 301.128479003906 301.136596679688 301.145294189453 301.153991699219 301.162689208984 301.177429199219 301.192138671875 301.206878662109 301.221374511719 301.235137939453 301.248931884766 301.2626953125 301.277008056641 301.291870117188 301.306701660156 301.321533203125 301.341217041016 301.362487792969 301.383758544922 301.405029296875 301.431640625 301.458251953125 301.48486328125 301.510101318359 301.53125 301.552398681641 301.573547363281 301.593933105469
-9999 300.279327392578 300.573028564453 300.568634033203 300.564239501953 300.559844970703 300.555450439453 300.551055908203 300.543670654297 300.536315917969 300.528930664062 300.522857666016 300.520660400391 300.518493652344 300.516296386719 300.518280029297 300.524475097656 300.530670166016 300.536865234375 300.546020507812 300.556213378906 300.566375732422 300.576538085938 300.593414306641 300.610321044922 300.627197265625 300.643829345703 300.659729003906 300.675598144531 300.691497802734 300.707397460938 300.723327636719 300.7392578125 300.755187988281 300.775939941406 300.798309326172 300.820678710938 300.843078613281 300.870483398438 300.897888183594 300.92529296875 300.952331542969 300.978271484375 301.004211425781 301.030151367188 301.05419921875
-9999 299.705444335938 299.985626220703 299.981292724609 299.976989746094 299.97265625 299.968322753906 299.963989257812 299.955383300781 299.94677734375 299.938140869141 299.931182861328 299.929229736328 299.927276611328 299.92529296875 299.927307128906 299.933288574219 299.939270019531 299.945251464844 299.955474853516 299.967102050781 299.978759765625 299.990386962891 300.009429931641 300.028472900391 300.047515869141 300.066284179688 300.084289550781 300.102264404297 300.120269775391 300.137756347656 300.15478515625 300.171783447266 300.188812255859 300.210662841797 300.234130859375 300.257629394531 300.281097412109 300.309326171875 300.337524414062 300.365753173828 300.394592285156 300.42529296875 300.456024169922 300.486755371094 300.514434814453
