Data/Covariate_Data/Formatted/All_data/1deg/PalaeoClimate/CampTemp_1.asc
NCOLS 360 
NROWS 180 
XLLCORNER -180 
YLLCORNER -90 
CELLSIZE 1 
NODATA_value -9999 
[rows 120 to 139 of 180, columns 276 to 321 of 360]
298.843933105469 298.733001708984 298.629791259766 298.526580810547 298.423370361328 298.319091796875 298.211639404297 298.104156494141 297.996704101562 297.886016845703 297.772064208984 297.658142089844 297.544189453125 297.458343505859 297.381866455078 297.305419921875 297.228942871094 297.134582519531 297.040191650391 296.945831298828 296.854675292969 296.773193359375 296.691711425781 296.610229492188 296.589202880859 296.628601074219 296.667999267578 296.707397460938 296.503234863281 296.217834472656 295.932464599609 295.647064208984 295.819458007812 295.991851806641 296.164215087891 296.366027832031 296.656036376953 296.946044921875 297.236053466797 297.427886962891 297.521545410156 297.615203857422 297.708892822266 298.017181396484 298.397003173828 298.77685546875
298.555908203125 298.440612792969 298.334503173828 298.228424072266 298.122344970703 298.013702392578 297.897308349609 297.780944824219 297.66455078125 297.536315917969 297.396240234375 297.256164550781 297.116058349609 297.025115966797 296.950531005859 296.875946044922 296.801361083984 296.70458984375 296.607788085938 296.510986328125 296.419403076172 296.343505859375 296.267578125 296.191650390625 296.195678710938 296.279663085938 296.363647460938 296.447631835938 296.20458984375 295.852569580078 295.500518798828 295.148498535156 295.510223388672 295.871978759766 296.233734130859 296.645111083984 297.205444335938 297.765747070312 298.326049804688 298.432342529297 298.084686279297 297.736999511719 297.389343261719 297.547454833984 297.874145507812 298.200866699219
298.267883300781 298.148193359375 298.039245605469 297.930297851562 297.821350097656 297.708312988281 297.5830078125 297.457702636719 297.332397460938 297.186645507812 297.020416259766 296.854187011719 296.687957763672 296.591888427734 296.519195556641 296.446502685547 296.373809814453 296.274597167969 296.175384521484 296.076141357422 295.984161376953 295.913787841797 295.843414306641 295.773071289062 295.802154541016 295.930725097656 296.059265136719 296.187835693359 295.905944824219 295.487274169922 295.068572998047 294.64990234375 295.201019287109 295.752136230469 296.303253173828 296.924224853516 297.754821777344 298.585418701172 299.416015625 299.436828613281 298.647796630859 297.858795166016 297.069793701172 297.077728271484 297.351287841797 297.624877929688
297.835784912109 297.707092285156 297.587799072266 297.468475341797 297.349182128906 297.220703125 297.064697265625 296.908721923828 296.752716064453 296.592651367188 296.428497314453 296.264343261719 296.100189208984 296.015472412109 295.957244873047 295.899017333984 295.840789794922 295.739868164062 295.638946533203 295.538024902344 295.44970703125 295.399322509766 295.348907470703 295.298492431641 295.360107421875 295.533721923828 295.707336425781 295.880950927734 295.689208984375 295.375640869141 295.062072753906 294.74853515625 294.759338378906 294.770172119141 294.780975341797 295.000640869141 295.846771240234 296.692901611328 297.539031982422 297.835357666016 297.581909179688 297.328460693359 297.075012207031 297.052795410156 297.107635498047 297.162445068359
297.403717041016 297.266021728516 297.136352539062 297.006683349609 296.877014160156 296.733093261719 296.546417236328 296.359741210938 296.173034667969 295.998657226562 295.836578369141 295.674499511719 295.512390136719 295.439056396484 295.395294189453 295.3515625 295.307800292969 295.205169677734 295.102508544922 294.999877929688 294.915283203125 294.884826660156 294.854400634766 294.823944091797 294.918060302734 295.13671875 295.355407714844 295.574096679688 295.472442626953 295.264007568359 295.055572509766 294.847137451172 294.317657470703 293.788177490234 293.258697509766 293.077026367188 293.938690185547 294.800354003906 295.662017822266 296.233917236328 296.516021728516 296.798156738281 297.080261230469 297.027862548828 296.863952636719 296.700042724609
296.823394775391 296.677642822266 296.538146972656 296.398651123047 296.259185791016 296.107025146484 295.916870117188 295.726715087891 295.536529541016 295.367553710938 295.219757080078 295.071960449219 294.924163818359 294.864501953125 294.834197998047 294.803924560547 294.773620605469 294.678863525391 294.584106445312 294.489349365234 294.419128417969 294.422515869141 294.425903320312 294.429290771484 294.550140380859 294.788452148438 295.026763916016 295.265045166016 295.173675537109 294.972381591797 294.771087646484 294.569793701172 293.772583007812 292.975372314453 292.178161621094 291.773223876953 292.545196533203 293.317138671875 294.089080810547 294.795776367188 295.437225341797 296.078674316406 296.720123291016 296.771514892578 296.626190185547 296.480895996094
296.094787597656 295.941955566406 295.793182373047 295.644439697266 295.495666503906 295.342498779297 295.176055908203 295.009643554688 294.843200683594 294.699340820312 294.578063964844 294.456787109375 294.335479736328 294.291809082031 294.273956298828 294.256134033203 294.238311767578 294.160980224609 294.083679199219 294.006378173828 293.961181640625 294.012329101562 294.0634765625 294.114593505859 294.256408691406 294.488891601562 294.721374511719 294.953857421875 294.792877197266 294.500762939453 294.208648681641 293.91650390625 293.124114990234 292.331726074219 291.539306640625 291.089263916016 291.666259765625 292.243225097656 292.820220947266 293.52099609375 294.345520019531 295.170043945312 295.994567871094 296.28369140625 296.394378662109 296.505035400391
295.3662109375 295.206268310547 295.048248291016 294.890197753906 294.732177734375 294.577972412109 294.435272216797 294.292572021484 294.149871826172 294.031127929688 293.936370849609 293.841583251953 293.746795654297 293.719085693359 293.713714599609 293.708343505859 293.702972412109 293.643127441406 293.583282470703 293.5234375 293.503265380859 293.602142333984 293.701019287109 293.799896240234 293.962677001953 294.189331054688 294.416015625 294.642669677734 294.412109375 294.029144287109 293.646179199219 293.263214111328 292.475646972656 291.688049316406 290.900482177734 290.405303955078 290.787322998047 291.169342041016 291.551361083984 292.246185302734 293.253784179688 294.261413574219 295.26904296875 295.7958984375 296.162536621094 296.529174804688
294.477783203125 294.358520507812 294.242156982422 294.125823974609 294.009460449219 293.887145996094 293.746887207031 293.606628417969 293.466339111328 293.369781494141 293.316925048828 293.264068603516 293.211181640625 293.229187011719 293.270812988281 293.312408447266 293.354034423828 293.257751464844 293.161499023438 293.065246582031 292.991851806641 292.987182617188 292.982482910156 292.977813720703 293.05615234375 293.217559814453 293.378967285156 293.540344238281 293.240539550781 292.786987304688 292.333435058594 291.8798828125 291.328002929688 290.776092529297 290.224212646484 289.891326904297 290.215484619141 290.539642333984 290.86376953125 291.512786865234 292.486663818359 293.460540771484 294.434387207031 294.967407226562 295.353454589844 295.739501953125
293.589324951172 293.510772705078 293.436096191406 293.361419677734 293.286773681641 293.196319580078 293.058471679688 292.920654296875 292.782836914062 292.708435058594 292.697479248047 292.6865234375 292.675598144531 292.739288330078 292.827880859375 292.916473388672 293.005065917969 292.872406005859 292.739715576172 292.607025146484 292.48046875 292.372222900391 292.263977050781 292.155731201172 292.149658203125 292.245788574219 292.341918945312 292.438018798828 292.068969726562 291.544830322266 291.020690917969 290.496551513672 290.180358886719 289.864166259766 289.547973632812 289.377380371094 289.643646240234 289.909912109375 290.176208496094 290.779388427734 291.719512939453 292.659637451172 293.599761962891 294.138885498047 294.544372558594 294.949829101562
292.767700195312 292.718017578125 292.676574707031 292.635131835938 292.593688964844 292.533966064453 292.419342041016 292.3046875 292.190063476562 292.154144287109 292.196899414062 292.239654541016 292.282440185547 292.391632080078 292.522979736328 292.654327392578 292.785675048828 292.499694824219 292.213745117188 291.927764892578 291.675323486328 291.523468017578 291.371643066406 291.219787597656 291.172882080078 291.230895996094 291.288940429688 291.346954345703 290.979919433594 290.47119140625 289.962463378906 289.453735351562 289.277435302734 289.101135253906 288.9248046875 288.847595214844 289.067718505859 289.287811279297 289.507934570312 290.084106445312 291.016296386719 291.948516845703 292.880737304688 293.375244140625 293.723907470703 294.072540283203
292.012817382812 291.980255126953 291.963592529297 291.946929931641 291.930267333984 291.900115966797 291.829406738281 291.758728027344 291.688049316406 291.706848144531 291.815155029297 291.923461914062 292.03173828125 292.186218261719 292.356109619141 292.525970458984 292.695831298828 292.139709472656 291.583557128906 291.027435302734 290.576446533203 290.440979003906 290.305480957031 290.170013427734 290.125823974609 290.172912597656 290.220001220703 290.267120361328 289.973388671875 289.566070556641 289.158752441406 288.751434326172 288.619232177734 288.486999511719 288.354766845703 288.302001953125 288.487670898438 288.673309326172 288.858978271484 289.426879882812 290.376983642578 291.327117919922 292.277252197266 292.676483154297 292.89208984375 293.107666015625
291.257965087891 291.242492675781 291.250610351562 291.258728027344 291.266845703125 291.266265869141 291.239501953125 291.212768554688 291.186004638672 291.259552001953 291.433380126953 291.607238769531 291.781066894531 291.980804443359 292.189208984375 292.397583007812 292.605987548828 291.779693603516 290.953369140625 290.127075195313 289.477569580078 289.358459472656 289.239349365234 289.120239257812 289.078765869141 289.114929199219 289.151092529297 289.187286376953 288.966888427734 288.660980224609 288.355041503906 288.049133300781 287.960998535156 287.872863769531 287.784729003906 287.756439208984 287.907623291016 288.058807373047 288.210021972656 288.769653320312 289.737701416016 290.705749511719 291.673797607422 291.977722167969 292.060241699219 292.142791748047
290.57421875 290.587280273438 290.658172607422 290.729095458984 290.799987792969 290.872039794922 290.947540283203 291.023071289062 291.098571777344 291.045989990234 290.865295410156 290.684600830078 290.50390625 290.087463378906 289.592407226562 289.097381591797 288.602355957031 288.320617675781 288.038909912109 287.757171630859 287.632629394531 287.979675292969 288.326690673828 288.673736572266 288.870269775391 288.916290283203 288.962310791016 289.008331298828 288.851898193359 288.627990722656 288.404083251953 288.18017578125 287.952819824219 287.725463867188 287.498138427734 287.319915771484 287.289123535156 287.258331298828 287.2275390625 287.671142578125 288.589111328125 289.507110595703 290.425079345703 290.195251464844 289.582824707031 288.970367431641
289.890472412109 289.932067871094 290.065734863281 290.199432373047 290.333099365234 290.477813720703 290.655578613281 290.833343505859 291.011108398438 290.832397460938 290.297180175781 289.761962890625 289.226745605469 288.194091796875 286.995635986328 285.797180175781 284.598724365234 284.861572265625 285.124420166016 285.387268066406 285.787689208984 286.600891113281 287.4140625 288.227233886719 288.661773681641 288.717651367188 288.773498535156 288.829376220703 288.736907958984 288.595031738281 288.453125 288.311218261719 287.944641113281 287.578094482422 287.211517333984 286.883392333984 286.670623779297 286.457824707031 286.245056152344 286.572631835938 287.440551757812 288.308471679688 289.176391601562 288.412811279297 287.105377197266 285.797943115234
289.323883056641 289.403015136719 289.553375244141 289.703735351562 289.854095458984 290.015716552734 290.211059570312 290.406402587891 290.601745605469 290.396728515625 289.791290283203 289.185882568359 288.580444335938 287.283935546875 285.757049560547 284.230163574219 282.703277587891 283.056854248047 283.410430908203 283.763977050781 284.308502197266 285.425903320312 286.543273925781 287.66064453125 288.282501220703 288.408843994141 288.535186767578 288.661499023438 288.622894287109 288.529296875 288.435699462891 288.342102050781 287.932891845703 287.523681640625 287.114471435547 286.702880859375 286.284057617188 285.865234375 285.446441650391 285.635620117188 286.432769775391 287.229919433594 288.027069091797 287.013854980469 285.397216796875 283.780578613281
288.874450683594 289.000122070312 289.121063232422 289.242004394531 289.362915039062 289.485687255859 289.613952636719 289.742218017578 289.870483398438 289.738952636719 289.347625732422 288.956329345703 288.565032958984 287.356964111328 285.876678466797 284.396392822266 282.916076660156 282.906494140625 282.896911621094 282.887329101562 283.195068359375 284.454681396484 285.714324951172 286.973968505859 287.732482910156 287.989898681641 288.247314453125 288.504730224609 288.509826660156 288.430816650391 288.351806640625 288.272796630859 287.917541503906 287.562255859375 287.206970214844 286.7783203125 286.129425048828 285.480560302734 284.831695556641 284.860076904297 285.565765380859 286.271453857422 286.977111816406 285.998474121094 284.458374023438 282.918273925781
288.424987792969 288.597229003906 288.688751220703 288.780242919922 288.871765136719 288.955688476562 289.016845703125 289.078033447266 289.139190673828 289.081176757812 288.903991699219 288.726806640625 288.549621582031 287.430023193359 285.996307373047 284.562591552734 283.128875732422 282.756134033203 282.383422851562 282.010681152344 282.081604003906 283.483489990234 284.885375976563 286.287261962891 287.182464599609 287.570953369141 287.959442138672 288.347930908203 288.396759033203 288.332336425781 288.267944335938 288.203521728516 287.902191162109 287.600830078125 287.299499511719 286.853759765625 285.974822998047 285.095886230469 284.216949462891 284.084564208984 284.698760986328 285.312957763672 285.927154541016 284.983062744141 283.519500732422 282.055969238281
287.832550048828 287.925598144531 288.010925292969 288.096252441406 288.181610107422 288.262329101562 288.329315185547 288.396301269531 288.463287353516 288.433715820312 288.307647705078 288.181549072266 288.055480957031 287.30712890625 286.351348876953 285.395568847656 284.439788818359 283.796997070312 283.154235839844 282.511444091797 282.341857910156 283.591857910156 284.841857910156 286.091857910156 286.813323974609 287.006256103516 287.199157714844 287.39208984375 287.439788818359 287.439117431641 287.438446044922 287.437744140625 287.291137695312 287.14453125 286.997924804688 286.6689453125 285.792846679688 284.916748046875 284.040649414062 283.720184326172 283.955291748047 284.190399169922 284.425506591797 283.902008056641 283.125610351562 282.349212646484
287.240112304688 287.253936767578 287.333099365234 287.412261962891 287.491424560547 287.569000244141 287.641784667969 287.714569091797 287.787384033203 287.786285400391 287.711303710938 287.636322021484 287.561340332031 287.184204101562 286.706390380859 286.228546142578 285.750701904297 284.837860107422 283.925048828125 283.01220703125 282.602142333984 283.700225830078 284.79833984375 285.896453857422 286.444183349609 286.441528320312 286.438873291016 286.436218261719 286.482818603516 286.545867919922 286.608917236328 286.671966552734 286.680114746094 286.688232421875 286.696350097656 286.484130859375 285.610870361328 284.737640380859 283.864379882812 283.355773925781 283.211791992188 283.067840576172 282.923858642578 282.820922851562 282.731689453125 282.642456054688
