Data/Covariate_Data/Formatted/All_data/1deg/PalaeoClimate/MaasTemp_1.asc
NCOLS 360 
NROWS 180 
XLLCORNER -180 
YLLCORNER -90 
CELLSIZE 1 
NODATA_value -9999 
[rows 40 to 59 of 180, columns 184 to 229 of 360]
287.514221191406 287.414947509766 287.315704345703 287.216461181641 287.387268066406 287.558074951172 287.728881835938 287.906982421875 288.10693359375 288.306884765625 288.506805419922 288.598846435547 288.582977294922 288.567108154297 288.551239013672 288.273498535156 287.908508300781 287.543487548828 287.178466796875 286.663482666016 286.148498535156 285.633483886719 285.428192138672 286.151885986328 286.875579833984 287.599273681641 287.771697998047 287.392822265625 287.013977050781 286.635131835938 286.881317138672 287.335876464844 287.790435791016 288.244964599609 287.865966796875 287.486938476562 287.10791015625 286.766204833984 286.536468505859 286.306732177734 286.076995849609 285.921569824219 285.840393066406 285.759246826172 285.678100585938 285.248016357422
288.420989990234 288.347747802734 288.274505615234 288.201232910156 288.327575683594 288.453887939453 288.580200195312 288.701049804688 288.805419921875 288.909820556641 289.014190673828 289.124298095703 289.240081787109 289.355865478516 289.471649169922 289.251739501953 288.919952392578 288.588165283203 288.256378173828 287.987121582031 287.717864990234 287.448577880859 287.363983154297 287.833343505859 288.302703857422 288.772064208984 288.853698730469 288.547668457031 288.241607666016 287.935546875 288.001556396484 288.191528320312 288.381530761719 288.571533203125 288.325836181641 288.080108642578 287.834411621094 287.603240966797 287.415740966797 287.228240966797 287.040771484375 286.886108398438 286.764282226562 286.642456054688 286.520629882812 286.212554931641
289.327758789062 289.280517578125 289.233276367188 289.18603515625 289.267852783203 289.349700927734 289.431518554688 289.495086669922 289.503936767578 289.512756347656 289.521575927734 289.649719238281 289.897155761719 290.144592285156 290.392028808594 290.22998046875 289.931396484375 289.632843017578 289.334289550781 289.310760498047 289.287231445312 289.263671875 289.299774169922 289.514801025391 289.729827880859 289.944854736328 289.935729980469 289.702484130859 289.46923828125 289.235992431641 289.121765136719 289.047210693359 288.97265625 288.898101806641 288.785705566406 288.673309326172 288.560882568359 288.440277099609 288.295013427734 288.149780273438 288.004516601562 287.850646972656 287.688171386719 287.525665283203 287.363189697266 287.177093505859
290.250030517578 290.191802978516 290.133575439453 290.075317382812 290.017211914062 289.959106445312 289.900970458984 289.829437255859 289.717620849609 289.605773925781 289.493957519531 289.707641601562 290.246887207031 290.7861328125 291.325378417969 291.113464355469 290.651184082031 290.188873291016 289.726593017578 288.907592773438 288.088592529297 287.269592285156 286.949584960938 288.126647949219 289.303680419922 290.480743408203 290.982788085938 290.809875488281 290.636932373047 290.463989257812 290.244689941406 290.009918212891 289.775115966797 289.540344238281 289.34814453125 289.155975341797 288.963775634766 288.796936035156 288.706115722656 288.615325927734 288.524536132812 288.443878173828 288.373413085938 288.302917480469 288.232421875 288.039367675781
291.172271728516 291.103057861328 291.033843994141 290.964630126953 290.766571044922 290.568511962891 290.370452880859 290.163757324219 289.931274414062 289.698791503906 289.46630859375 289.765594482422 290.596618652344 291.427673339844 292.258697509766 291.996948242188 291.370941162109 290.744934082031 290.118896484375 288.504425048828 286.889953613281 285.275482177734 284.599395751953 286.738464355469 288.877563476562 291.016632080078 292.029846191406 291.917236328125 291.804626464844 291.692016601562 291.367614746094 290.972595214844 290.577606201172 290.182586669922 289.910614013672 289.638641357422 289.366638183594 289.153564453125 289.117218017578 289.080871582031 289.044525146484 289.037109375 289.058624267578 289.080139160156 289.101654052734 288.901641845703
292.200988769531 292.125732421875 292.050476074219 291.975250244141 291.766571044922 291.557922363281 291.349243164062 291.151519775391 290.986541748047 290.821594238281 290.656616210938 290.931396484375 291.645935058594 292.360473632812 293.075012207031 292.796966552734 292.188018798828 291.5791015625 290.970184326172 289.358001708984 287.745819091797 286.133636474609 285.363067626953 287.117370605469 288.871643066406 290.625946044922 291.669158935547 292.001281738281 292.333404541016 292.66552734375 292.419677734375 291.981201171875 291.542724609375 291.104248046875 290.777862548828 290.451477050781 290.125061035156 289.873382568359 289.845855712891 289.818298339844 289.790771484375 289.796936035156 289.836853027344 289.876739501953 289.916656494141 289.706817626953
293.336120605469 293.259796142578 293.183502197266 293.107177734375 293.017272949219 292.927337646484 292.837432861328 292.792663574219 292.883422851562 292.974151611328 293.064880371094 293.205108642578 293.394836425781 293.584564208984 293.774291992188 293.513458251953 293.102447509766 292.691436767578 292.280456542969 291.468292236328 290.656158447266 289.844024658203 289.240570068359 289.263305664062 289.286010742188 289.308715820312 289.900695800781 291.061981201172 292.223266601562 293.384521484375 293.400939941406 293.035736083984 292.670532226562 292.305328369141 291.949890136719 291.594482421875 291.239044189453 290.956390380859 290.891998291016 290.827606201172 290.763214111328 290.723358154297 290.708038330078 290.692687988281 290.677368164062 290.454925537109
294.471252441406 294.393859863281 294.316497802734 294.239105224609 294.267944335938 294.296783447266 294.325592041016 294.433837890625 294.7802734375 295.126678466797 295.473114013672 295.478790283203 295.143707275391 294.808654785156 294.473571777344 294.22998046875 294.016876220703 293.803802490234 293.590698242188 293.578582763672 293.566497802734 293.554382324219 293.118103027344 291.409240722656 289.700347900391 287.991485595703 288.132263183594 290.122680664062 292.113098144531 294.103515625 294.382171630859 294.090240478516 293.798309326172 293.506378173828 293.121917724609 292.737487792969 292.35302734375 292.039398193359 291.938140869141 291.836883544922 291.735656738281 291.649749755859 291.579193115234 291.508666992188 291.438110351562 291.203033447266
293.809326171875 294.461883544922 295.114440917969 295.766998291016 295.768737792969 295.7705078125 295.772247314453 295.816955566406 295.990539550781 296.164123535156 296.337707519531 296.260559082031 295.932739257812 295.604919433594 295.277099609375 295.019714355469 294.785827636719 294.551940917969 294.318054199219 294.285888671875 294.253753662109 294.221588134766 293.936859130859 292.894409179688 291.851928710938 290.809478759766 290.881042480469 292.066650390625 293.252258300781 294.437866210938 294.559234619141 294.325836181641 294.092437744141 293.859039306641 293.547271728516 293.235473632812 292.923706054688 292.661834716797 292.5498046875 292.437744140625 292.325714111328 292.241424560547 292.184906005859 292.128387451172 292.071868896484 291.885406494141
293.147399902344 294.529876708984 295.912384033203 297.294860839844 297.26953125 297.244232177734 297.218902587891 297.200103759766 297.200805664062 297.201538085938 297.202270507812 297.042327880859 296.721771240234 296.401184082031 296.080627441406 295.809448242188 295.554779052734 295.300079345703 295.04541015625 294.993194580078 294.940979003906 294.888763427734 294.755615234375 294.379547119141 294.003509521484 293.627471923828 293.629852294922 294.010620117188 294.391418457031 294.772186279297 294.736267089844 294.561401367188 294.386566162109 294.211730957031 293.972595214844 293.733489990234 293.494354248047 293.284301757812 293.161468505859 293.038604736328 292.915771484375 292.833099365234 292.790588378906 292.748107910156 292.705596923828 292.567779541016
293.063934326172 294.834625244141 296.605316162109 298.376007080078 298.356658935547 298.337310791016 298.317962646484 298.278503417969 298.1787109375 298.078948974609 297.979156494141 297.775146484375 297.466888427734 297.158630371094 296.850341796875 296.563842773438 296.284576416016 296.005310058594 295.726043701172 295.6513671875 295.576690673828 295.502014160156 295.435180664062 295.391754150391 295.348327636719 295.304931640625 295.272796630859 295.251953125 295.231109619141 295.210266113281 295.117614746094 295.001037597656 294.884460449219 294.767883300781 294.575866699219 294.383850097656 294.191802978516 294.01025390625 293.860137939453 293.709991455078 293.559875488281 293.469116210938 293.437774658203 293.406433105469 293.375091552734 293.280090332031
293.558929443359 295.376068115234 297.193237304688 299.010375976562 299.030029296875 299.049713134766 299.069396972656 299.052154541016 298.924224853516 298.796295166016 298.668365478516 298.458953857422 298.168060302734 297.877197265625 297.586303710938 297.282867431641 296.975219726562 296.667572021484 296.359924316406 296.260406494141 296.160888671875 296.061340332031 295.975555419922 295.930969238281 295.886413574219 295.841827392578 295.809906005859 295.790618896484 295.771301269531 295.752014160156 295.703277587891 295.644683837891 295.586120605469 295.527557373047 295.357055664062 295.186553955078 295.016082763672 294.839721679688 294.645812988281 294.451904296875 294.257995605469 294.149536132812 294.12646484375 294.103393554688 294.080352783203 294.022369384766
294.053955078125 295.917541503906 297.781158447266 299.644744873047 299.703430175781 299.762115478516 299.820831298828 299.825805664062 299.669738769531 299.513641357422 299.357543945312 299.142761230469 298.869262695312 298.595764160156 298.322265625 298.001892089844 297.665863037109 297.329864501953 296.993835449219 296.869445800781 296.745056152344 296.620666503906 296.515930175781 296.47021484375 296.424468994141 296.378723144531 296.346984863281 296.329254150391 296.3115234375 296.293792724609 296.288940429688 296.288360595703 296.287780761719 296.287200927734 296.138244628906 295.989288330078 295.84033203125 295.669189453125 295.431518554688 295.193817138672 294.956146240234 294.829925537109 294.815155029297 294.800354003906 294.785583496094 294.764617919922
296.666931152344 297.836944580078 299.006958007812 300.176971435547 300.205810546875 300.234649658203 300.263488769531 300.246948242188 300.094421386719 299.941864013672 299.789306640625 299.586883544922 299.334564208984 299.082244873047 298.829956054688 298.554321289062 298.270935058594 297.987548828125 297.704162597656 297.564758300781 297.425354003906 297.285980224609 297.164367675781 297.096099853516 297.027862548828 296.959594726562 296.912872314453 296.887664794922 296.862457275391 296.837249755859 296.840728759766 296.853790283203 296.866821289062 296.879852294922 296.767639160156 296.655426025391 296.543182373047 296.398864746094 296.158264160156 295.917663574219 295.677093505859 295.523773193359 295.457763671875 295.391784667969 295.325775146484 295.297821044922
299.279937744141 299.75634765625 300.232788085938 300.709197998047 300.708190917969 300.707153320312 300.706146240234 300.668121337891 300.519104003906 300.370086669922 300.221069335938 300.030975341797 299.799865722656 299.568725585938 299.337615966797 299.106750488281 298.876007080078 298.645233154297 298.414459228516 298.260070800781 298.105682373047 297.951263427734 297.812774658203 297.722015380859 297.631256103516 297.540496826172 297.478759765625 297.446075439453 297.413391113281 297.380706787109 297.392547607422 297.419189453125 297.445861816406 297.472534179688 297.397033691406 297.321533203125 297.246032714844 297.128540039062 296.885040283203 296.641510009766 296.398010253906 296.217651367188 296.100402832031 295.983184814453 295.865966796875 295.831024169922
300.746459960938 300.877410888672 301.008361816406 301.139312744141 301.111175537109 301.083038330078 301.054870605469 300.997680664062 300.853332519531 300.708984375 300.564605712891 300.387573242188 300.177856445312 299.968139648438 299.758453369141 299.562805175781 299.371856689453 299.180908203125 298.989959716797 298.837860107422 298.685729980469 298.533630371094 298.393981933594 298.291717529297 298.189483642578 298.087249755859 298.016510009766 297.977264404297 297.938018798828 297.898773193359 297.904144287109 297.924377441406 297.944610595703 297.96484375 297.916412353516 297.867980957031 297.819580078125 297.728820800781 297.511108398438 297.293395996094 297.07568359375 296.88818359375 296.730895996094 296.573638916016 296.416351318359 296.3828125
301.066558837891 301.200164794922 301.333740234375 301.467346191406 301.414794921875 301.362274169922 301.309722900391 301.235687255859 301.097106933594 300.958526611328 300.819976806641 300.656646728516 300.468566894531 300.280487060547 300.092437744141 299.922454833984 299.758514404297 299.594604492188 299.4306640625 299.298126220703 299.165557861328 299.033020019531 298.907928466797 298.805236816406 298.702545166016 298.599884033203 298.526092529297 298.481201171875 298.436340332031 298.391448974609 298.375549316406 298.369293212891 298.363037109375 298.356781005859 298.325775146484 298.294769287109 298.263763427734 298.19970703125 298.036499023438 297.873291015625 297.710052490234 297.535369873047 297.349243164062 297.163116455078 296.976959228516 296.953216552734
301.386657714844 301.522888183594 301.659118652344 301.795349121094 301.718414306641 301.641479492188 301.564575195312 301.473663330078 301.340881347656 301.208099365234 301.075317382812 300.925720214844 300.75927734375 300.592834472656 300.426391601562 300.282104492188 300.145202636719 300.008270263672 299.871368408203 299.758392333984 299.645385742188 299.532409667969 299.421875 299.318756103516 299.215637207031 299.112518310547 299.035675048828 298.985168457031 298.934631347656 298.884124755859 298.846923828125 298.814208984375 298.781463623047 298.748718261719 298.735137939453 298.721557617188 298.707977294922 298.670593261719 298.561889648438 298.453186035156 298.344451904297 298.182586669922 297.967590332031 297.752593994141 297.537567138672 297.523620605469
301.502807617188 301.623199462891 301.743621826172 301.864013671875 301.794189453125 301.724395751953 301.654571533203 301.572387695312 301.453033447266 301.333648681641 301.214294433594 301.083709716797 300.941864013672 300.800048828125 300.658203125 300.531616210938 300.410125732422 300.288604736328 300.167114257812 300.068939208984 299.970733642578 299.87255859375 299.777221679688 299.690338134766 299.603454589844 299.516571044922 299.447906494141 299.397430419922 299.346954345703 299.296508789062 299.257415771484 299.222106933594 299.186798095703 299.151489257812 299.118408203125 299.085327148438 299.05224609375 299.005950927734 298.920074462891 298.834197998047 298.748321533203 298.600311279297 298.39013671875 298.179962158203 297.969787597656 297.918365478516
301.618988037109 301.723541259766 301.828094482422 301.932647705078 301.869964599609 301.807281494141 301.744598388672 301.671112060547 301.565155029297 301.459197998047 301.353240966797 301.241668701172 301.124450683594 301.007232666016 300.890014648438 300.781158447266 300.675048828125 300.568939208984 300.462860107422 300.379486083984 300.296112060547 300.212738037109 300.132537841797 300.061920166016 299.991271972656 299.920654296875 299.860137939453 299.809722900391 299.75927734375 299.708862304688 299.667877197266 299.630004882812 299.592132568359 299.554260253906 299.501678466797 299.449096679688 299.396514892578 299.341339111328 299.278289794922 299.215240478516 299.152221679688 299.018035888672 298.812683105469 298.607330322266 298.402008056641 298.313110351562
