Data/Covariate_Data/Formatted/All_data/1deg/PalaeoClimate/MaasTemp_1.asc
NCOLS 360 
NROWS 180 
XLLCORNER -180 
YLLCORNER -90 
CELLSIZE 1 
NODATA_value -9999 
[rows 120 to 139 of 180, columns 276 to 321 of 360]
298.762512207031 298.688079833984 298.626373291016 298.564666748047 298.5029296875 298.443634033203 298.391479492188 298.339324951172 298.287200927734 298.229675292969 298.166778564453 298.103881835938 298.040985107422 297.988800048828 297.940185546875 297.891571044922 297.842956542969 297.770843505859 297.69873046875 297.626586914062 297.58349609375 297.627349853516 297.671203613281 297.715087890625 297.773010253906 297.845031738281 297.917053222656 297.989044189453 297.953582763672 297.882263183594 297.810974121094 297.739685058594 298.296997070312 298.854339599609 299.411651611328 299.910614013672 300.234436035156 300.558258056641 300.882080078125 300.970489501953 300.823516845703 300.676513671875 300.529541015625 300.518249511719 300.552215576172 300.586151123047
298.402770996094 298.33203125 298.275024414062 298.218017578125 298.161010742188 298.106658935547 298.060211181641 298.013793945312 297.967346191406 297.910583496094 297.843475341797 297.7763671875 297.709289550781 297.654541015625 297.603912353516 297.553283691406 297.502655029297 297.414337158203 297.326049804688 297.237762451172 297.183166503906 297.229675292969 297.276184082031 297.322692871094 297.357727050781 297.381256103516 297.404815673828 297.428375244141 297.451751708984 297.47509765625 297.498413085938 297.521759033203 298.008544921875 298.495330810547 298.982147216797 299.549530029297 300.358673095703 301.167816162109 301.976959228516 302.226898193359 301.917694091797 301.608489990234 301.299255371094 300.987121582031 300.673980712891 300.36083984375
298.043029785156 297.976013183594 297.923706054688 297.871398925781 297.819091796875 297.769683837891 297.728973388672 297.688232421875 297.647491455078 297.591491699219 297.520172119141 297.448883056641 297.377563476562 297.320251464844 297.267639160156 297.214996337891 297.162353515625 297.057861328125 296.953399658203 296.848907470703 296.782836914062 296.831970214844 296.881134033203 296.930297851562 296.942413330078 296.917510986328 296.892578125 296.86767578125 296.949920654297 297.067901611328 297.185852050781 297.303833007812 297.720092773438 298.136352539062 298.552612304688 299.188415527344 300.482879638672 301.77734375 303.071807861328 303.483337402344 303.011901855469 302.540435791016 302.069000244141 301.455963134766 300.795745849609 300.135528564453
297.598571777344 297.534973144531 297.492279052734 297.449584960938 297.406890869141 297.364807128906 297.324493408203 297.284210205078 297.243896484375 297.184844970703 297.106994628906 297.029144287109 296.951293945312 296.888916015625 296.831634521484 296.774383544922 296.717102050781 296.60107421875 296.485015869141 296.368957519531 296.297760009766 296.361145019531 296.424560546875 296.487945556641 296.516204833984 296.509338378906 296.502471923828 296.49560546875 296.63134765625 296.814666748047 296.997955322266 297.181274414062 297.526245117188 297.871246337891 298.216217041016 298.832214355469 300.261138916016 301.690093994141 303.119049072266 303.511535644531 302.867614746094 302.223663330078 301.579711914062 300.948913574219 300.322540283203 299.696136474609
297.154144287109 297.093902587891 297.060852050781 297.027770996094 296.994689941406 296.959930419922 296.920043945312 296.880187988281 296.840301513672 296.778198242188 296.693817138672 296.609436035156 296.525054931641 296.457550048828 296.395660400391 296.333770751953 296.271881103516 296.144256591797 296.016632080078 295.889007568359 295.812713623047 295.890350341797 295.967987060547 296.045623779297 296.090026855469 296.101196289062 296.112365722656 296.12353515625 296.312805175781 296.561431884766 296.810089111328 297.058715820312 297.332427978516 297.606140136719 297.879852294922 298.475982666016 300.039398193359 301.602844238281 303.166259765625 303.539764404297 302.723297119141 301.906860351562 301.090423583984 300.441864013672 299.849304199219 299.256713867188
296.676971435547 296.625274658203 296.602966308594 296.580657958984 296.558349609375 296.531280517578 296.489990234375 296.448669433594 296.407379150391 296.341827392578 296.252044677734 296.162261962891 296.072479248047 295.998809814453 295.930511474609 295.862213134766 295.7939453125 295.669403076172 295.544860839844 295.420318603516 295.353698730469 295.460876464844 295.568023681641 295.675201416016 295.742340087891 295.769470214844 295.796600341797 295.823699951172 295.898590087891 295.989410400391 296.080230712891 296.171020507812 296.447723388672 296.724426269531 297.001129150391 297.649322509766 299.411987304688 301.174652099609 302.937316894531 303.289947509766 302.232604980469 301.175231933594 300.117858886719 299.528869628906 299.095947265625 298.663055419922
296.167083740234 296.129089355469 296.118682861328 296.108276367188 296.097869873047 296.078887939453 296.034301757812 295.989715576172 295.945129394531 295.875793457031 295.781707763672 295.687622070312 295.593566894531 295.5126953125 295.436218261719 295.359771728516 295.283294677734 295.176483154297 295.069671630859 294.962860107422 294.920745849609 295.07275390625 295.224731445312 295.376739501953 295.473205566406 295.514190673828 295.55517578125 295.596160888672 295.388763427734 295.098571777344 294.808380126953 294.518218994141 294.872161865234 295.226135253906 295.580108642578 296.352233886719 298.378875732422 300.405517578125 302.432159423828 302.762145996094 301.395446777344 300.028778076172 298.662078857422 298.209869384766 298.062530517578 297.915161132812
295.657196044922 295.632904052734 295.634399414062 295.635894775391 295.637359619141 295.626525878906 295.578643798828 295.53076171875 295.482879638672 295.409729003906 295.311370849609 295.213012695312 295.114654541016 295.026580810547 294.941955566406 294.857299804688 294.772674560547 294.68359375 294.594512939453 294.505401611328 294.48779296875 294.684631347656 294.881439208984 295.078247070312 295.2041015625 295.258941650391 295.313781738281 295.368621826172 294.878936767578 294.207763671875 293.536560058594 292.865386962891 293.296600341797 293.727844238281 294.159057617188 295.055145263672 297.345764160156 299.636383056641 301.927001953125 302.234313964844 300.558319091797 298.882293701172 297.206298828125 296.890899658203 297.029083251953 297.167236328125
295.145172119141 295.147827148438 295.143249511719 295.138702392578 295.134124755859 295.119476318359 295.074493408203 295.029541015625 294.984588623047 294.919555664062 294.834442138672 294.749298095703 294.664184570312 294.584838867188 294.507446289062 294.430023193359 294.352600097656 294.288116455078 294.2236328125 294.159149169922 294.123413085938 294.174011230469 294.224609375 294.275177001953 294.304992675781 294.314025878906 294.323059082031 294.332092285156 293.831420898438 293.160888671875 292.490356445312 291.819793701172 292.326873779297 292.833984375 293.341064453125 294.317291259766 296.700988769531 299.084686279297 301.468383789062 301.810180664062 300.110076904297 298.410003662109 296.709899902344 296.180572509766 296.041473388672 295.902374267578
294.633148193359 294.662750244141 294.652130126953 294.641510009766 294.630889892578 294.612396240234 294.570373535156 294.528350830078 294.486297607422 294.429351806641 294.357482910156 294.285614013672 294.213745117188 294.143127441406 294.072937011719 294.002746582031 293.932525634766 293.892639160156 293.852752685547 293.812866210938 293.759033203125 293.663391113281 293.567749023438 293.472106933594 293.405914306641 293.369110107422 293.332336425781 293.295562744141 292.783935546875 292.114013671875 291.444122314453 290.774230957031 291.357177734375 291.940093994141 292.523040771484 293.579437255859 296.056182861328 298.532958984375 301.009735107422 301.386016845703 299.661865234375 297.937683105469 296.213531494141 295.47021484375 295.053863525391 294.637512207031
294.149993896484 294.197418212891 294.168060302734 294.138732910156 294.109375 294.081573486328 294.058441162109 294.035308837891 294.012145996094 293.973846435547 293.920379638672 293.866943359375 293.8134765625 293.756164550781 293.697540283203 293.638946533203 293.580352783203 293.440673828125 293.300994873047 293.161346435547 293.013763427734 292.842437744141 292.671142578125 292.499847412109 292.342163085938 292.198120117188 292.054046630859 291.910003662109 291.420959472656 290.81689453125 290.212829589844 289.608795166016 290.282806396484 290.956817626953 291.630828857422 292.758697509766 295.248168945312 297.737609863281 300.227081298828 300.675415039062 299.082611083984 297.489776611328 295.89697265625 295.052490234375 294.457458496094 293.862396240234
293.695709228516 293.751800537109 293.691070556641 293.630340576172 293.569610595703 293.527008056641 293.538696289062 293.550415039062 293.562103271484 293.553039550781 293.523162841797 293.493286132812 293.463409423828 293.423950195312 293.381317138672 293.338684082031 293.296020507812 292.932220458984 292.568389892578 292.204559326172 291.887603759766 291.711181640625 291.534790039062 291.358367919922 291.11376953125 290.800994873047 290.488220214844 290.175445556641 289.742492675781 289.269500732422 288.796478271484 288.323486328125 289.103790283203 289.884094238281 290.664367675781 291.855041503906 294.27685546875 296.698638916016 299.120452880859 299.678344726562 298.372314453125 297.066284179688 295.76025390625 294.927398681641 294.252227783203 293.577056884766
293.241455078125 293.306182861328 293.214080810547 293.121978759766 293.029876708984 292.972412109375 293.018981933594 293.065521240234 293.112060546875 293.132202148438 293.125915527344 293.11962890625 293.113342285156 293.091735839844 293.065063476562 293.038391113281 293.01171875 292.423736572266 291.835784912109 291.247802734375 290.761444091797 290.579925537109 290.398406982422 290.216888427734 289.885375976562 289.403900146484 288.922393798828 288.440887451172 288.064056396484 287.722106933594 287.380126953125 287.038177490234 287.924774169922 288.811340332031 289.697937011719 290.951416015625 293.305541992188 295.659698486328 298.013824462891 298.681274414062 297.662017822266 296.642791748047 295.623565673828 294.802276611328 294.046997070312 293.291717529297
292.815704345703 292.858795166016 292.789703369141 292.720611572266 292.651550292969 292.616577148438 292.683959960938 292.751373291016 292.818756103516 292.876770019531 292.925415039062 292.974090576172 293.022735595703 292.607360839844 292.037322998047 291.46728515625 290.897216796875 290.251708984375 289.606201171875 288.960662841797 288.568878173828 288.938262939453 289.307647705078 289.677032470703 289.637481689453 289.18896484375 288.740447998047 288.291931152344 288.013580322266 287.791931152344 287.570281982422 287.3486328125 287.906524658203 288.464416503906 289.022308349609 289.891723632812 291.695617675781 293.49951171875 295.303405761719 295.929962158203 295.379150390625 294.828369140625 294.277557373047 293.501708984375 292.650848388672 291.799987792969
292.389953613281 292.411376953125 292.365325927734 292.319274902344 292.273223876953 292.260711669922 292.348968505859 292.437194824219 292.525421142578 292.621337890625 292.724945068359 292.828552246094 292.932159423828 292.122985839844 291.009582519531 289.896148681641 288.782745361328 288.079681396484 287.376617431641 286.673553466797 286.376312255859 287.296600341797 288.216888427734 289.137176513672 289.389556884766 288.974029541016 288.558502197266 288.142974853516 287.963104248047 287.861755371094 287.760437011719 287.659088134766 287.888305664062 288.117492675781 288.346710205078 288.832000732422 290.085693359375 291.33935546875 292.593017578125 293.178649902344 293.096282958984 293.013916015625 292.931549072266 292.201110839844 291.254699707031 290.308258056641
291.986053466797 291.999847412109 292.019836425781 292.039825439453 292.059814453125 292.072845458984 292.065002441406 292.057159423828 292.049285888672 292.082641601562 292.157196044922 292.231719970703 292.306274414062 291.383026123047 290.127197265625 288.871368408203 287.615539550781 286.736114501953 285.856719970703 284.977294921875 284.581115722656 285.634613037109 286.688079833984 287.741577148438 288.266723632812 288.263519287109 288.260314941406 288.257110595703 288.210693359375 288.149841308594 288.088989257812 288.028137207031 288.038177490234 288.048248291016 288.058288574219 288.251770019531 288.995513916016 289.739288330078 290.483032226562 290.9248046875 291.064575195312 291.204345703125 291.344085693359 290.793518066406 290.012817382812 289.232147216797
291.604034423828 291.624145507812 291.753234863281 291.88232421875 292.011383056641 292.052978515625 291.832092285156 291.611236572266 291.390350341797 291.260650634766 291.22216796875 291.183654785156 291.145141601562 290.387542724609 289.390228271484 288.392944335938 287.395629882812 286.221069335938 285.046508789062 283.871948242188 283.183288574219 283.952270507812 284.721252441406 285.490234375 286.268951416016 287.057434082031 287.845886230469 288.634368896484 288.756317138672 288.656127929688 288.555938720703 288.455749511719 288.356201171875 288.256652832031 288.157104492188 288.150970458984 288.425170898438 288.699340820312 288.973510742188 289.168426513672 289.283996582031 289.399597167969 289.515197753906 289.278900146484 288.925262451172 288.571655273438
291.221984863281 291.248474121094 291.486633300781 291.724792480469 291.962951660156 292.033111572266 291.599212646484 291.165313720703 290.731414794922 290.438690185547 290.287109375 290.135559082031 289.984008789062 289.392028808594 288.653259277344 287.914489746094 287.175720214844 285.706024169922 284.236297607422 282.7666015625 281.785430908203 282.269927978516 282.75439453125 283.238891601562 284.271209716797 285.851318359375 287.431457519531 289.011596679688 289.301971435547 289.162445068359 289.022888183594 288.883361816406 288.674194335938 288.465057373047 288.255889892578 288.050170898438 287.854797363281 287.659393310547 287.463989257812 287.412017822266 287.503448486328 287.594879150391 287.686309814453 287.764251708984 287.837707519531 287.911163330078
290.907073974609 290.971527099609 290.91259765625 290.853668212891 290.794708251953 290.684173583984 290.418823242188 290.153442382812 289.888092041016 289.688049316406 289.553344726562 289.418609619141 289.283905029297 288.860168457031 288.340118408203 287.820037841797 287.299987792969 286.294555664062 285.289093017578 284.283660888672 283.478973388672 283.276489257812 283.074005126953 282.871520996094 283.523773193359 285.030700683594 286.537628173828 288.044586181641 288.326873779297 288.200958251953 288.075042724609 287.949127197266 287.895751953125 287.842346191406 287.788940429688 287.697113037109 287.489868164062 287.282653808594 287.075408935547 286.817291259766 286.508239746094 286.19921875 285.890167236328 285.905944824219 286.030029296875 286.154083251953
290.592163085938 290.694580078125 290.338531494141 289.982513427734 289.626495361328 289.335266113281 289.238433837891 289.141571044922 289.044738769531 288.937408447266 288.819549560547 288.701690673828 288.583831787109 288.328338623047 288.026977539062 287.725616455078 287.424255371094 286.883087158203 286.341918945312 285.800720214844 285.172485351562 284.283050537109 283.393615722656 282.504150390625 282.776306152344 284.210052490234 285.643829345703 287.077575683594 287.351776123047 287.239501953125 287.127197265625 287.014892578125 287.117279052734 287.219635009766 287.322021484375 287.344024658203 287.124938964844 286.905883789062 286.686828613281 286.222534179688 285.513031005859 284.803527832031 284.094024658203 284.047668457031 284.222320556641 284.397003173828
