Data/Covariate_Data/Formatted/All_data/1deg/PalaeoClimate/MaasTemp_1.asc
NCOLS 360 
NROWS 180 
XLLCORNER -180 
YLLCORNER -90 
CELLSIZE 1 
NODATA_value -9999 
[rows 160 to 179 of 180, columns 138 to 183 of 360]
278.273529052734 278.216766357422 278.169830322266 278.122894287109 278.075958251953 278.091644287109 278.107299804688 278.122985839844 278.136260986328 278.142303466797 278.148376464844 278.154449462891 278.1416015625 278.109893798828 278.078186035156 278.046478271484 277.668914794922 277.176055908203 276.683227539062 276.190368652344 276.134887695312 276.079406738281 276.023895263672 275.669372558594 274.417755126953 273.166137695312 271.914520263672 271.306365966797 271.341674804688 271.376983642578 271.412292480469 271.995483398438 272.761260986328 273.527069091797 274.292846679688 273.181823730469 272.07080078125 270.959777832031 270.185852050781 270.423187255859 270.660522460938 270.897857666016 271.052276611328 271.123779296875 271.195251464844 271.266754150391
277.618194580078 277.611267089844 277.623199462891 277.635162353516 277.647094726562 277.669372558594 277.691650390625 277.713928222656 277.732421875 277.739624023438 277.746795654297 277.753967285156 277.713745117188 277.626068115234 277.538391113281 277.450714111328 276.709930419922 275.75146484375 274.792999267578 273.834564208984 274.061584472656 274.288604736328 274.515655517578 274.402740478516 273.270080566406 272.137420654297 271.004760742188 270.253387451172 269.883270263672 269.51318359375 269.14306640625 269.3427734375 269.732391357422 270.122039794922 270.511688232422 270.017120361328 269.522552490234 269.028015136719 268.69677734375 268.855529785156 269.014251708984 269.173004150391 269.289184570312 269.362823486328 269.436462402344 269.510101318359
276.962860107422 277.005767822266 277.076599121094 277.147430419922 277.21826171875 277.247131347656 277.276000976562 277.304870605469 277.32861328125 277.3369140625 277.34521484375 277.353515625 277.285858154297 277.142211914062 276.998565673828 276.854949951172 275.7509765625 274.326904296875 272.902801513672 271.478729248047 271.98828125 272.497833251953 273.007385253906 273.136138916016 272.122436523438 271.108734130859 270.095031738281 269.200408935547 268.424896240234 267.649353027344 266.873840332031 266.690063476562 266.703552246094 266.717010498047 266.730499267578 266.852416992188 266.974334716797 267.096252441406 267.207702636719 267.287841796875 267.367980957031 267.448120117188 267.526092529297 267.601867675781 267.677642822266 267.75341796875
275.841186523438 275.811004638672 275.795928955078 275.780883789062 275.765808105469 275.412963867188 275.060089111328 274.707244873047 274.511962890625 274.789428710938 275.06689453125 275.344360351562 275.386566162109 275.193511962891 275.000457763672 274.807403564453 273.853332519531 272.645629882812 271.437896728516 270.230194091797 270.150756835938 270.071319580078 269.991912841797 269.756164550781 269.051452636719 268.346740722656 267.642028808594 267.232696533203 267.118713378906 267.004760742188 266.890777587891 266.882690429688 266.909912109375 266.937133789062 266.96435546875 267.012268066406 267.060150146484 267.108062744141 267.155395507812 267.201019287109 267.246643066406 267.292266845703 267.362670898438 267.457824707031 267.552978515625 267.648132324219
274.719512939453 274.6162109375 274.515258789062 274.414306640625 274.313354492188 273.578765869141 272.844177246094 272.109588623047 271.6953125 272.241943359375 272.78857421875 273.335235595703 273.4873046875 273.244812011719 273.002349853516 272.759857177734 271.955718994141 270.96435546875 269.973022460938 268.981658935547 268.313232421875 267.644836425781 266.976409912109 266.376190185547 265.98046875 265.584777832031 265.189056396484 265.265014648438 265.812561035156 266.360137939453 266.907684326172 267.075317382812 267.116271972656 267.1572265625 267.198211669922 267.172088623047 267.14599609375 267.119873046875 267.103088378906 267.114196777344 267.125335693359 267.136444091797 267.199249267578 267.313781738281 267.428314208984 267.542846679688
273.2275390625 273.024200439453 272.804107666016 272.584014892578 272.363952636719 271.52734375 270.690734863281 269.854095458984 269.355529785156 269.871063232422 270.386566162109 270.902099609375 271.081604003906 270.925048828125 270.768493652344 270.611938476562 270.106475830078 269.484741210938 268.863006591797 268.241271972656 267.507385253906 266.773498535156 266.039581298828 265.427978515625 265.183258056641 264.938537597656 264.693786621094 264.930694580078 265.649261474609 266.367797851562 267.086334228516 267.295318603516 267.334411621094 267.373504638672 267.41259765625 267.347778320312 267.282928466797 267.218109130859 267.168273925781 267.163391113281 267.158508300781 267.153625488281 267.214691162109 267.341644287109 267.468597412109 267.595550537109
271.365234375 271.034881591797 270.662445068359 270.290008544922 269.917572021484 269.258666992188 268.599731445312 267.940795898438 267.492645263672 267.6767578125 267.860900878906 268.045013427734 268.16943359375 268.234161376953 268.298889160156 268.363616943359 268.305633544922 268.206787109375 268.10791015625 268.009063720703 267.733184814453 267.457305908203 267.181427001953 266.911560058594 266.659790039062 266.407989501953 266.156219482422 266.229797363281 266.628784179688 267.027740478516 267.426696777344 267.542663574219 267.564300537109 267.5859375 267.607574462891 267.539276123047 267.471008300781 267.402740478516 267.350952148438 267.348571777344 267.346221923828 267.343872070312 267.408935546875 267.541381835938 267.673828125 267.806304931641
269.502960205078 269.045562744141 268.520782470703 267.996002197266 267.471221923828 266.989990234375 266.508728027344 266.027496337891 265.629760742188 265.482482910156 265.335205078125 265.187927246094 265.257293701172 265.543304443359 265.829284667969 266.115295410156 266.504791259766 266.928802490234 267.352813720703 267.776824951172 267.958984375 268.14111328125 268.323272705078 268.395172119141 268.136322021484 267.877471923828 267.61865234375 267.528930664062 267.608306884766 267.687683105469 267.76708984375 267.7900390625 267.794189453125 267.798370361328 267.802520751953 267.730804443359 267.659088134766 267.587371826172 267.533599853516 267.533782958984 267.533966064453 267.534118652344 267.603179931641 267.741119384766 267.879089355469 268.017028808594
268.872131347656 268.593414306641 268.255584716797 267.917724609375 267.579895019531 267.255615234375 266.931335449219 266.607055664062 266.336639404297 266.227722167969 266.118804931641 266.009918212891 266.047882080078 266.232757568359 266.417663574219 266.6025390625 266.846954345703 267.111267089844 267.375549316406 267.639862060547 267.748382568359 267.856903076172 267.965454101562 268.004760742188 267.836395263672 267.668029785156 267.499664306641 267.4375 267.481475830078 267.525482177734 267.569488525391 267.615203857422 267.661499023438 267.707794189453 267.754089355469 267.700225830078 267.646392822266 267.592559814453 267.545440673828 267.518524169922 267.491638183594 267.464752197266 267.466094970703 267.495758056641 267.525390625 267.555023193359
268.241302490234 268.141296386719 267.990386962891 267.839477539062 267.688568115234 267.521240234375 267.353942871094 267.186614990234 267.043518066406 266.972961425781 266.902435302734 266.831878662109 266.838500976562 266.922241210938 267.006011962891 267.089752197266 267.189147949219 267.293701171875 267.398284912109 267.502868652344 267.537780761719 267.572723388672 267.607635498047 267.614349365234 267.536468505859 267.458587646484 267.380706787109 267.346069335938 267.354675292969 267.36328125 267.371887207031 267.440368652344 267.528778076172 267.617218017578 267.705657958984 267.669677734375 267.633697509766 267.597717285156 267.557250976562 267.503295898438 267.449310302734 267.395355224609 267.329040527344 267.250366210938 267.171691894531 267.093017578125
267.790191650391 267.756713867188 267.685577392578 267.614440917969 267.543304443359 267.473114013672 267.402923583984 267.332733154297 267.268768310547 267.223510742188 267.178253173828 267.132995605469 267.126708984375 267.159393310547 267.192047119141 267.224731445312 267.256317138672 267.287536621094 267.318786621094 267.350006103516 267.343627929688 267.337280273438 267.330902099609 267.316345214844 267.277160644531 267.238006591797 267.198852539062 267.177429199219 267.173706054688 267.170013427734 267.166290283203 267.237731933594 267.334197998047 267.4306640625 267.527130126953 267.505004882812 267.48291015625 267.460784912109 267.431701660156 267.381683349609 267.331695556641 267.281677246094 267.203643798828 267.097564697266 266.991516113281 266.885437011719
267.518829345703 267.439727783203 267.341186523438 267.242645263672 267.144104003906 267.111206054688 267.078277587891 267.045349121094 267.012420654297 266.979370117188 266.9462890625 266.913238525391 266.912536621094 266.944183349609 266.975799560547 267.007446289062 267.048522949219 267.0927734375 267.137023925781 267.181274414062 267.165924072266 267.150604248047 267.13525390625 267.110717773438 267.058502197266 267.006317138672 266.954132080078 266.931549072266 266.938598632812 266.945648193359 266.952697753906 267.007293701172 267.077697753906 267.148132324219 267.218566894531 267.206268310547 267.194000244141 267.181701660156 267.168731689453 267.153717041016 267.138732910156 267.123718261719 267.089935302734 267.037414550781 266.98486328125 266.932342529297
267.247467041016 267.122711181641 266.996795654297 266.870849609375 266.744934082031 266.749298095703 266.753631591797 266.757995605469 266.756042480469 266.735198974609 266.71435546875 266.693511962891 266.698364257812 266.728973388672 266.759552001953 266.790130615234 266.840728759766 266.897979736328 266.955261230469 267.012512207031 266.988220214844 266.963897705078 266.939605712891 266.905090332031 266.83984375 266.774627685547 266.709411621094 266.685699462891 266.703491210938 266.721313476562 266.739105224609 266.77685546875 266.821228027344 266.865600585938 266.909973144531 266.907531738281 266.905059814453 266.902618408203 266.905792236328 266.92578125 266.945770263672 266.965759277344 266.976226806641 266.977233886719 266.978240966797 266.979248046875
266.832427978516 266.726837158203 266.625030517578 266.523223876953 266.421447753906 266.410003662109 266.398590087891 266.387176513672 266.375671386719 266.363861083984 266.352081298828 266.340270996094 266.341674804688 266.356292724609 266.370910644531 266.385528564453 266.409423828125 266.436401367188 266.46337890625 266.490356445312 266.474151611328 266.457946777344 266.441772460938 266.421875 266.390838623047 266.359802246094 266.328765869141 266.327972412109 266.357452392578 266.386901855469 266.416381835938 266.457489013672 266.502471923828 266.547485351562 266.592468261719 266.602722167969 266.612976074219 266.623229980469 266.636505126953 266.658935546875 266.681365966797 266.703826904297 266.71728515625 266.721801757812 266.726318359375 266.730834960938
266.417419433594 266.330963134766 266.253295898438 266.175598144531 266.097930908203 266.070739746094 266.043548583984 266.016357421875 265.995300292969 265.992553710938 265.989776611328 265.987030029297 265.984985351562 265.983642578125 265.982269287109 265.980926513672 265.978088378906 265.974792480469 265.971496582031 265.968170166016 265.960083007812 265.951995849609 265.943939208984 265.938659667969 265.941802978516 265.944946289062 265.948120117188 265.970245361328 266.011383056641 266.052520751953 266.093658447266 266.138153076172 266.183746337891 266.229370117188 266.274963378906 266.297912597656 266.320861816406 266.343811035156 266.367248535156 266.392120361328 266.4169921875 266.44189453125 266.458343505859 266.466369628906 266.474395751953 266.482452392578
265.953796386719 265.883697509766 265.824462890625 265.765228271484 265.705963134766 265.677093505859 265.648223876953 265.619323730469 265.598388671875 265.601196289062 265.60400390625 265.606842041016 265.604766845703 265.597839355469 265.590911865234 265.583953857422 265.568817138672 265.550933837891 265.533050537109 265.515167236328 265.511901855469 265.508666992188 265.505401611328 265.508728027344 265.531799316406 265.554901123047 265.578002929688 265.613677978516 265.661987304688 265.710266113281 265.758575439453 265.804901123047 265.850555419922 265.896240234375 265.941925048828 265.971038818359 266.000152587891 266.029296875 266.057342529297 266.082244873047 266.107116699219 266.132019042969 266.149047851562 266.158203125 266.167358398438 266.176513671875
265.441558837891 265.385070800781 265.338562011719 265.292053222656 265.245544433594 265.229064941406 265.212554931641 265.196075439453 265.184936523438 265.189849853516 265.194763183594 265.199676513672 265.201049804688 265.198913574219 265.19677734375 265.194671630859 265.181579589844 265.164825439453 265.148071289062 265.13134765625 265.129608154297 265.127899169922 265.126159667969 265.132080078125 265.160858154297 265.189636230469 265.218414306641 265.258270263672 265.309204101562 265.360168457031 265.411102294922 265.457733154297 265.5029296875 265.548126220703 265.593322753906 265.622100830078 265.65087890625 265.6796875 265.706878662109 265.729309082031 265.751739501953 265.774200439453 265.789367675781 265.797271728516 265.80517578125 265.813079833984
264.929321289062 264.886413574219 264.852661132812 264.818878173828 264.785125732422 264.781036376953 264.776916503906 264.772827148438 264.771484375 264.778503417969 264.785491943359 264.79248046875 264.797332763672 264.800018310547 264.802673339844 264.805358886719 264.794311523438 264.778717041016 264.763092041016 264.747497558594 264.747314453125 264.747131347656 264.746948242188 264.755401611328 264.789886474609 264.824340820312 264.858795166016 264.90283203125 264.956451416016 265.010040283203 265.063659667969 265.110595703125 265.155303955078 265.200042724609 265.244750976562 265.273193359375 265.301605224609 265.330047607422 265.356384277344 265.376373291016 265.396362304688 265.416351318359 265.4296875 265.436340332031 265.442993164062 265.449645996094
264.951293945312 264.925567626953 264.905303955078 264.885040283203 264.864776611328 264.8623046875 264.85986328125 264.857391357422 264.856597900391 264.860809326172 264.864990234375 264.869201660156 264.872100830078 264.873718261719 264.875305175781 264.876922607422 264.870300292969 264.860931396484 264.8515625 264.842193603516 264.842102050781 264.841979980469 264.841857910156 264.846954345703 264.867614746094 264.888305664062 264.908996582031 264.935394287109 264.967559814453 264.999725341797 265.031890869141 265.06005859375 265.086883544922 265.113708496094 265.140563964844 265.157623291016 265.174682617188 265.191741943359 265.20751953125 265.219512939453 265.231536865234 265.243530273438 265.251525878906 265.255493164062 265.259490966797 265.263488769531
264.973266601562 264.964691162109 264.957946777344 264.951171875 264.944427490234 264.943603515625 264.942779541016 264.941955566406 264.941711425781 264.943115234375 264.944488525391 264.945892333984 264.946868896484 264.947418212891 264.947937011719 264.948486328125 264.946258544922 264.943145751953 264.940032958984 264.936889648438 264.936859130859 264.936828613281 264.936798095703 264.9384765625 264.945373535156 264.952270507812 264.959167480469 264.967956542969 264.978698730469 264.989410400391 265.000122070312 265.009521484375 265.018463134766 265.027404785156 265.036346435547 265.042053222656 265.047729492188 265.053405761719 265.058685302734 265.062683105469 265.066680908203 265.070678710938 265.073333740234 265.074676513672 265.075988769531 265.077331542969
