Data/Covariate_Data/Formatted/All_data/1deg/PalaeoClimate/MaasTemp_1.asc
NCOLS 360 
NROWS 180 
XLLCORNER -180 
YLLCORNER -90 
CELLSIZE 1 
NODATA_value -9999 
[rows 40 to 59 of 180, columns 138 to 183 of 360]
282.947784423828 282.706909179688 282.463592529297 282.220275878906 281.976959228516 282.145263671875 282.313568115234 282.481872558594 282.41064453125 281.620819091797 280.830993652344 280.041168212891 279.674652099609 279.731414794922 279.788208007812 279.844970703125 280.300720214844 280.889434814453 281.478149414062 282.066864013672 282.401184082031 282.735534667969 283.069854736328 283.369354248047 283.564422607422 283.759460449219 283.954528808594 284.251525878906 284.650512695312 285.049468994141 285.448425292969 285.701934814453 285.906951904297 286.111999511719 286.317016601562 286.624755859375 286.932525634766 287.240264892578 287.497131347656 287.601287841797 287.705474853516 287.809631347656 287.825317382812 287.752502441406 287.6796875 287.606872558594
282.9599609375 282.310943603516 281.617950439453 280.924987792969 280.231994628906 280.571929931641 280.911834716797 281.251770019531 281.425903320312 281.102722167969 280.779510498047 280.456329345703 280.465209960938 280.806243896484 281.147247314453 281.488250732422 281.811706542969 282.129333496094 282.446929931641 282.764556884766 283.1787109375 283.592864990234 284.006988525391 284.367218017578 284.565612792969 284.764007568359 284.96240234375 285.175079345703 285.401977539062 285.628875732422 285.855804443359 285.991180419922 286.096008300781 286.200866699219 286.305694580078 286.840667724609 287.375640869141 287.910614013672 288.336090087891 288.43310546875 288.530090332031 288.627105712891 288.648986816406 288.595733642578 288.54248046875 288.489227294922
282.97216796875 281.914947509766 280.772308349609 279.629669189453 278.487030029297 278.998565673828 279.510131835938 280.021667480469 280.441192626953 280.584625244141 280.72802734375 280.871459960938 281.255798339844 281.881042480469 282.506286621094 283.131530761719 283.322723388672 283.369232177734 283.415740966797 283.462249755859 283.956207275391 284.4501953125 284.944152832031 285.365081787109 285.566802978516 285.7685546875 285.970306396484 286.098602294922 286.153442382812 286.208312988281 286.26318359375 286.280395507812 286.285064697266 286.289733886719 286.294403076172 287.056579589844 287.818756103516 288.580963134766 289.175048828125 289.264892578125 289.354736328125 289.444580078125 289.47265625 289.43896484375 289.405303955078 289.371612548828
282.5419921875 282.006988525391 281.340179443359 280.673370361328 280.006561279297 280.114837646484 280.223114013672 280.331359863281 280.407897949219 280.389221191406 280.370544433594 280.351867675781 280.661285400391 281.298797607422 281.936309814453 282.573852539062 283.097534179688 283.583282470703 284.069000244141 284.554748535156 284.953735351562 285.352752685547 285.751739501953 286.103851318359 286.315307617188 286.526733398438 286.738159179688 286.902191162109 287.018798828125 287.135437011719 287.252044677734 287.379241943359 287.509948730469 287.640655517578 287.771362304688 288.283447265625 288.795501708984 289.307586669922 289.733276367188 289.899780273438 290.066284179688 290.232757568359 290.313049316406 290.307098388672 290.301147460938 290.295196533203
282.11181640625 282.098999023438 281.908050537109 281.717071533203 281.526123046875 281.231109619141 280.936065673828 280.641052246094 280.374603271484 280.193817138672 280.013031005859 279.832244873047 280.066772460938 280.716552734375 281.366363525391 282.016174316406 282.872344970703 283.797302246094 284.722259521484 285.647247314453 285.951263427734 286.255310058594 286.559326171875 286.842651367188 287.063781738281 287.284912109375 287.506042480469 287.705780029297 287.884155273438 288.062530517578 288.240905761719 288.478057861328 288.734802246094 288.991546630859 289.248321533203 289.510284423828 289.772247314453 290.034240722656 290.29150390625 290.534637451172 290.777801513672 291.020965576172 291.153411865234 291.175201416016 291.196990966797 291.21875
282.860076904297 283.13037109375 283.203857421875 283.27734375 283.350830078125 283.036254882812 282.7216796875 282.407104492188 282.103759765625 281.833984375 281.564239501953 281.294464111328 281.403350830078 281.890838623047 282.378356933594 282.865844726562 283.711578369141 284.676727294922 285.641845703125 286.606994628906 286.893829345703 287.180694580078 287.467529296875 287.740631103516 287.972534179688 288.204437255859 288.436309814453 288.643341064453 288.825469970703 289.007629394531 289.189758300781 289.454895019531 289.747711181641 290.04052734375 290.333343505859 290.477081298828 290.620819091797 290.764556884766 290.923370361328 291.127410888672 291.331451416016 291.535491943359 291.720184326172 291.885498046875 292.05078125 292.216094970703
284.786773681641 285.10107421875 285.227600097656 285.354156494141 285.480712890625 285.530334472656 285.579925537109 285.629547119141 285.595367431641 285.309753417969 285.024139404297 284.738525390625 284.671051025391 284.821655273438 284.972290039062 285.122894287109 285.615234375 286.221496582031 286.827728271484 287.433990478516 287.781433105469 288.128875732422 288.476318359375 288.797821044922 289.041564941406 289.285308837891 289.529022216797 289.71484375 289.842742919922 289.970672607422 290.098571777344 290.309753417969 290.548645019531 290.787567138672 291.026489257812 291.183868408203 291.341217041016 291.498565673828 291.62890625 291.678070068359 291.727233886719 291.776428222656 292.013305664062 292.437957763672 292.862579345703 293.287200927734
286.713470458984 287.071746826172 287.251373291016 287.430969238281 287.610595703125 288.024383544922 288.438171386719 288.851989746094 289.086944580078 288.785491943359 288.484039306641 288.182586669922 287.938720703125 287.752471923828 287.566223144531 287.379974365234 287.518920898438 287.766265869141 288.013641357422 288.260986328125 288.669036865234 289.077056884766 289.485107421875 289.855041503906 290.110595703125 290.366149902344 290.621734619141 290.786346435547 290.860046386719 290.933715820312 291.007385253906 291.164581298828 291.349609375 291.534606933594 291.719635009766 291.890625 292.061614990234 292.232604980469 292.334411621094 292.228729248047 292.123016357422 292.017333984375 292.306457519531 292.990417480469 293.674346923828 294.358306884766
288.991271972656 289.136077880859 289.174835205078 289.213592529297 289.252349853516 289.446014404297 289.6396484375 289.833312988281 289.946014404297 289.815826416016 289.685638427734 289.555480957031 289.455139160156 289.384643554688 289.314147949219 289.24365234375 289.333160400391 289.476043701172 289.618896484375 289.761749267578 290.073181152344 290.384582519531 290.696014404297 290.975799560547 291.160614013672 291.345458984375 291.5302734375 291.638366699219 291.669677734375 291.700988769531 291.732330322266 291.872253417969 292.048400878906 292.224548339844 292.400695800781 292.644226074219 292.887756347656 293.131256103516 293.334899902344 293.418884277344 293.502838134766 293.586791992188 293.587615966797 293.505249023438 293.422882080078 293.340515136719
291.269073486328 291.200408935547 291.098297119141 290.996185302734 290.894104003906 290.867614746094 290.841125488281 290.814666748047 290.805053710938 290.846160888672 290.887268066406 290.928344726562 290.971527099609 291.016815185547 291.062072753906 291.107330322266 291.147430419922 291.185791015625 291.224151611328 291.262512207031 291.477325439453 291.692108154297 291.906921386719 292.096557617188 292.210662841797 292.324737548828 292.438842773438 292.490356445312 292.479309082031 292.468292236328 292.457244873047 292.579925537109 292.747192382812 292.914459228516 293.081756591797 293.397796630859 293.7138671875 294.029937744141 294.335388183594 294.609039306641 294.882659912109 295.156280517578 294.868743896484 294.020050048828 293.17138671875 292.322692871094
293.092590332031 292.900238037109 292.709899902344 292.519561767578 292.329254150391 292.155944824219 291.982635498047 291.809326171875 291.706512451172 291.815185546875 291.923858642578 292.032531738281 292.139801025391 292.245666503906 292.351531982422 292.457397460938 292.477325439453 292.468597412109 292.459838867188 292.451110839844 292.597442626953 292.743774414062 292.890106201172 293.017486572266 293.087982177734 293.158508300781 293.229034423828 293.249725341797 293.220642089844 293.191528320312 293.162414550781 293.298706054688 293.490112304688 293.681518554688 293.872894287109 294.219482421875 294.566070556641 294.912628173828 295.253112792969 295.575378417969 295.897613525391 296.219879150391 295.761657714844 294.52294921875 293.284271240234 292.045593261719
294.461791992188 294.235534667969 294.009613037109 293.783721923828 293.557800292969 293.310974121094 293.064147949219 292.817321777344 292.650329589844 292.722869873047 292.79541015625 292.867950439453 292.959899902344 293.071228027344 293.182525634766 293.293853759766 293.322845458984 293.324432373047 293.325988769531 293.327575683594 293.433563232422 293.53955078125 293.645538330078 293.738555908203 293.792663574219 293.846771240234 293.90087890625 293.916473388672 293.893615722656 293.870727539062 293.847869873047 294.028564453125 294.277099609375 294.525634765625 294.774169921875 295.109222412109 295.444274902344 295.779327392578 296.088104248047 296.317932128906 296.547760009766 296.777587890625 296.266296386719 295.013916015625 293.761566162109 292.509185791016
295.830993652344 295.570831298828 295.309356689453 295.0478515625 294.786346435547 294.466003417969 294.145660400391 293.825317382812 293.594146728516 293.630584716797 293.6669921875 293.703399658203 293.779998779297 293.896759033203 294.013519287109 294.130279541016 294.168395996094 294.180267333984 294.192169189453 294.204040527344 294.269683837891 294.335327148438 294.400970458984 294.459625244141 294.497314453125 294.535003662109 294.572692871094 294.583221435547 294.566589355469 294.549957275391 294.533294677734 294.758392333984 295.064086914062 295.369750976562 295.675445556641 295.998992919922 296.322509765625 296.646057128906 296.923065185547 297.060455322266 297.197875976562 297.335296630859 296.770965576172 295.5048828125 294.238830566406 292.972778320312
296.632263183594 296.395416259766 296.157806396484 295.920166015625 295.682525634766 295.391479492188 295.100402832031 294.809356689453 294.586334228516 294.567443847656 294.548553466797 294.529663085938 294.551788330078 294.614929199219 294.678070068359 294.7412109375 294.764801025391 294.775177001953 294.785552978516 294.795928955078 294.870483398438 294.945037841797 295.019592285156 295.084686279297 295.121337890625 295.157989501953 295.194671630859 295.229309082031 295.261932373047 295.294555664062 295.327178955078 295.615966796875 295.990112304688 296.3642578125 296.738403320312 295.996398925781 295.25439453125 294.512390136719 294.234130859375 295.347106933594 296.460052490234 297.573028564453 297.817504882812 297.193481445312 296.569458007812 295.945434570312
297.433532714844 297.220031738281 297.006256103516 296.79248046875 296.578704833984 296.316955566406 296.05517578125 295.793426513672 295.578521728516 295.504333496094 295.430114746094 295.355926513672 295.323577880859 295.333099365234 295.342620849609 295.352142333984 295.361175537109 295.370056152344 295.378936767578 295.387817382812 295.471282958984 295.554748535156 295.638214111328 295.709747314453 295.745361328125 295.780975341797 295.816619873047 295.875366210938 295.957275390625 296.039184570312 296.121063232422 296.473510742188 296.916107177734 297.358734130859 297.801361083984 295.993804931641 294.186279296875 292.378723144531 291.545196533203 293.633728027344 295.722259521484 297.810791015625 298.864044189453 298.882080078125 298.900085449219 298.918090820312
298.066162109375 297.868469238281 297.672637939453 297.476776123047 297.280944824219 297.054565429688 296.828186035156 296.601837158203 296.405487060547 296.299194335938 296.192932128906 296.086669921875 296.020812988281 295.995391845703 295.969940185547 295.944488525391 295.950653076172 295.967315673828 295.984008789062 296.000671386719 296.082550048828 296.164428710938 296.246307373047 296.315612792969 296.347290039062 296.378936767578 296.410614013672 296.484313964844 296.600036621094 296.715728759766 296.831451416016 297.215728759766 297.689544677734 298.163360595703 298.637176513672 296.366668701172 294.09619140625 291.82568359375 290.746246337891 293.239868164062 295.733489990234 298.227111816406 299.630523681641 299.943664550781 300.256805419922 300.569976806641
298.530120849609 298.3408203125 298.156951904297 297.973083496094 297.789215087891 297.604339599609 297.419464111328 297.234588623047 297.067169189453 296.952087402344 296.837005615234 296.721923828125 296.643524169922 296.601776123047 296.560028076172 296.518249511719 296.533172607422 296.566955566406 296.600769042969 296.634552001953 296.704315185547 296.774047851562 296.843811035156 296.902313232422 296.927093505859 296.951904296875 296.976684570312 297.056121826172 297.190185546875 297.324249267578 297.458312988281 297.842651367188 298.310394287109 298.778137207031 299.245880126953 297.115020751953 294.984161376953 292.853302001953 291.837219238281 294.165496826172 296.493774414062 298.822052001953 300.116882324219 300.378265380859 300.6396484375 300.901031494141
298.994110107422 298.813140869141 298.641265869141 298.469390869141 298.297515869141 298.154144287109 298.0107421875 297.867370605469 297.728851318359 297.60498046875 297.481079101562 297.357208251953 297.266235351562 297.208160400391 297.150085449219 297.092041015625 297.115692138672 297.166595458984 297.217529296875 297.268432617188 297.326049804688 297.383697509766 297.441314697266 297.489013671875 297.506927490234 297.524841308594 297.542755126953 297.627899169922 297.780334472656 297.932769775391 298.085174560547 298.469543457031 298.931213378906 299.392913818359 299.854583740234 297.863342285156 295.872100830078 293.880889892578 292.928192138672 295.091125488281 297.254058837891 299.4169921875 300.603271484375 300.812866210938 301.022491455078 301.232086181641
299.284515380859 299.115539550781 298.956451416016 298.79736328125 298.638305664062 298.521331787109 298.404357910156 298.287384033203 298.173919677734 298.071075439453 297.968200683594 297.865325927734 297.783935546875 297.723968505859 297.664031982422 297.604095458984 297.627288818359 297.678253173828 297.729187011719 297.780120849609 297.826171875 297.872253417969 297.918334960938 297.956878662109 297.972930908203 297.988952636719 298.004974365234 298.092681884766 298.252014160156 298.411346435547 298.570709228516 298.936584472656 299.371307373047 299.806060791016 300.240783691406 299.170379638672 298.099945068359 297.029541015625 296.536895751953 297.777618408203 299.018310546875 300.259033203125 300.950469970703 301.092651367188 301.234802246094 301.376983642578
299.574890136719 299.417907714844 299.271636962891 299.125366210938 298.979095458984 298.888519287109 298.797943115234 298.707397460938 298.619018554688 298.537170410156 298.455322265625 298.373474121094 298.301635742188 298.239807128906 298.177978515625 298.116149902344 298.138916015625 298.189880371094 298.240844726562 298.291809082031 298.326324462891 298.360809326172 298.395324707031 298.424774169922 298.438903808594 298.453063964844 298.467224121094 298.557434082031 298.723693847656 298.889953613281 299.056213378906 299.403625488281 299.811401367188 300.219177246094 300.626983642578 300.477386474609 300.327789306641 300.178192138672 300.145629882812 300.464111328125 300.782592773438 301.101043701172 301.297668457031 301.372406005859 301.447143554688 301.521881103516
