Prepped_data/Covariate_Data/Relief/Relief_0.5.asc
NCOLS 166 
NROWS 101 
XLLCORNER -155 
YLLCORNER 22.5 
CELLSIZE 0.5 
NODATA_value -3.4e+38 
[rows 66 to 87 of 101, columns 100 to 149 of 166]
402.284348000085 394.326765844594 298.560400473354 249.287669511326 209.825405097629 230.997485198611 219.213093322427 175.401348599715 165.186118959846 148.240476799783 149.084911897054 160.23410406216 174.573204374743 141.410701496431 112.344718879818 106.308975871093 92.2923028001547 132.127150040474 117.796716202735 126.402766371616 117.933243624533 82.0087259056472 88.8793043986212 80.4919993843493 103.339401728162 67.4830289402257 80.7101347085788 97.7386937097637 116.098854258254 81.8993944994948 54.3759659746077 46.9961766556735 37.6637992565461 29.855029920394 54.3110642943175 105.402277456891 110.94986745516 103.724422644672 93.8358291655091 115.93932467585 121 86.8166453003168 103.338616282495 119.928564336979 128.298126317064 112.372390875735 73.7733954087424 138.333384930308 172.241506200235 117.71952475513
968.123011549501 481.914636096537 291.035244669614 240.75154241288 268.22338948063 172.367913407204 208.145049598975 127.104228225043 129.124973156642 148.805129075942 168.399309717959 134.885199842959 170.569107781552 134.997550355362 118.690853110623 89.9538677449224 130.212501541921 169.582156374621 130.313934278071 125.254382420496 98.489801435085 115.739599928832 84.6956401963276 64.9414353155091 91.4727222739201 70.6833431911177 83.7935377923676 132.227878323541 130.321811656013 71.511466921722 43.0466856903935 80.7040133606455 62.9950596403977 80.3593038607111 94.9540268220192 64.5364336518124 115.029953410993 129.081816987474 98.4800893058268 91.3622650293937 152.634499890118 148.637573637397 79.8436830029903 182.494303174384 141.361560680333 112.067908127106 116.931449799072 123.430827956044 161.829516416211 344.43818929413
1689.45774764295 550.883789761882 389.944665950538 231.332985123213 231.226831192541 212.964044899035 198.708909068057 194.536550170624 185.018244721234 134.008813702185 153.735707135698 121.393076878833 127 152.282223730171 122.676416042199 124.49857651102 133.13951115486 133.096199504502 112.974898087607 99.1422688010241 103.457921087667 89.0398465998232 90.3759106037206 100.179983184968 114.200896254123 121.845902771598 115.991993159528 129.876018919915 124.832236928344 72.8074525341602 60.0112343439743 54.3577774711087 44.7531772709434 58.7393461461096 55.1927722371397 55.6553105377654 112.610053263859 133.912284218929 113.664395275779 150.958491607602 141.365562056584 125.414883702771 160.846915953678 184.915058875275 122.733498665953 115.836950741654 139.252588067267 200.651676755695 394.450321879258 736.642286370303
740.713806476158 298.78188314249 294.607665292731 218.382113597192 250.280741047814 228.221967746527 169.890905913692 141.294234124636 109.856344392639 155.0808403367 128.199323492391 99.3223811087873 86.262948939121 80.0096523629613 93.4236461422545 87.5182235797168 116.924912175402 172.306045536913 101.295157645253 97.7682927867577 102.507224945894 80.8762754086673 67.0252694833094 126.295533839718 137.225885154521 167.581790422315 158.525585881541 139.016055518298 163.29358342001 147.400445827841 47.3298619069268 56.0925159189356 70.1232070701663 43.5228452972493 48.6142947831506 54.882552681235 103.865432610344 136.315378683783 149.706021123436 140.367223117214 131.127262530118 112.048702356493 127.854326019072 136.618364502417 141.481185781744 175.822813666071 298.429036705047 479.248176702387 850.861929872225 683.738397625866
1129.35785259488 508.555531053312 401.719975042552 330.447956638533 299.201994966913 267.81259828504 141.840975749267 123.53383088785 94.1927811509609 101.573649158029 105.428332010319 116.149458490313 103.572730588647 95.8879311434497 80.0673543074578 86.099479173552 116.558113210159 169.32544766579 115.312088018459 81.0220153306956 84.576458276173 105.127969669176 135.299660240598 142.099733371504 195.339613961471 176.010609451026 193.326900009428 180.579581090336 248.905236928377 230.196763985126 141.268532862191 124.453800703072 102.313298997826 151.389913742082 65.6104080659167 45.7556178893217 97.0032403467993 136.256540341516 149.257099591095 128.53561900855 180.68084710043 217.312508231054 176.840781623266 132.849477515156 177.202740716188 386.330491363673 544.144134555086 533.50629416526 539.336818485029 592.51474120666
1735.83303660268 1144.02312423267 643.129818918653 427.481753531741 258.029919569521 214.846700576151 133.43414582953 147.057060914129 157.9685759424 224.395985154073 251.623701297874 215.130809876492 204.146973946501 168.455024450578 108.991824357172 66.8697129866315 160.123846801988 189.605357679414 101.580673429033 83.6257415877667 66.4264773800329 106.724360846783 146.900470836579 164.971849360809 163.738901060922 151.297687279949 158.648882307984 242.358209741471 225.182808402814 228.911484797531 126.306019401378 113.337255927405 95.3623170032144 104.724401630179 78.9259435645447 101.238965413146 93.6790700117105 113.471407993891 129.53468014057 136.953060455106 141.448064726953 162.49587622744 247.202479914763 375.228795233577 649.28919368725 556.583353511722 637.673465162215 746.218788294135 718.753387862066 757.526188818546
894.845299480254 684.566064466818 701.992840906826 424.483223631674 270.840285350827 147.469773074176 203.258494942634 172.03954840719 165.945415925055 225.226436500743 191.342448488664 177.265809924506 186.321344157773 99.1439531078293 92.7078429589179 91.4436489304529 152.960606090682 134.103998658249 89.6004947964168 96.5873780133693 118.076947347944 151.718395489033 187.160285118083 191.838083881351 243.508793111597 178.696249679359 216.8741234746 181.833053436369 161.153565254279 87.1235535833002 70.1591977947034 62.2484143214461 65.8856570895592 70.1382600599629 110.831256650333 109.797952577822 117.932273861606 178.246720238464 135.703574927058 251.21416409029 256.403168470978 350.32601460765 556.063447835615 596.503970326475 703.476769351714 746.205565563512 792.884267500785 714.021673981376 587.832284964858 661.150039278005
594.650702930822 390.688608516471 544.623045992327 342.551751981466 222.563283202421 162.645327835992 132.999077535984 140.797150088862 148.499798815422 151.540250050159 136.884357656428 201.324472510793 200.367880647409 160.162108608452 104.60463845957 104.249953278448 100.613595783055 110.813246204048 87.5770361565105 175.000371689041 126.128391626278 150.689263011145 260.785840315008 426.881515277894 213.787636243613 248.193537243782 174.658690408144 187.151407527967 78.4111271708298 59.2466710458253 11.4338380994026 69.2961852431934 56.8810999552782 73.8211837801252 134.075939337784 147.913086492961 136.649507342819 192.018813314252 171.231690213073 376.902701418063 413.959369883874 561.72766194717 474.066202845952 248.193790401858 903.4708825109 1054.92615807059 973.878230042547 739.534005637933 642.486177427652 363.728665279667
804.262514084358 595.890225233017 478.717522657842 362.339413482227 333.657597979894 230.90021085388 258.191953103468 228.818498691846 261.241128049405 206.836007996754 218.799287173573 200.132302925644 135.310404698499 201.612504542548 140.141556952807 122.285138612043 70.9715068465834 98.7594086579478 113.328791264412 128.677603416733 245.416058065139 471.812942869607 545.502419978948 484.419915817566 351.527228271385 350.813397320745 295.559835910201 140.123164163152 77.3230666123614 11.8017771078522 60.6804670149292 58.7815728771046 67.8669133076087 74.8655736830159 172.087585795498 118.288632010988 139.019627914979 225.031821160608 359.78938290838 360.884535345243 553.958105580659 280.539762996968 1230.60137301836 1429.45499185103 890.897379459995 1255.46578047701 802.697204620822 294.425136672513 185.597451106708 102.457429180988
721.568331468875 393.356336482659 331.815474721539 222.990021637716 263.787833622417 285.635901469493 223.909227470761 180.707186029552 281.75241558266 231.838261568151 226.847627169875 175.803903508906 145.835776257996 165.668760684272 100.734839696859 102.057651817096 76.1919559425078 86.8077885406024 79.9952704179967 271.782144270251 440.23704090236 349.040067757665 590.088948009441 405.885101838085 305.101837278222 227.511285611854 202.313276453873 132.170581165153 61.7952724846084 41.5795856866417 52.8105859298176 96.2239358545355 74.6717518888567 130.928354804947 200.395987290583 106.921179393241 140.281520726538 340.053685908996 452.581998146671 456.161488456004 538.447808210449 1122.92815107533 1009.59200852245 1014.78864073061 1426.11906511804 734.850783089879 311.47609001188 133.678885784041 110.270612832901 209.964733119567
369.046002322435 433.306825330841 260.14308377716 236.86412815526 151.330327592723 132.254305157354 288.377105316505 375.612499427185 314.09264985062 255.835299031724 184.02816889119 126.564791869671 256.511869085916 156.746139831725 133.571818597653 95.8510583766627 182.197525071242 117.742614420721 214.654125720853 289.354054120007 495.254435594727 472.923525317153 380.306660998298 386.755412381997 322.565084632146 106.660427673921 35.6070275334094 21.5602419237506 58.2251194529238 50.0342143069431 92.1126737504118 120.870316658475 85.2867214884465 108.80412705668 146.265235486262 87.0600351199611 221.458197315696 342.731870888048 400.628400095663 443.81669288903 746.951020555704 528.980650201809 683.824158892769 834.144677475487 256.319259380424 152.7493592679 152.528291166359 112.613839418421 118.097377015737 150.205765874182
462.653572729806 242.141098742086 152.205368450733 204.99481521539 137.376783313712 102.32424383803 101.090320582951 262.02670032042 318.689593187363 144.510288241866 166.494921376204 99.6924360449194 85.0191406889795 96.6547911128653 110.486670082788 190.257219451934 171.567197914223 119.97174656433 173.828985968732 277.196114387765 333.988186381631 410.950957391459 436.671530539868 235.215402192518 145.895793236331 67.0016175772196 41.9955477869261 22.6885746006696 15.8048560343694 64.4719703528611 80.3623320241481 87.2943175444906 90.8814699471419 145.157291320201 165.175156867913 138.492136306427 218.272747793342 165.361960658963 299.343908383279 260.344732570025 375.520041834703 416.765925096313 206.270171168408 152.914593111764 132.545451686846 125.703507397031 102.307042118933 97.0161081818485 123.358865171052 87.9499109145824
410.313491165009 179.232922712078 206.137829090249 153.007192153809 146.396831045672 117.927241240642 131.198461722487 245.824328661006 311.201826108094 188.155045431421 128.740713220755 113.845332472466 90.7992830535356 112.366477257736 148.635794078171 162.723445571199 90.7339346523445 93.3680356708072 79.6173712977907 76.2811197630227 56.9132240698552 74.4308177751117 83.8599139485644 80.805405932299 83.3790185218972 71.6844318371163 69.5815299858179 14.3961109115103 11.5400623682178 63.0396461993333 78.4202214897104 83.2571303441333 77.6615017994735 127.73717639252 132.727815766145 112.103497642658 222.333646195698 280.301647595102 277.211400382711 183.17472872785 175.858231789367 118.963997631813 161.332525866063 104.809804847989 101.334851820291 98.8087773982405 112.170517539292 146.799679876833 86.6611975346794 67.7531728056528
428.617608668861 177.512127529029 190.399520348219 154.593515093797 130.746618798089 131.263133071243 179.838041129648 258.603220503979 163.362721234696 157.725437279647 82.9995095196567 137.455744723647 90.5147252068309 138.459767945543 165.534505866891 141.210142197392 97.9027412526079 95.9419004000787 68.377441586077 77.2456020387202 77.7697838268673 81.5675833925756 64.0566462470411 58.9870824950282 66.7870868159791 59.4589244330439 57.1621669891423 11.298895879854 8.47858620333199 81.0011952572127 87.0710443718175 88.6536865926437 104.398120471084 85.7924513341815 120.846519124068 104.057808405745 165.779231688816 310.859876735695 382.288216161752 202.08660507535 92.0561562924792 112.92486605233 107.991914424771 130.558289701878 105.416026407688 104.928890171759 101.052040657273 85.8642891353355 77.126921712644 34.6938829140229
548.517238703148 181.391013397089 362.852985101371 172.986766566544 160.594686953992 137.291628270644 211.693318295561 183.774309879991 215.82293244032 170.165829554056 128.990936941515 256.939157279757 165.486900641855 150.114305681887 179.391832054928 146.393432658213 137.931708242795 78.7344237178284 64.7957624119891 88.4341361790873 90.0044706290404 76.2268153909586 54.1034587023443 76.5160094038372 93.7969993655881 65.5057006851746 29.2242492675599 16.0996097506015 88.7656130638792 95.5181234516051 83.358854053881 67.5785798532385 103.574169161599 79.5395831918727 99.9317020043444 135.049190520363 155.747934828428 187.279322675482 154.815027954806 154.135343080014 227.318514659081 236.547281107145 122.096221392015 111.14595954196 89.8429672276303 62.0916065554751 69.1352692878277 51.857374218247 27.2887291870819 14.9002389415776
909.680569775009 486.097329870864 277.009872842089 246.28820467147 122.252543568197 119.386689903013 121.120680966252 208.411503851094 208.737860291046 219.155745576897 173.585749853367 170.604467758662 183.689450454477 192.209044406477 212.53863659688 134.441119912796 134.733771365106 64.745434880732 89.2258376041511 80.969851911618 85.5940933338937 72.4578753712161 65.1445100779389 64.083215617274 81.2990051961724 69.1397698476712 13.3807868124371 48.5971954984632 91.1140915585881 75.810747707528 66.0628138801604 85.2182882858628 93.1797822061512 151.928547708649 86.9181290788227 79.5281201580296 100.133904343702 119.437301086881 127.552059720115 106.407487146634 136.000512735733 144.753225109219 69.692997946714 69.5759754270854 78.008827052696 57.7511156968613 54.4624908199644 38 7.96049611059729 1.79904835882599
1304.61880249028 418.027872497829 228.078331289965 214.102022106792 224.589872111453 117.138485731272 77.1088527156334 129.000606585143 220.051300629924 200.262149777153 205.805734547077 179.112709791912 213.80654309384 217.952055851823 186.956581702495 128.740808290748 90.9595619758343 91.9478574690907 115.081420248663 129.454095049909 115.032292818848 95.6461319099224 82.7432187051863 91.3361722009254 64.0639129322664 65.9940871979433 50.5666501393852 133.989681386695 125.441048507903 95.8596942192784 123.085030172496 96.970047863249 99.7464256618504 118.743349610222 126.265022696818 134.502621018353 88.1977630042361 86.7391975717202 81.5419225673013 123.704212750646 101.297916474334 81.2477724819975 57.463407622428 82.8255653119135 63.8571898798393 61.9749420866556 48.6860048158397 8 1.67463706832851 -3.4e+38
830.425586237462 718.401374850499 381.173704976616 151.485827752626 169.347817116019 273.224534515551 151.104553131626 140.812306353291 207.827756913381 214.454315370501 253.098919525596 217.17688434603 187.31088936491 197.79552502653 174.365425307971 140.344489461559 77.1906605296415 74.0818417718105 106.185795349843 94.4530986168023 67.4609555694983 73.236207443665 129.866154386618 68.1390083919716 82.4034827258655 57.7078820238782 86.7044596989357 120.603986860102 92.5646409611778 84.5196511108736 97.6857730130692 92.8417257904992 85.4513395037471 89.4851583262794 103.467952936328 100.046547004031 99.440611918843 100.37429416932 97.8748736111597 91.1667034382387 53.6526292437163 78.6785613688788 71.0802115956048 55.4298366797987 49.5813938489873 39.1953638590374 25.6460336493891 6.86648505684025 -3.4e+38 -3.4e+38
666.125439483652 865.801179493029 1150.59495135927 424.969602705857 511.980407960657 335.854114034485 265.614452133786 164.13832823733 119.74165188959 139.145940544754 242.368896699867 231.849855407014 261.448368369639 265.109922435955 163.088930847086 105.586394110803 99.1612393180267 91.4233433955906 83.8187203001566 96.796848634409 102.09704506017 103.089589892318 96.9993944689889 66.7119880592405 50.3501408344817 29.4691774965555 50.6886127880903 89.9357877660559 89.2854956620525 88.915902434288 93.4957697490451 84.8464900697978 87.2423019909218 85.5008672858812 80.6943438674787 83.6242890995715 74.4140054849752 79.0947351020603 67.8619457929089 70.626702017211 83.745370965296 73.3007734478975 78.1702471541539 56.8542712207563 38.1166895938443 39.9829991491401 25.3511307018451 4.76549277342478 -3.4e+38 -3.4e+38
925.1202149397 489.530302594723 554.057545357456 568.982712660688 654.508034701004 445.92617473034 301.956932665878 184.52458141481 136.63720109341 102.673715226018 191.443215197204 185.392981819526 294.945425249527 330.345117359537 208.928440475177 92.776122952739 99.8795980081679 80.8944320360778 81.718217586001 93.4338078019654 46.7612388129547 33.4810324917476 29.8179135910485 23.7199895929468 13.3445176085786 16.0053762503982 8 15.6560658433997 10.8266268963642 7.97280506370994 18.9825921627255 34.1050691997092 17.581949785826 33.3686979975074 37.8401718912856 32.2840349325755 31.8710442294059 21.144964827304 33.3898349367508 51.7744947579623 59.7951832895227 65.9596992276806 54.2944122946011 37.9847548019742 39.0536471083155 48.0803102172294 34.2971342075328 12.2580426719955 -3.4e+38 -3.4e+38
1142.41192480413 981.666416646492 490.715723711433 796.738611670871 639.907473196462 792.032738595921 263.2866742933 259.32228210397 379.654296493373 299.057134278617 331.670293042886 333.82934174916 336.05989074529 281.598865507937 184.664854259499 115.156602535715 102.804908824875 97.526479942292 54.2371165196328 32.1589835273033 15 12.105908221845 2.90598810122628 0.393508587161703 2.22044604925031e-16 3.30248528172844 3.17841889340574 1.98885399729417 2.50241264188671 2.02786196348348 2.48195822594241 4.44089209850063e-16 2.22044604925031e-16 -3.4e+38 -3.4e+38 -3.4e+38 -3.4e+38 -3.4e+38 -3.4e+38 5 8.26755655095826 3.39421170974937 11 22.9926884419689 34.5651247057837 52.5070277768415 57.7921252800954 11.8250560762298 -3.4e+38 -3.4e+38
811.591715387419 1312.73374506192 1025.57159383064 1282.85532072667 1705.68322442307 1188.37977181811 1085.67803006201 367.343576844591 145.008297801483 248.309152041297 277.394587546136 185.114374255527 181.651360575354 116.816342789802 142.370084531935 105.328707800124 77.0604792679707 40.1206187461274 26 16.9779201432422 2.77649291963716 -3.4e+38 -3.4e+38 -3.4e+38 -3.4e+38 -3.4e+38 0 4.44089209850063e-16 2.22044604925031e-16 2.22044604925031e-16 2.55472103339393 1.66643682229382 -3.4e+38 -3.4e+38 -3.4e+38 -3.4e+38 -3.4e+38 -3.4e+38 -3.4e+38 -3.4e+38 -3.4e+38 -3.4e+38 -3.4e+38 4.72379316011694 36.0974831392888 40.7017088321786 44.7704325390211 21.9686551214122 5.4487234517308 -3.4e+38
