Prepped_data/Covariate_Data/Relief/Relief_0.5.asc
NCOLS 166 
NROWS 101 
XLLCORNER -155 
YLLCORNER 22.5 
CELLSIZE 0.5 
NODATA_value -3.4e+38 
[rows 0 to 21 of 101, columns 0 to 49 of 166]
-340000000000000033902778449003393581056.000000000000000 -3.4e+38 -3.4e+38 -3.4e+38 -3.4e+38 -3.4e+38 -3.4e+38 -3.4e+38 -3.4e+38 -3.4e+38 -3.4e+38 -3.4e+38 -3.4e+38 -3.4e+38 -3.4e+38 -3.4e+38 -3.4e+38 -3.4e+38 -3.4e+38 -3.4e+38 -3.4e+38 -3.4e+38 -3.4e+38 -3.4e+38 -3.4e+38 -3.4e+38 -3.4e+38 -3.4e+38 -3.4e+38 -3.4e+38 -3.4e+38 -3.4e+38 -3.4e+38 -3.4e+38 -3.4e+38 -3.4e+38 -3.4e+38 -3.4e+38 -3.4e+38 -3.4e+38 -3.4e+38 -3.4e+38 -3.4e+38 -3.4e+38 -3.4e+38 -3.4e+38 -3.4e+38 -3.4e+38 -3.4e+38 -3.4e+38
-3.4e+38 -3.4e+38 -3.4e+38 -3.4e+38 -3.4e+38 -3.4e+38 -3.4e+38 -3.4e+38 -3.4e+38 -3.4e+38 -3.4e+38 -3.4e+38 -3.4e+38 -3.4e+38 -3.4e+38 -3.4e+38 -3.4e+38 -3.4e+38 -3.4e+38 -3.4e+38 -3.4e+38 -3.4e+38 -3.4e+38 -3.4e+38 -3.4e+38 -3.4e+38 -3.4e+38 -3.4e+38 -3.4e+38 -3.4e+38 -3.4e+38 -3.4e+38 -3.4e+38 -3.4e+38 -3.4e+38 -3.4e+38 -3.4e+38 -3.4e+38 -3.4e+38 -3.4e+38 -3.4e+38 -3.4e+38 -3.4e+38 -3.4e+38 -3.4e+38 -3.4e+38 -3.4e+38 -3.4e+38 -3.4e+38 -3.4e+38
-3.4e+38 -3.4e+38 -3.4e+38 -3.4e+38 -3.4e+38 -3.4e+38 -3.4e+38 -3.4e+38 -3.4e+38 -3.4e+38 -3.4e+38 -3.4e+38 -3.4e+38 -3.4e+38 -3.4e+38 -3.4e+38 -3.4e+38 -3.4e+38 -3.4e+38 -3.4e+38 -3.4e+38 -3.4e+38 -3.4e+38 -3.4e+38 -3.4e+38 -3.4e+38 -3.4e+38 -3.4e+38 -3.4e+38 -3.4e+38 -3.4e+38 -3.4e+38 -3.4e+38 -3.4e+38 -3.4e+38 -3.4e+38 -3.4e+38 -3.4e+38 -3.4e+38 -3.4e+38 -3.4e+38 -3.4e+38 -3.4e+38 -3.4e+38 -3.4e+38 -3.4e+38 -3.4e+38 -3.4e+38 -3.4e+38 -3.4e+38
2.22044604925031e-16 -3.4e+38 -3.4e+38 -3.4e+38 -3.4e+38 -3.4e+38 -3.4e+38 -3.4e+38 -3.4e+38 -3.4e+38 -3.4e+38 -3.4e+38 -3.4e+38 -3.4e+38 -3.4e+38 -3.4e+38 -3.4e+38 -3.4e+38 -3.4e+38 -3.4e+38 -3.4e+38 -3.4e+38 -3.4e+38 -3.4e+38 -3.4e+38 -3.4e+38 -3.4e+38 -3.4e+38 -3.4e+38 -3.4e+38 -3.4e+38 -3.4e+38 -3.4e+38 -3.4e+38 -3.4e+38 -3.4e+38 -3.4e+38 -3.4e+38 -3.4e+38 -3.4e+38 -3.4e+38 -3.4e+38 -3.4e+38 -3.4e+38 -3.4e+38 -3.4e+38 -3.4e+38 -3.4e+38 -3.4e+38 -3.4e+38
9.31652234046273 7 6.67277728669109 12.9225465893119 6.98474241387853 13.0629878259511 4.64058396849479 -3.4e+38 -3.4e+38 -3.4e+38 -3.4e+38 -3.4e+38 -3.4e+38 -3.4e+38 -3.4e+38 -3.4e+38 -3.4e+38 -3.4e+38 -3.4e+38 -3.4e+38 -3.4e+38 -3.4e+38 -3.4e+38 -3.4e+38 -3.4e+38 -3.4e+38 -3.4e+38 -3.4e+38 -3.4e+38 -3.4e+38 -3.4e+38 -3.4e+38 -3.4e+38 -3.4e+38 -3.4e+38 -3.4e+38 -3.4e+38 -3.4e+38 -3.4e+38 -3.4e+38 -3.4e+38 -3.4e+38 -3.4e+38 -3.4e+38 -3.4e+38 -3.4e+38 -3.4e+38 -3.4e+38 -3.4e+38 -3.4e+38
56.3276865055018 68.9182715462271 73.4185258141821 59.1730386842434 55.6305569732179 39.1210101570618 42.7490498231122 38.8917903409371 67.7595587242356 115.928439965692 102.859373714774 44.2862300473937 44 50.4406963240117 44.0639216489992 30.0401955385526 46.9752754111224 47.5339329174758 21.9972088061628 1.53623153226449 -3.4e+38 9.04180587494951 32.6603187032221 39.9977307536207 21.2697596981016 -3.4e+38 -3.4e+38 -3.4e+38 -3.4e+38 -3.4e+38 -3.4e+38 -3.4e+38 -3.4e+38 -3.4e+38 -3.4e+38 -3.4e+38 -3.4e+38 -3.4e+38 -3.4e+38 -3.4e+38 -3.4e+38 -3.4e+38 -3.4e+38 -3.4e+38 -3.4e+38 -3.4e+38 -3.4e+38 0 2.22044604925031e-16 2.22044604925031e-16
118.776215919559 97.5914533305696 105.377360721779 134.153786285259 160.339012846704 129.551762688893 164.095445415699 79.9654962451101 156.466762541322 75.6094759675076 230.466165895017 216.368857988449 186.027937204749 190.835479582167 280.074139863584 357.886060095945 435.770579370107 724.294039078227 1231.59753087814 1199.34188770714 1141.54687032693 663.600998855488 528.889179144363 374.597245291305 590.791493541976 493.670841103297 269.714858511582 269.058779217734 209.871560117896 192.131219274966 118.631296790323 136.116910276723 1.73672074182956 -3.4e+38 -3.4e+38 -3.4e+38 -3.4e+38 -3.4e+38 12.1476572158974 11.0240722531759 14.0342692069096 27.1680784517657 13.6005378440426 -3.4e+38 25.2340902084154 25.545381624071 46.4462854877832 54.5962796419706 40.7393666395237 35.0298614937786
275.088438098315 225.057546574019 232.054462328188 319.38509147257 293.954991138878 324.806800881228 289.251865257783 297.726919687656 234.636325986088 234.413128598803 295.654277384943 355.729733360822 341.135665339211 407.340339753781 931.433869891214 1048.44065107498 1063.01407843848 1570.55735806675 1533.08325138994 1302.17480224951 1697.761083332 1824.59346483796 1782.95480990971 1725.79332540363 1405.68209381216 1347.99498358582 1493.55388328846 1387.89332602384 1154.00504847618 1145.78083119474 1098.99571925741 1072.57423225943 220.64906693911 58.3291616930592 1.11022302462516e-16 -3.4e+38 -3.4e+38 1.11022302462516e-16 19.329863176942 6.31187523786666 38.5367563262407 56.2200059821226 57.4340791983013 57.4315559790434 48.6717821982281 53.5450424631598 88.1475679337045 50.7716501223823 64.1737446279923 68.5070074319782
469.310483061253 627.348933575967 633.941863109342 476.566055697294 540.575232062646 400.748248264505 632.773377187327 624.204542129828 589.512500627273 651.87116469633 586.0616820657 699.221752040624 1145.54358519836 1008.6399823081 998.074689095394 1277.90522526328 1193.79727233865 1112.06327565508 1000.30350928647 1340.37907310925 1183.23245473716 1120.37097718425 1152.26635179714 836.807274067039 920.715528353437 863.21038061617 786.678829063663 773.121774585435 765.773362052379 773.082552548341 715.772459251257 662.784491198482 678.333376279981 829.828270390493 398.132845383637 763.70212218073 459.40003794304 242.32439996661 232.46626077101 9 37.9600398182309 209.269213626366 214.678362145888 199.822589631043 122.564550804632 198.010010029782 181.214224969679 203.146381522757 157.250991838174 200.725827867058
1249.557018069 1441.19004589252 1269.07339310388 1118.82844241482 1159.08647389174 1176.07814650502 908.042170344255 1226.24212573372 1221.43437885372 1127.40906756067 1333.86388439753 1204.68443727149 1181.42927070746 1213.09162200276 1053.86181130583 1149.63799076405 949.220663314929 809.345617488143 811.741199126304 930.465586977272 1170.8119681618 755.545337000508 762.581735256376 859.361242626516 474.130959337828 1016.32026772186 608.687735390373 492.790888388184 581.368068792127 472.329679153986 462.194055128413 521.947178897513 398.776200491273 537.240865997275 827.749903167598 929.68111640298 917.740193929079 1120.0354835806 951.260323767957 485.173855974021 5.04178531546915 5.39885725968172 120.946159769851 195.179455199164 274.402709559879 155.909068871801 135.01941781039 197.585162633218 223.658016570363 283.037642434316
1248.96513523746 1397.69981138084 1287.19743199648 744.459407680652 1125.61261990173 1124.6705357146 1038.32326431856 1189.52548358909 1215.10195699219 1305.00309549255 1220.98882141291 985.488746545581 1085.77507945051 938.247138973201 791.779668042394 951.308879753116 759.919206366195 601.388417710915 497.955017306573 579.660966418827 469.071296749474 578.947054149121 564.69305861169 473.385457373424 423.738998218501 479.040731271985 732.103193920652 733.953701663753 635.561783889085 689.742205042492 479.315176120919 200.228245215036 172.567282391391 509.936477759221 406.910866582747 764.680940940032 1200.8556032402 1187.65027051937 1008.08496652521 644.371476254866 22.6209813183963 48.7922161803276 93.7119643769234 158.714823783968 188.929964863839 168.762936239905 202.501091715546 263.149736140424 221.410606423735 221.901569493976
1640.58739052853 1507.46792558249 928.203442785619 1069.99365951762 1205.7481471028 875.361853524833 1030.5415639693 1016.64711967068 947.0008725466 1069.04377054789 1102.40799154604 973.380748986058 921.152912092055 1039.70101895923 748.980275500156 1171.82533255189 643.836960741032 602.267573419294 624.226027084118 524.844942506236 498.310760298099 278.982340027135 451.647677473277 403.532364043039 373.305726655622 562.753579142064 327.268122199185 470.294483620842 383.45692469703 568.733272537001 780.430747187491 667.836864941165 458.920012585794 466.901249039761 412.316301221646 295.166417898825 633.719160193068 732.418070383505 838.318977874791 432.228769666919 274.424519503021 70.3176408081785 71.6918902698193 127.423404237538 267.283642134512 235.334998633903 327.438684116918 386.223678959623 422.212054626551 332.047932473377
597.151135527548 572.346624709349 538.184196022744 699.824714366082 734.640225624672 514.624342984023 397.002470530204 497.321030688401 522.45899204713 720.618164011021 835.776573916277 1138.08080214178 783.640584811313 592.349736238997 327.884156884569 505.288907509797 106.242353669085 43.6787016573722 28.4380720935963 30.301444143523 36.5475247207455 38.2143798298592 117.148486942284 388.960117576562 549.06762791445 401.349582624802 518.081026611593 632.736650169613 715.914658076065 654.961281554451 583.110553058454 648.141299582039 517.98894904765 286.801407520242 180.721711563322 145.437577083613 416.853508989148 518.106390066129 662.122367823192 586.281101891155 444.184059137483 410.2196575407 138.627554750706 86.0715080610704 94.0824695742474 83.6214369339098 198.703637917832 311.049599929522 276.753395878926 225.779943935382
328.754141910021 503.824850203831 983.786274952612 432.966373472224 359.695851502058 314.456747650425 531.004726235303 765.931374829116 766.967309941408 752.235345729519 707.074215721208 559.714975188239 275.099445670648 199.991059921454 154.242690504176 207.691091719113 199.88342011135 152.156615538628 163.343963162982 160.90297339789 55.7777028898791 97.0948402649482 123.474702595992 155.657023784272 500.862902998122 304.744497089835 421.240680053515 645.834233992251 681.406186446504 568.69184146206 712.18129843093 808.227602111828 556.801935416285 348.102241618389 102.012556503716 208.412152173989 421.641337992777 608.446458517267 622.615845755414 567.851386612799 435.130417007158 355.538889447638 315.567226632907 312.13113158114 354.840136465793 241.802891161829 134.255463021816 173.48027226831 168.740322753576 85.5032495121887
609.153300564338 593.611721615182 724.033493397155 376.635576419786 416.842397125132 651.974802888238 962.267386882106 1057.93787616285 1050.14913517034 870.258251117734 569.821436528755 449.512457027105 459.214781577091 439.521401294924 581.872612390449 837.738595090735 1082.23230534581 1009.93058633926 1002.17163207407 898.922048041957 682.669665021871 243.469613885166 497.075170307009 541.511554192967 880.982483277201 616.519566466087 534.197994090154 460.975931997955 680.403889483946 726.140854950755 866.510448283804 919.467256172786 711.817733959795 503.570327247276 785.562312451629 642.532321597129 527.077765557719 597.192305694365 493.09259487983 583.525040874869 586.771172847349 716.947232637115 796.581131417855 566.602117952329 632.454809230509 711.554107662143 725.40626492157 573.63902284083 642.76906394919 508.156978348114
761.926833012711 1156.66103303685 1081.99929527576 639.525424851091 810.469858818573 538.441301534005 835.906722176788 760.55637563182 589.596155770779 931.69891622939 1111.22948519652 619.836787470699 430.060860261104 695.62571994762 606.724295350057 780.255165707288 1066.71945516415 971.79843860725 662.513680667294 758.322215665176 1078.67831447485 1205.01325984769 1209.24201621774 1027.3669786379 774.897201667396 665.249172218662 664.454226879033 1016.53771128456 900.903568540195 996.331740917459 690.492803060824 585.249997750643 664.663728998765 904.462383438109 909.052401570045 997.771567867675 924.674446282372 871.109010396778 974.190592136549 1060.5876551522 1117.69875043536 968.394280383364 1242.90029463652 1464.28471921318 963.804152703312 1301.92855415724 1121.7375955037 1245.55791712473 1280.87669589018 1343.53693236051
799.282368651091 154.013349420518 434.450034915069 302.556814857264 266.823169381494 517.732213480473 557.456491840569 308.513933527045 235.755932816428 377.771091950958 339.039153160193 222.609935797785 621.494055532217 500.498410241058 425.498280712507 370.748396555871 602.957837667811 612.674393233076 889.689760418205 902.080229936859 875.14311005101 851.730751060086 923.925910865524 1097.6913413164 939.521678228477 897.593177603475 1164.51222847477 855.570803786196 925.466572812258 1205.77046699008 1088.005702899 1027.61698870366 954.820167642158 842.14965987236 835.42725150989 855.108780385719 1026.46110448243 960.288032244343 1064.25527632166 1105.08052863014 1133.92607762532 1279.58571766823 1435.50550966244 1103.08758209386 1249.03686290726 1094.58865140054 1195.35678014098 1289.32828584722 1082.25548192927 1218.04477466498
441.030077188496 342.805383783965 517.675914184597 445.808323929955 654.824301582978 568.226323518439 562.706327373501 372.754779088826 211.571528055936 337.594208318819 373.919147091249 605.83591149437 1011.34352364773 1044.81847814612 1170.19956763217 850.13937886274 621.336955414745 544.295455075832 734.68492590395 759.424565519688 877.988470083622 1092.99202138017 879.948708049108 790.845670607217 687.547018382493 830.655343176254 641.584338484314 785.079475632959 852.527067582133 872.587541908581 1130.44783224919 1426.84011927314 1562.69678654357 1184.51414978884 1201.0684047324 1038.26720807825 802.923436845852 962.507386323705 919.59852009245 938.244047623163 1044.71407289479 910.700670269404 1082.67170308446 969.817089443854 968.940653611031 959.606058896515 1012.58406602139 1193.83531772114 995.249691861782 1067.48088785455
788.595599963565 703.345762067905 637.880374471209 496.372071365387 255.720608686145 260.999842238679 256.601867311342 746.462532245926 1076.33278674975 1088.37082102649 1076.98594335693 1393.25443324372 1340.86397592133 1305.83384430657 1648.226210922 2428.62715151041 2989.56587663046 2910.92715035569 1453.95170189733 2096.66575233575 1532.80276517408 997.315305840705 927.281526291647 652.333981602581 333.486273215901 947.676845592437 608.359056109472 761.17035046036 1026.52009971155 987.181273357534 555.855899519491 706.772455691546 637.783293871805 646.025259314713 878.396659147596 1178.37223059645 1016.22834250799 910.89850727421 701.156732714961 1156.18521596108 1056.67802743029 1014.51771010533 592.682524578029 873.1634246706 972.784766829995 928.406697546333 940.576239235254 857.042014299624 1064.65596397905 784.529348504501
740.784347731441 550.251575421673 234.011966523387 422.378134620367 348.960129862267 486.77645058785 1821.14388030817 5339.79027656864 4330.14592282393 1854.02798933034 1517.06399305346 1172.74345846541 968.500164139222 835.679160336907 791.690118546528 1053.46451895324 1412.06268516461 1290.41198209233 1342.04818635114 1764.01494528694 1746.87793307117 1601.23184901483 1447.8805449001 1248.04119151499 439.327128031318 524.678375649601 525.400847025089 679.272421543333 943.346834890874 757.746071527746 618.098016633135 875.573624989029 756.730460277097 769.065382439828 771.260102056087 956.988463572197 733.462118198549 919.1756888141 1197.40878474794 1094.20875072172 1095.07334968895 976.697242296841 1044.0823576317 1111.40456595773 996.574995298579 866.827773431826 923.657159964396 1016.75071539366 930.56365193157 1459.58598797529
500.647013268742 259.674821131107 438.757728012597 1428.32948655375 1233.69299580844 1811.56023581488 3138.7572804733 3930.96963241808 2571.17277525225 1412.30692451056 892.445120780147 1195.09934515425 1219.38537922244 1282.00864396916 936.422173606676 527.711841536123 572.927436259446 553.285263151158 572.657675044893 532.698230802612 475.534455098703 1038.58194201898 1070.59985884088 1585.63601461203 1518.51314527786 494.981592899661 275.993309558259 358.791601827655 639.827036554477 965.086918414749 901.119167388836 991.110109498635 1015.16441658933 1048.92303144898 935.775290391972 645.333646827305 560.354133113503 846.686801426102 694.825043278439 721.273574481971 1122.40202397521 1223.91627431332 1004.70504329088 879.845561469281 1057.5966869961 927.450091838512 867.038877941021 869.529422780695 638.812838825725 908.5823857772
593.080591839033 1688.90461727914 1351.08184412397 1504.83534948134 1641.4655483915 1309.81838669506 955.071321095747 794.855147705189 948.606773919842 294.411297584208 1108.8973299563 1481.76936341663 1831.85197984435 1483.92097518225 914.745931981213 681.056942251089 463.004278127543 372.134222989935 238.418041223615 453.412585395959 2335.7741240023 3752.07753337397 3073.94335112067 1539.99476068683 2078.20898058045 1617.09950394492 1571.25373749722 1711.75151845368 974.409576060846 1006.2341304077 663.998937101857 788.697816896701 771.605695194699 972.385734421432 733.327293885955 1014.15460463624 878.054360344254 641.398381427419 699.851061900227 831.640979952576 1242.82610212635 1202.10662012057 1125.12665208428 1125.98851096961 1137.72554802788 851.853167569738 999.047706640321 594.33939136233 650.837987123309 849.222842733413
