Prepped_data/Covariate_Data/Relief/Relief_0.5.asc
NCOLS 166 
NROWS 101 
XLLCORNER -155 
YLLCORNER 22.5 
CELLSIZE 0.5 
NODATA_value -3.4e+38 
[rows 44 to 65 of 101, columns 100 to 149 of 166]
138.707220735248 199.605300769819 216.608704769583 208.953187642296 142.942939493692 133.966878143479 96.5127795755608 266.570084203833 140.43966634162 237.042892200597 442.149018424869 127.546150941115 31.0223660584608 29.3036649655745 27.6675637661934 52.4337801238549 42.503845722141 47.4235851491661 64.6844607709602 59.8936577376833 61.3617012273518 82.3844303585794 73.6920661428478 84.1888005342187 76.5021724744123 61.8126046849271 39.2090580668464 58.6558438438252 73.1424181444349 22.2054551822425 68.0998155337773 71.9520765875812 96.1190870957834 87.1721248325827 86.2540986754299 70.5673529706556 84.389146184476 92.7162199189644 71.2607325318043 61.8738900539495 80.6849545422728 46.7690644717049 57.789265601201 79 85.7653421203968 53.403197877661 50.2158776662837 76.2886002817752 190.674075924969 235.964900106053
36.6945902956627 114.187095183678 105.420073622735 127.111378264215 148.838552593242 130.834871871122 182.038964284186 151.246279279628 181.950993682529 157.762275283336 301.08139117841 142.899637462981 49.9962596767189 20.4638841287569 31.8100342640498 48.5407926441806 39.7125509553737 73.0144252071747 67.1111062040211 74.8046691600757 91.0987020986426 82.253498000848 84.3329380018324 78.1656149297511 76.0443592013627 73.1844393942706 33.0902299735253 72.2784906220847 80.8574388566147 51.2070298690455 128.648087112965 140.249658321469 120.15356109126 145.700656755183 79.2147834854936 70.8589412998715 52.7569772010372 84.2756641110254 92.846250287638 75.9302880952476 69.0545876934959 74.3392538656509 91.6370248046985 79.4304392377872 107.94396283051 105.499161101842 143.682310253266 164.712494020531 151.202767088353 68.125245330661
187.782928845901 84.0585981893423 64.2799038739513 74.7084309630075 196.88026309738 223.23730577984 109.306178080571 120.146569067289 90.4057082620699 98.6268447794922 125.229029098986 72.206568645451 194.605989309058 145.157724102477 23.413803049816 7.92776471625652 41.5563997849593 84.2372461195944 62 74.1505525596404 63.5214337419596 85.1270487852668 90.8584462753266 64.4218974948769 96.2766495150104 85.9303115236738 94.5194914980012 79.6521386082297 89.2307760377175 71.4433860065482 127.155812048378 168.938629391243 123.316115173602 127.184495870904 160.378473973104 97.6972931888006 107.420701660434 94.8829738339055 170.312336777235 176.339843285877 190.14301529801 158.069748930154 88.1811233158526 59.5224728439491 60.5567566498468 93.5034562040095 107.823747924971 65.7758555020326 62.9433421121892 36.3224856594166
111.343680199192 158.407242990775 160.015979888282 68.6370051843596 73.9306421025508 73.2331883148161 101.522446548635 113.97581670992 189.293523562246 264.171243068691 242.808018092375 101.82211060339 97.5692616120797 219.301959273984 50.572368640644 10.8219953322729 64.2584661626791 96.8687725805225 52.5936959149043 39.9103022392798 39.3051391809532 45.015324738004 69.6744070779902 95.6628673371288 93.9185561581248 89.8614322653777 93.0552359734378 97.5043269996186 92.1397148472795 81.8781474474077 77.9908971051679 245.147647403474 225.450882442567 303.845486130865 238.500679173619 179.299978216323 181.157121463361 186.739934637548 126.267596995544 111.697207261343 120.615866544779 91.100641216818 109.868171213468 67.7066957566814 56.3537520240829 71.0890348808319 76.9830413722904 68.7464830203251 74.741578106065 84.8432097274807
203.903026225824 178.864164946888 111.31146716775 163.117949422931 183.227990982618 180.357771956259 125.38436488084 75.0119408834528 215.483217440612 303.120612783415 189.606539517653 76.9035962125553 31.640387892495 168.133967825199 215.633450238088 18.4337859110569 72.6845371539814 59.2297999008642 53.6754417134566 64 64.0000000000001 50.5924522815488 52.8651020488 72.4046141763688 77.1119504954868 87.1060798764496 85.7281320176454 91.2356022176484 64.9515899008572 75.0706048528165 166.532155226022 161.856232888218 312.235685007649 207.055520927428 272.318695456034 342.176725813743 233.831250075168 231.84651238609 164.145429861265 188.558213504975 152.491375211977 115.870510378667 126.596895299642 94.8736621739524 89.1132837606397 93.2778474166157 54.5092521643336 80.8649007874415 74.9680986453048 90.6280442955077
148.007171940322 175.854286117162 190.436864468849 186.728876109367 190.661182858604 143.488837210173 217.914860422896 202.757083787832 54.4593493761718 44.4869465986584 59.9383316877235 80.9125786685226 43.0703450568805 36.3564659891748 201.298744685223 31.1135581479039 68.916241572458 62.9337131173028 22.1246257683305 25.908184087823 24.72430422908 49.1095323828073 59.6876206459655 93.3656971275993 110.297460784582 112.5103250896 92.3852222491302 149.57311288933 178.74837381774 212.25094765514 355.066732133838 186.593454968466 128.144287827468 15.499794275409 0.0682212443185506 5.6843418860808e-14 5.6843418860808e-14 303.019714796879 368.159925941676 185.236658019256 198.730036640758 162.399379991549 178.804904364161 172.849724626263 135.448662639896 127.700895305376 92.9040121561842 127.819146073496 126.959387998218 108.12802480873
256.699071321005 217.803276565164 188.77659801642 199.387212476254 245.361614953569 140.436757608451 147.713905712744 142.647764693693 168.180012563868 150.808694496806 120.668003802311 60.0969029374743 66.8038278319536 83.762247149469 166.25427069755 87.9712179499348 43.5597270899803 96.0726383024117 127.299214331605 129.822748840188 80.859785182842 57.0795805448933 70.5743146863101 77.6278323081836 123.286868024223 108.029550928604 170.427524195569 173.319604776563 459.674853133221 447.203042851937 293.293061332226 135.807590397773 146.355497660641 5.6843418860808e-14 5.6843418860808e-14 5.6843418860808e-14 5.6843418860808e-14 5.6843418860808e-14 225.515176459383 287.642363437457 270.619270627538 229.144673398847 69.5404074758811 145.247949446724 102.735495975652 87.3420173552213 102.144993766012 80.1114824349854 171.385445130183 251.56061244913
248.988078316383 268.490137705609 221.281621330809 157.466655661582 299.197623161882 114.942870216639 177.154862354415 184.698630188223 152.414640204016 89.9900009729315 111.650563623562 166.076121486005 61.8332973574154 49.5250199953956 125.241616241192 108.913576186866 22.3365001534811 113.070324700644 202.27435903638 161.471407198673 137.863613059342 44.4967490580273 95.7872247734251 104.627518084692 122.225450850083 94.5768902231239 404.464363667533 411.362298958095 4.83764428212785 30.2214267382006 5.6843418860808e-14 5.6843418860808e-14 215.320876470481 226.978048888208 121.266882178519 5.6843418860808e-14 5.6843418860808e-14 5.6843418860808e-14 5.6843418860808e-14 8.5265128291212e-14 338.676827945331 237.976483096983 169.135318267441 145.160003623504 102.827302267035 90.1841041573305 84.2430682752574 139.864315068884 274.075101042613 233.231288840379
258.945661543033 258.601715172188 203.109451977817 159.982085604477 207.141506687765 156.893132944958 128.45315566112 174.872080588976 178.412059001761 108.181303486026 115.572190855385 84.3582592474027 163.00341730342 67.8889238944931 121.55938930862 78.3039663155398 39.9105971968658 149.332092557543 117.742715888211 103.682252531037 72.7765956180496 81.9714567480984 86.1463658075002 47.9151040765842 96.2840785806014 261.909403246405 230.764545379742 241.178172406807 166.871489386396 218.073683062516 314.14305939656 250.069703459414 310.399291866827 394.043336430783 367.14838056223 189.103938308436 46.5204683344455 113.358299958569 122.255558203329 101.709264535941 152.381145977911 348.359708729055 315.482364945862 237.212576620296 192.527588690619 129.232129843389 152.754003569481 179.623904731795 171.46908796726 142.115876056208
227.318269560332 187.060507391182 185.057520669947 144.260193869926 153.144166718703 101.101662812826 196.256262212948 194.819447730288 223.124239551883 151.33100033656 102.44367825325 76.3600005603669 201.502425793117 66.9727441807626 108.047184378686 55.1432193440877 68.9067719414855 166.444699625145 106.983818921157 78.5157716352885 81.2645650231207 72.2366433411155 29.8783774484542 84.6699343008921 100.837789242254 117.451394050541 103.700715702385 218.327867244829 288.958987884072 194.395297707347 126.092969285957 185.09708036757 186.882033143681 159.798612066377 171.399390704092 210.588282642756 123.327974973025 98.7927481797354 118.326310245168 105.489143369744 123.444546484173 102.042321197927 156.556504783222 235.663114979183 262.537574083873 242.149908812967 183.650506952717 148.162409221389 108.806106436965 87.3408257486651
343.068551816121 301.564514898123 132.756856526255 256.237341921078 173.298236708315 186.864931280103 184.532543340231 182.611481126842 176.743912423144 121.862888642228 131.640866656628 172.888179774414 245.096738428792 42.9488421842356 183.691755421088 270.095502137449 79.338041078443 53.6168076568616 104.163160617451 91.1331216231299 91.5623781809063 85.6685804619093 114.223365794418 86.6561442602434 151.582696049781 135.9920666693 126.773478217528 184.34514581785 112.157472311066 85.1757499683351 69.4337129505151 65.8250062238188 106.066842139673 179.126497979879 138.378888555684 134.114564821762 49.1061785002163 64.7479501062771 49.1632981431359 155.972936272405 138.061652717603 61.6890188718616 43.5555198926669 68.1686312907108 63.8324964670877 129.92524441337 122.549849699293 16.3562527656482 17.4856153279445 75.8384571305453
280.592667650222 178.067404903179 287.846447421829 239.497693487812 160.517195425298 151.657756195771 165.533707372624 179.366377610356 228.842565220477 155.851784247117 97.1170648367975 127.531774714119 64.2330619905118 34.090280577346 168.828463816837 171.169908425586 317.087383794981 67.1557384094645 132.21418039581 97.702609941882 65.3431950335003 100.570318238319 47.1905194282908 47.8223190314452 169.971550558157 90.4670701008646 180.531959236601 192.378683312001 107.46743665484 138.331943582234 157.570823978392 157.087976722888 254.654201518896 216.092992884745 86.6740730163153 53.4633594207836 25.6498271002166 40.4369289049236 85.2794305082873 136.76917164068 254.441072699403 203.92536188272 92.9242474865855 51.4735560958843 5.6843418860808e-14 5.6843418860808e-14 26.4384152148972 63.4328075879471 8.5265128291212e-14 64.134267738807
444.838928066865 733.217167395916 307.921994185377 222.686678436689 194.648690577561 259.686371311268 218.476347515277 257.897521406813 146.20419899225 116.955621444346 123.939928646504 148.650046596048 86.6967831448264 49.7387217688015 155.980873089584 74.6975877902095 248.504513586854 233.576986578394 91.5957797554252 72.572127756459 84.5881971792691 57.022880057081 96.4630297876905 126.644093843183 142.457619183588 176.643510125258 135.615593159448 112.96512423142 109.331148993534 121.381367236749 106.357208989881 161.536099979803 137.48701853284 110.808029245464 78.5323074042099 64.6496408572372 5.6843418860808e-14 113.781480255333 169.02425405497 258.19245550691 106.002098049661 191.996751888702 164.02490198471 89.4825833720376 5.6843418860808e-14 8.5265128291212e-14 8.5265128291212e-14 79.052992705779 208.873766828422 126.42379357436
414.534442409503 798.870066170718 1120.44259310643 764.121167928611 301.711004982924 268.789442272161 177.666106214478 191.874848362221 194.5018439391 225.467842519745 218.600250891358 225.231242178669 207.048776462723 56.0084196988074 153.221271153132 69.5391844380127 117.334270995822 182.78033806412 203.247917740656 150.482637571514 137.848800647996 79.975856148232 124.18903912742 103.549289329622 125.428732569797 197.843225099184 179.486116093973 163.837220333633 164.973981015452 57.913904327543 71.3630126489338 139.367259513905 48.3701208739204 136.560102113279 101.489833631856 5.6843418860808e-14 5.6843418860808e-14 103.846971482777 243.235097152165 181.347015660652 123.798616362163 191.689341123808 210.781045406495 63.2647898652745 18.549699870547 8.5265128291212e-14 95.8179268809619 162.992360539044 232.690797134255 347.376110780547
275.221116999086 816.935560921805 922.09380556194 790.619483729093 188.159730196836 189.275701517445 208.429007732872 210.005953574653 215.46328935235 155.16902570272 157.958307307405 196.517618258615 137.320157500565 126.482599674041 103.034543057428 119.213786665835 118.000217744858 117.66953212034 107.327401609734 56.2198882926177 111.222066486558 66.2759466160089 95.6422592230433 48.085924587052 102.848353608092 117.244068980608 186.892535332852 195.167729439878 180.218269884952 138.552762683297 102.18618216186 92.2471430448323 106.759346366312 115.10879169271 117.998810943196 5.6843418860808e-14 58.943885277029 115.222434435939 155.309986999086 143.640046912605 169.703680110798 59.3870354114887 25.9430545062711 61.6420667320763 78.739014192504 0.25335314412925 126.790345207039 95.8266763743713 155.129511837164 168.177926324004
277.097933735462 315.394963470371 334.387673659181 363.477502028332 239.223012588855 242.969951698595 239.97928104863 225.031684323064 250.693354373653 231.029354014587 180.307472231161 291.376455518798 220.144023281385 150.459176539866 109.530181200607 145.733950985509 111.46128611643 96.7693620372513 100.686463781007 77.1210129607855 101.003804561582 64.6747052885918 55.4967455587474 66.6221729116526 126.088438017693 94.108506759203 165.175269252815 179.476836389586 160.0740124473 145.956869889076 192.905782154728 93.321719094473 83.0475425608756 128.368417677596 79.0003934461216 5.6843418860808e-14 5.6843418860808e-14 55.0938492069963 103.042126667299 73.2661394272924 104.417902418337 55.2574035916354 67.6514789306096 91.9891716662881 76.7208487821156 39.1069271144538 96.1671528510556 118.074800178338 131.700652860282 137.29309126201
336.513919647883 372.756657315454 436.068034463085 466.11898863564 354.415583589454 165.622763688231 206.920688362007 189.933715412679 199.596945028436 193.008468193408 204.497107885853 197.607418849804 198.565354047682 219.466635366902 190.693220940285 207.097632601803 136.803555402645 97.4499954239344 102.547222580279 83.8680037664274 95.7176933600158 48.9383845295741 73.4654284227472 86.8715080522466 75.9398213692064 106.747195428023 114.644621760858 178.095234917953 171.322027783006 145.044790240263 107.803520702957 92.3429077509225 86.43188678214 105.269074684403 63.2597899337125 5.6843418860808e-14 8.5265128291212e-14 50.1542104592282 76.1897505020111 96.980960438375 78.6329664355866 68.8043167130747 101.529240658324 164.773566201204 70.3873556572482 47.8119616166683 70.9890305385165 115.538439772958 124.558396140963 84.1046005082283
317.276434721824 247.339593172432 262.354405616392 177.757662817374 130.169823145061 82.9531320910619 139.693852331278 126.447945987354 142.548382357355 120.33158339421 117.269766432081 132.922177424097 113.970731400772 150.510783567082 136.743190061675 123.197175044721 151.01368352846 109.254011053269 131.058147985308 84.596425765378 112.374068250204 54.9885706701753 92.318454816278 90.592988216206 92.8582334804568 73.9221663899863 99.2660905860943 98.7199334311969 146.102975617256 142.252749646726 101.684836240862 78.5905669512301 93.9908351081913 89.9371315756821 65.500666783266 5.6843418860808e-14 18.3146762690434 98 84.3097281112584 60.8676740456275 91.5217150760496 77.8553488541803 104.802654444042 100.047235706735 33.7336603905879 26.5173477634192 56.3010552674735 1.00000000000006 1.00000000000006 244.107941754878
584.690120452011 401.80452752216 405.629061910735 312.609064179355 235.146659771822 109.678906261654 118.338913003631 117.68738749289 159.812843358773 131.911709517073 161.522537282152 139.833202031028 123.159735919534 115.132387681948 122.008476620214 88.053046529914 121.806178968874 109.493343989741 127.547611014175 92.120149952135 120.210575011057 128.584688731833 103.113420339626 90.4200639788037 87.696659061381 74.5004836425089 99.9111789440132 88.4270544077485 76.4977430432396 78.7074258377526 74.1100036428968 82.7543753799398 107.719604956282 127.436199193107 54.2751033457118 79.262345261524 83.3803563111442 81.0252971478768 65.505203695409 72.0273429903964 115.128950379383 154.012574986851 63.3117528440038 20.3077241033932 14.2950845874551 8.5265128291212e-14 115.014606642161 220.800670994762 175.043948269231 263.559919029005
364.870886748831 203.496617664129 190.417925511284 227.12445638494 250.521054608217 180.602648375273 189.65486817691 188.059984910163 177.121586779228 116.982358858199 193.761095825094 133.701860799435 147.482136352899 117.449166784645 100.632176163537 103.055565631221 141.761608501092 83.7214014274711 97.3342977787602 105.957709155725 119.901924988664 102.105896145508 113.29055634478 86.6075067125909 78.3638703498301 79.1458915438688 74.7225552379404 87.697875366525 84.8445378603983 77.6169492274028 99.9083623143965 102.506714703561 87.6047244763704 63.5927435459575 54.26949277044 55.5723019753554 30.7255716608267 55.9430224213598 60.5353865705459 77.3207325445837 68.6253924036647 30.8940705015161 58.188594177994 106.730744000557 144.929113412746 176.621012879073 178.712792494982 85.9238592954184 122.39513152007 188.050152082424
426.52252552441 231.987354217209 307.351341605066 274.085539701373 256.15245803007 136.81854137342 127.525959024911 118.635170090835 183.869105379058 184.781193911924 106.53032452418 119.621186507334 84.9152196170764 72.2955430120572 63.8163285825368 76.0019475900625 122.914062997967 127.449391976482 91.3442133268389 94.6845610814589 106.462713191497 82.887068184633 99.9057055188953 54.2272813219241 65.0084500406724 83.6323950660199 64.0721284426874 83.0452888210492 76.6295853095514 80.23381469101 111.753451465658 125.462259378029 67.9455291116 53.8571734512952 54.4243113253111 61.4054865540386 61.1507224473726 70.3452660515381 71.0195166310834 44.9142613273307 47.290959256111 104.179526632319 116.089301204819 60.9280914292687 141.370235848402 134.430611170495 116.796649617698 108.937911969108 149.756417272304 200.344492667591
177.618282266128 185.129896691836 220.359308930529 230.109052654276 176.198173989026 180.122481782156 178.701722985254 200.297446322177 144.08204024972 144.23501775237 122.96020425912 151.581564997477 148.023440044317 118.372869757138 77.457710509654 111.533813325879 77.5931646288407 145.328207506144 100.250312680961 81.4297270967073 90.4715193638864 100.534009961965 94.9964195920227 96.2352646366069 87.6680783960555 93.3261903157694 79.4033960352539 85.0155620738233 78.7471012015292 75.3387008312113 64.1409336729832 73.0818518510225 69.4941995931772 57.7345529947246 69.9604004947168 98.1718018867377 123.374463237546 76.973478288644 61.3467469749456 106.978254263709 92.5356454266852 83.3946914189813 143.49880445724 93.7613743820905 167.892282669826 120.080463103382 132.455478536123 112.076462323095 162.498330376159 133.405169707225
