Prepped_data/Covariate_Data/Relief/Relief_0.5.asc
NCOLS 166 
NROWS 101 
XLLCORNER -155 
YLLCORNER 22.5 
CELLSIZE 0.5 
NODATA_value -3.4e+38 
[rows 0 to 21 of 101, columns 100 to 149 of 166]
-3.4e+38 -3.4e+38 -3.4e+38 -3.4e+38 39.8696613095606 98.6131024461362 63.6505704431416 34.0491720789936 17.0195804586157 30.0413960932508 59.5541359199298 69.9188041283082 124.687273282001 132.602385885585 102.371729549267 122.747670529738 295.298897296368 152.447260877395 221.50254736787 352.902316946819 415.740741037924 416.302064222511 279.456236075487 157.653477504333 257.503001555881 248.618732495513 156.018245362808 -3.4e+38 -3.4e+38 -3.4e+38 165.866549932216 238.315839531643 209.387856292144 198.515894384518 215.871073322709 296.693639239192 423.602597621971 212.06386229809 494.175761528458 725.453575786165 776.03195908142 812.639347124748 560.738633375237 560.96477787187 567.15012027607 574.040494809257 644.834283990877 648.953150805412 619.664063562281 232.346474464758
12.5718441920154 -3.4e+38 -3.4e+38 -3.4e+38 -3.4e+38 -3.4e+38 38.9840297284764 36.0124056420506 21.3191343951789 36.6291187761199 30.9872510533729 47.948890012896 63.57700869754 54.0245325076973 129.720367608022 121.604917265579 262.499091294337 207.719324480298 -3.4e+38 240.788620246615 334.33159802498 415.671179419717 250.523446186928 0 -3.4e+38 -3.4e+38 -3.4e+38 -3.4e+38 -3.4e+38 -3.4e+38 196.857593588737 213.947496903598 175.940903574279 154.189314076467 136.240918130514 132.307413363273 229.29061264658 237.30814517846 110.994756552564 529.336363587945 415.686089383416 635.925408030084 424.024667013901 354.426762368861 553.334128251932 767.048301817341 654.359058004327 621.726570134569 548.344434568755 554.985585867163
89.6095249716901 20.2167802177767 -3.4e+38 -3.4e+38 -3.4e+38 -3.4e+38 -3.4e+38 -3.4e+38 -3.4e+38 21.2638101139132 60.2094750768213 85.7875982655301 78.6133222808536 126.649483916832 122.755134227497 125.982122476382 181.718820841353 2.81987156725264 201.36216650841 276.358254015744 248.297958006105 201.050039890304 75.7012629956377 4.33556618149849 -3.4e+38 -3.4e+38 -3.4e+38 -3.4e+38 -3.4e+38 3.40892815425264 233.029227001533 166.682249103905 136.284881117889 83.420256121237 127.437360991102 83.8672119413462 144.993316827984 215.430452981089 176.873260754048 211.452111926126 253.911515566358 190.817595252543 315.888077101683 357.984204484109 295.592232721875 270.991788610786 326.895709551059 264.424037199488 579.881903831991 636.522337987111
81.6097227543317 26.569047848482 -3.4e+38 -3.4e+38 -3.4e+38 -3.4e+38 -3.4e+38 -3.4e+38 -3.4e+38 -3.4e+38 -3.4e+38 58.9864745102863 54.5813412119724 23.615329508634 -3.4e+38 -3.4e+38 49.3611547936225 366.667217354381 362.403042055172 335.2671120188 323.429247718603 404.128216536159 483.44350505989 145.502547430806 48.161419178721 -3.4e+38 -3.4e+38 -3.4e+38 -3.4e+38 -3.4e+38 116.039464278166 191.774369369033 208.516402620377 211.53358829971 160.807368192758 161.414351918041 175.805864097607 184.086124879799 189.165792091292 90.7987000883544 100.946987205942 194.476706438828 136.684166843978 206.630844559235 300.117605297339 225.95522676054 283.272068866926 218.793497154748 257.601874263237 250.814582234081
84.9609289279669 90.6367735032927 28.7669288891481 18.2486073505966 9.06422620816458 -3.4e+38 -3.4e+38 -3.4e+38 12.2696680048602 16.4832660466472 -3.4e+38 -3.4e+38 -3.4e+38 -3.4e+38 -3.4e+38 -3.4e+38 53.3505923124977 236.793326227926 464.008144740405 417.904521270691 213.405584469637 158.548327954975 376.500227485446 503.594102205488 294.137809248733 111.267118086996 -3.4e+38 -3.4e+38 -3.4e+38 -3.4e+38 -3.4e+38 83.0574496620901 122.700408770331 135.669854502301 177.791000196661 175.813990548731 264.840478766713 297.735893714248 307.425629379333 337.14373298568 305.777419035787 184.557720112182 191.719941633547 197.270078597298 201.023945701848 167.732735934516 98.751537767586 108.676378443647 89.696674201844 219.811935493038
100.038842818196 56.7259864631915 61.657082350784 66.8654619770081 59.7952651632565 34.8604792739598 31.5652105612391 21.4759974601334 5.16304950601299 -3.4e+38 -3.4e+38 -3.4e+38 -3.4e+38 -3.4e+38 -3.4e+38 -3.4e+38 12.0034456253501 154.060603879115 167.213996642403 307.776927502241 295.148322357766 239.262709800773 453.187934292325 438.465842217614 348.470594778684 351.646411652197 210.876524361209 -3.4e+38 6.63348811712601 -3.4e+38 -3.4e+38 -3.4e+38 34.6560086782055 59.617195688429 123.537049018817 134.097979343329 245.485302376341 441.125778815138 510.816046950725 499.762735439778 418.436609004721 405.112107333396 392.61025591821 317.023423136868 274.75337745401 264.461516272585 181.296875117296 138.683387532751 141.461192263749 166.844320242572
122.700005797041 81.9293337701703 109.238615979201 58.4804565043125 55.5960604953216 26.8129610103074 36.6125845946317 30.9590519178409 11.7873635123444 -3.4e+38 -3.4e+38 -3.4e+38 3.39398482602281 56.782440804973 58.3629802869597 42.4374579004016 25.5199802952918 62.4579415211106 131.844093507525 188.601516321272 199.61104257903 265.843726423142 182.438254926959 129.304853370282 180.953122870185 159.255992020212 95.3860248752259 121.81904256027 37.7870732430041 13.4449433002413 -3.4e+38 -3.4e+38 -3.4e+38 -3.4e+38 -3.4e+38 -3.4e+38 -3.4e+38 -3.4e+38 19.0594826482114 365.380232948947 394.560452239013 441.752500879678 305.800436435568 204.855928268147 160.534738259135 182.956332906485 123.676624239338 201.779946502638 88.7474663729305 72.3832262749202
100.163636941785 62.231295059759 71.6098048673859 70.1453448015127 60.9580624456081 56.8791206279625 29.3244062333736 15.1325336850946 3.96053433781276 15.8480696211959 3.60316016722043 29.9821523768526 32.6920837998085 45.1550550033723 57.7103054189804 51.7088934595126 82.2877330433229 61.7475028507563 27.5994197484099 37.0921657418571 -3.4e+38 175.610178719562 169.99191003681 175.184778908916 160.82257221161 106.733776035653 173.185326615116 231.332751160955 180.560962253015 58.6554875005067 34.7203828605441 89.3014497824181 70.5767710043928 -3.4e+38 -3.4e+38 -3.4e+38 -3.4e+38 -3.4e+38 -3.4e+38 305.325000795862 422.599569087414 342.841583601028 195.930363460331 257.884353752106 144.938957596944 88.5681317886367 71.9497640461793 27.2346472905045 -3.4e+38 13.3723186081341
89.6220361005462 59.8992485495617 85.704646628675 78.9890265696231 54.4415836496089 38.9021410989198 39.0844484512176 -3.4e+38 25.86932478004 29.0338202689886 0 14.2847742005188 32 30.1447310649884 111.058707447003 89.7175528940369 61.6533145255553 55.2909764206739 31.7136564084334 38.2582909746796 13.7198502378394 23.2104176674655 30.0484106540785 80.1025249262349 211.986660808935 177.084635516142 203.952545460417 206.630043991708 187.194894893461 58.3425128182831 184.12617489487 88.7055769143897 150.87673903991 150.984042296118 34.5295810121123 -3.4e+38 -3.4e+38 -3.4e+38 272.123726176324 396.977496029546 388.797268964939 385.284506824638 234.58910098855 201.879281208493 257.394385028401 66.8431377324277 40 26.8868140147123 -3.4e+38 -3.4e+38
96.6767394481958 38.5303059918507 7.1578663925173 20.5940603575599 -3.4e+38 -3.4e+38 -3.4e+38 -3.4e+38 9.78433848595318 24.7064686445598 -3.4e+38 1 32.9871369903071 56.6784852412367 52.4492005930229 57.3667850680027 54.5496825472333 26.9100543544027 0.568348210783245 23.2007326546972 29.3622903914543 57.7979941648985 119.91889815071 140.741536081813 178.048307895329 243.964100539617 224.578456957844 229.660562841972 222.914459796358 185.19382290476 269.576455413713 140.697471396898 134.579178317291 151.974261900134 43.3655090844139 17.264637060846 49.3417788726793 35.1559272082974 379.21143969139 221.352845576351 199.300697447111 212.831138841675 228.95694724533 221.052891199357 367.428734587413 236.211823703627 26.5827699698437 -3.4e+38 -3.4e+38 -3.4e+38
84.0154238089012 103.15228805241 119.316549780741 73.1506535583714 53.3209905924769 74.8536794268907 35.9355800939077 55.556332330058 44.5121878901976 58.168386997699 39.4924686852387 39.3009964643611 40.4154472993222 53.1361861234771 38.3124087654068 56.4478086205168 54.6731983408441 47.4754674963217 13.5673780884081 167.589442210289 190.415224855451 183.786167240895 225.50165711656 246.306590197078 296.888064746219 197.816264083837 176.48786281306 227.525946305883 281.590071880369 288.09700492861 254.425835155701 238.816278895591 375.386430402458 364.457214180734 113.994455310129 -3.4e+38 62.1207937500832 299.372056472483 361.320042448782 181.25099306352 148.214690466942 188.16014685916 207.89188925614 174.846042526652 187.101441458603 299.768134860553 272.738527015503 101.874850744701 -3.4e+38 -3.4e+38
101.016943640337 110.524603575903 114.331616658931 92.0225286820989 98.994570409479 126.001477404839 95.2556911679117 95.6091182764036 76.0586805946185 91.5033454487171 82.7583404810328 85.3151758688468 70.800906839707 63.6582441185622 82.4228801834818 84.7639797626784 70.8909740934735 53.0932238303849 48.4088722119674 150.406815775326 263.541343599679 280.012699146248 283.940347616552 201.786788527205 243.704141733435 242.156122539236 214.17990813029 215.802365505696 178.602907838408 283.82424240068 287.122784249621 208.300503987266 254.903495925325 296.368214865797 266.786201372327 125.226718405517 146.817853913413 337.511419445183 314.564965812425 364.589063099196 367.113858807899 237.489920876786 141.546535303363 142.637971092229 133.131822171353 204.761706993035 245.355604714718 122.041003137165 -3.4e+38 -3.4e+38
95.9426553744748 90.929134112941 70.6823700859584 73.1319507499618 61.8562011856527 84.6281682858586 84.2870677513905 74.9202052976219 81.8592414512213 78.4937133277215 65.6360185521611 63.2474325180624 82.8642933387032 75.9973264009281 65.4273923855677 85.1263629759563 80.0881451772021 122.476029098859 113.475745149151 290.93867564696 145.56560438855 123.406659554976 150.267516779146 263.045474051889 285.508523521554 190.237621545474 203.120292047063 201.519110134822 139.026818879902 148.112128013148 207.812804241781 156.308424525498 214.397605395734 309.168512710069 297.860436275654 225.087212955148 132.965630485728 296.530746009702 283.347443164459 301.467185873685 337.316556747084 245.076893216812 302.861003893817 276.317782537105 240.284238556726 190.246724460524 35.0158671769159 0 -3.4e+38 -3.4e+38
95.5051160495965 92.1642585585278 66.9140713481899 54.1958964690918 70.6435359389959 55.0305926418514 47.7841770722902 54.1466285448595 43.3067331914577 43.8450334644211 52.9679046973366 50.4375537835306 39.2566513934966 76.83984935974 93.0175927463245 129.295448834889 138.856341140793 184.226095215788 194.555355361553 207.713966135792 210.999736186737 114.75790049929 95.7001069897622 136.204039524082 157.626458629912 211.842585353836 227.940012677083 279.280415189241 359.706576490318 438.759615083233 427.962592547246 251.285462368458 181.272859124934 174.304461923022 115.315317025233 107.732089935894 172.928750812433 168.357852938546 34.0686099287657 229.346176053117 256.262682476245 263.438917380953 245.972139574934 159.193524862999 15.3350769851788 -3.4e+38 -3.4e+38 -3.4e+38 -3.4e+38 -3.4e+38
93.1167085137026 86.8662944162205 74.7191195734003 83.0283565079834 62.9571054406603 62.9170259276037 76.6020560067028 80.9782580573834 75.5495612008548 82.062286070287 49.8610666557626 56.9764883914147 77.1723478470514 91.9544796228488 85.6094302720977 176.101430350361 132.293060709431 138.721633836853 100.855025813099 149.357467148586 147.207973717318 116.077717922368 131.383905598065 185.890762376494 144.387166093029 173.13264947169 302.338466142798 467.660705601821 467.350963119711 460.403192853981 464.621719907921 337.480092696086 349.68209715258 312.974686375684 194.90737762456 215.582123581235 151.175148329118 61.1491492268298 35.01078589134 219.154827248835 250.182258733672 126.859996502693 162.968211200377 136.972611671519 -3.4e+38 -3.4e+38 -3.4e+38 -3.4e+38 -3.4e+38 -3.4e+38
125.070991069659 119.555163998514 105.214976020761 98.1652817204971 67.687896806255 77.0779227501667 101.07459520001 111.100275156708 115.164021451363 125.616308396525 84.7360518011265 92.4915688660481 99.9909997349801 86.8248975505502 146.741163693341 124.090076466599 106.207978040373 76.8648247086632 94.2353797380351 115.543031203547 163.290667685654 138.896445600617 108.433170637601 154.332252324615 159.648712827381 145.110308245933 169.588821563881 188.373644804149 235.196986661331 250.326008572314 181.5478985413 357.159755669979 307.091671918056 258.730916227663 195.423814969353 128.153010140842 4.96254602292285 63.4050634095637 78.4484865815772 93 328.461898198419 393.65042053958 300.839431465778 338.28924769637 -3.4e+38 -3.4e+38 -3.4e+38 -3.4e+38 -3.4e+38 -3.4e+38
129.156047387259 101.40586660439 140.29546664711 118.552418356543 146.28467364064 184.484608129302 178.227873316256 180.122064483557 179.711627166392 213.888497019109 194.398335369245 122.802233636727 116.622056136545 157.896494320725 185.471940595509 111.705774333447 132.29676641699 136.458440703847 115.106984713828 101.82579714294 99.7207440488685 157.277817563291 127.990354264003 91.3130459133182 86.4786500684116 124.40037877573 127.360905258428 160.248140562652 204.191197601632 289.076609515919 228.76795259489 226.318195000656 99.7956400126451 156.622541242132 196.797942728771 81.7280058309069 -3.4e+38 59.1150043434162 51.8259852053145 40.3750733041416 365.899487419433 198.624444708885 274.576256471867 529.897404440064 458.743234279593 328.768500915431 149.685214651209 -3.4e+38 -3.4e+38 -3.4e+38
100.394850432168 154.796274032602 191.517466632506 127.343916428897 131.660152590932 126.077515024179 256.385294307871 240.483962337884 111.904062789529 136.396344658647 156.815965803926 180.272442521749 127.34611449294 133.769317478509 142.488053292231 159.603003011244 144.930558113108 107.400565761501 107.896007292653 103.668836823847 104.054889078855 102.285353208547 113.43101324478 111.349050730682 119.758716469037 72.5311278901836 97.8501880820197 105.352052394803 110.326672469407 166.622725639689 165.27468373392 177.831091303235 216.964344913307 139.612324241006 76.9491322375602 -3.4e+38 -3.4e+38 42.853078210301 69.4659547050485 87.5035238392225 283.691116984221 368.186521650853 341.272166400929 361.714930645953 427.621355014001 307.318052244141 210.492077712912 111.792097443034 52.1109097084257 -3.4e+38
204.035962334111 184.680535051592 225.324920815657 205.99596261456 231.751555759619 189.743157879317 138.019120667622 123.092517571975 94.1023803443964 127.895320120692 171.28769085644 185.440821544742 116.38523295471 142.8099451371 107.909525386389 164.982746054399 178.10426099782 118.385146454301 125.222661955869 129.804541711922 122.887334156957 102.869905311415 101.994387529265 77.4577237518124 96.4745438907929 85.1395128425012 117.695625080414 112.325863908733 90.722315382111 55.7919119989505 10.7745991451178 1.64558790604047 -3.4e+38 -3.4e+38 -3.4e+38 29.566912087822 54.9588423555051 22.7833469283326 92.0776041357852 129.595626643923 123.149360830602 121.479729748394 88.8733719431616 12.962306616833 12.3488570079589 22.3479056969645 79.8552607908521 144.586905270674 157.772779254114 122.614525867746
150.252355363561 159.390236983593 162.654304388109 128.589161186691 139.135735211979 71.1772077683793 88.7123200035784 58.9717081658804 102.164810885123 66.170302460437 68.6338467700284 147.939547987693 171.503055386953 119.807897104086 139.588922930707 77.3577512542723 76.131573572186 73.5267624950404 75.557755691394 81.9778463995868 54.9750552488969 47.4459520559589 81.5035664242153 96.3621088359566 52.3376284286972 82.9954078483507 258.909509419805 240.492756193343 103.845292491296 -3.4e+38 -3.4e+38 -3.4e+38 -3.4e+38 -3.4e+38 -3.4e+38 -3.4e+38 -3.4e+38 -3.4e+38 97.474600544918 135.428200906831 104.00941100756 5.02832299717722 0 -3.4e+38 0 -3.4e+38 -3.4e+38 31.3790489667084 0 -3.4e+38
110.197711350698 120.166686740177 131.884599369026 131.580203860959 78.5958102129835 89.7701164260299 57.1351939497989 77.8405891764551 86.0634917404043 66.4508841114414 51.2674313227229 71.321607508228 170.857737895784 83.0632866893709 65.0693918233544 84.8670765985299 106.870764284122 99.2138239613249 75.0439626248855 83.9964011719425 71.6166611038764 62.0671271728012 81.9646063443921 71.6878318393923 65.2850094613647 76.9113503624936 140.144488743958 146.987507110523 17.3475773773048 -3.4e+38 -3.4e+38 -3.4e+38 -3.4e+38 -3.4e+38 -3.4e+38 -3.4e+38 -3.4e+38 -3.4e+38 -3.4e+38 -3.4e+38 -3.4e+38 -3.4e+38 39.9072276715925 96.891402920296 96.0086673733017 162.541066044766 142.131726228475 -3.4e+38 -3.4e+38 -3.4e+38
123.065445430064 88.5835814263901 90.697632159209 67.4620652900801 65.123483831131 66.4617523056519 112.887144324439 90.7265280497112 77.9878436983936 41.4902691707516 44.7841559343898 63.1299940353079 117.11367049619 81.9927542793269 81.8812442007403 84.0491938680394 93.0709724144308 109.603085420286 112.156106319509 56.357216838274 47.3807044454503 80.5138225596918 87.7963029322057 88.1959721358813 48.3496833315172 2.22044604925031e-16 -3.4e+38 -3.4e+38 -3.4e+38 -3.4e+38 -3.4e+38 -3.4e+38 -3.4e+38 -3.4e+38 -3.4e+38 -3.4e+38 -3.4e+38 -3.4e+38 -3.4e+38 -3.4e+38 -3.4e+38 -3.4e+38 48.375438972149 82.0969809515281 83.1396864109983 0 -3.4e+38 -3.4e+38 -3.4e+38 43.2247468264373
