Data/Covariate_Data/Formatted/PalaeoClimate/CampPrecip_1.asc
NCOLS 360 
NROWS 180 
XLLCORNER -180 
YLLCORNER -90 
CELLSIZE 1 
NODATA_value -9999 
[rows 144 to 161 of 180, columns 205 to 245 of 360]
3.36739140038844e-05 3.38486061082222e-05 3.44569452863652e-05 3.50652844645083e-05 3.56736236426514e-05 3.59298028342891e-05 3.58338256774005e-05 3.5737844882533e-05 3.56418640876655e-05 3.54383737430908e-05 3.51990456692874e-05 3.49597175954841e-05 3.47203895216808e-05 3.47848144883756e-05 3.48492394550703e-05 3.49136644217651e-05 3.48905050486792e-05 3.46045890182722e-05 3.43186729878653e-05 3.40327533194795e-05 3.39387370331679e-05 3.40366204909515e-05 3.41345003107563e-05 3.42323837685399e-05 3.46883171005175e-05 3.52636052411981e-05 3.58388933818787e-05 3.64141815225594e-05 3.67173561244272e-05 3.70205343642738e-05 3.73237089661416e-05 3.76844691345468e-05 3.82179641746916e-05 3.87514628528152e-05 3.92849615309387e-05 3.95215902244672e-05 3.94613525713794e-05 3.94011112803128e-05 3.93408699892461e-05 3.93051050195936e-05 3.92775000364054e-05
3.39970029017422e-05 3.41424529324286e-05 3.45866465067957e-05 3.50308400811628e-05 3.5475030017551e-05 3.55613992724102e-05 3.52899405697826e-05 3.50184855051339e-05 3.47470268025063e-05 3.44601903634612e-05 3.4168224374298e-05 3.38762620231137e-05 3.35842960339505e-05 3.37089113600086e-05 3.3833523048088e-05 3.39581383741461e-05 3.39961297868285e-05 3.37742640112992e-05 3.35523945977911e-05 3.3330525184283e-05 3.32371419062838e-05 3.32722374878358e-05 3.33073330693878e-05 3.33424286509398e-05 3.3760803489713e-05 3.43069368682336e-05 3.48530702467542e-05 3.53992036252748e-05 3.56282980646938e-05 3.5857388866134e-05 3.6086483305553e-05 3.63099898095243e-05 3.65167434210889e-05 3.67234970326535e-05 3.69302470062394e-05 3.72434988094028e-05 3.76632488041651e-05 3.80829987989273e-05 3.85027487936895e-05 3.86103347409517e-05 3.86138708563522e-05
3.3776399504859e-05 3.39191319653764e-05 3.41407649102621e-05 3.43624014931265e-05 3.4584038075991e-05 3.44854815921281e-05 3.4066728403559e-05 3.36479788529687e-05 3.32292293023784e-05 3.30132461385801e-05 3.28648566210177e-05 3.27164634654764e-05 3.25680739479139e-05 3.26901208609343e-05 3.28121714119334e-05 3.29342219629325e-05 3.29755166603718e-05 3.27745437971316e-05 3.25735745718703e-05 3.23726017086301e-05 3.22555461025331e-05 3.22224077535793e-05 3.21892657666467e-05 3.21561274176929e-05 3.24716602335684e-05 3.2903415558394e-05 3.33351745211985e-05 3.37669298460241e-05 3.39375546900555e-05 3.4108179534087e-05 3.42788043781184e-05 3.44701984431595e-05 3.4723892895272e-05 3.49775873473845e-05 3.52312817994971e-05 3.55481497535948e-05 3.59281948476564e-05 3.63082399417181e-05 3.66882850357797e-05 3.68115797755308e-05 3.68492910638452e-05
3.3555792469997e-05 3.36958073603455e-05 3.36948869517073e-05 3.36939665430691e-05 3.36930461344309e-05 3.34095602738671e-05 3.28435162373353e-05 3.22774722008035e-05 3.17114281642716e-05 3.15663055516779e-05 3.15614852297585e-05 3.1556668545818e-05 3.15518482238986e-05 3.16713339998387e-05 3.17908197757788e-05 3.19103055517189e-05 3.19548998959363e-05 3.17748272209428e-05 3.15947545459494e-05 3.14146782329772e-05 3.12739539367612e-05 3.11725780193228e-05 3.10712021018844e-05 3.0969826184446e-05 3.11825169774238e-05 3.14998942485545e-05 3.1817275157664e-05 3.21346560667735e-05 3.22468149533961e-05 3.23589702020399e-05 3.24711290886626e-05 3.26304070767947e-05 3.29310423694551e-05 3.32316776621155e-05 3.3532312954776e-05 3.38528006977867e-05 3.41931408911478e-05 3.45334810845088e-05 3.48738212778699e-05 3.501282481011e-05 3.5084714909317e-05
3.21595362038352e-05 3.21660700137727e-05 3.20982398989145e-05 3.20304097840562e-05 3.1962579669198e-05 3.1756851967657e-05 3.14132266794331e-05 3.10696013912093e-05 3.07259761029854e-05 3.0617829906987e-05 3.05881767417304e-05 3.05585272144526e-05 3.0528874049196e-05 3.05664725601673e-05 3.06040674331598e-05 3.06416659441311e-05 3.06256806652527e-05 3.04489476548042e-05 3.02722164633451e-05 3.0095485271886e-05 3.00106021313695e-05 3.00175706797745e-05 3.00245374091901e-05 3.00315041386057e-05 3.02462631225353e-05 3.05302855849732e-05 3.08143098664004e-05 3.10983305098489e-05 3.12627453240566e-05 3.14271601382643e-05 3.1591574952472e-05 3.17886115226429e-05 3.20835097227246e-05 3.2378411560785e-05 3.26733133988455e-05 3.29543181578629e-05 3.32214258378372e-05 3.34885335178114e-05 3.37556411977857e-05 3.3940883440664e-05 3.40988408424892e-05
3.07632762996946e-05 3.06363326671999e-05 3.05015928461216e-05 3.03668530250434e-05 3.02321132039651e-05 3.01041400234681e-05 2.99829334835522e-05 2.98617287626257e-05 2.97405222227098e-05 2.96693560812855e-05 2.96148718916811e-05 2.95603858830873e-05 2.95058998744935e-05 2.94616074825171e-05 2.94173150905408e-05 2.93730245175539e-05 2.92964577965904e-05 2.9123069907655e-05 2.89496801997302e-05 2.87762923107948e-05 2.87472521449672e-05 2.88625633402262e-05 2.89778727164958e-05 2.90931839117547e-05 2.93100110866362e-05 2.95606751024025e-05 2.98113409371581e-05 3.00620067719137e-05 3.02786775137065e-05 3.04953482554993e-05 3.07120208162814e-05 3.09468159684911e-05 3.12359807139728e-05 3.15251490974333e-05 3.1814313842915e-05 3.2055835617939e-05 3.22497107845265e-05 3.24435859511141e-05 3.26374611177016e-05 3.28689457091969e-05 3.31129704136401e-05
2.92450840788661e-05 2.90228999801911e-05 2.88755836663768e-05 2.87282673525624e-05 2.85809528577374e-05 2.85567475657444e-05 2.86556532955728e-05 2.87545590254012e-05 2.88534647552297e-05 2.8896824005642e-05 2.89216677629156e-05 2.89465115201892e-05 2.89713552774629e-05 2.90774769382551e-05 2.91835985990474e-05 2.92897220788291e-05 2.95400750474073e-05 3.0223129215301e-05 3.09061797452159e-05 3.1589235732099e-05 3.18351922032889e-05 3.16440564347431e-05 3.14529206661973e-05 3.12617848976515e-05 3.0861181585351e-05 3.0390754545806e-05 2.99203275062609e-05 2.94499004667159e-05 2.96153848466929e-05 2.97808674076805e-05 2.99463517876575e-05 3.01159343507607e-05 3.02978114632424e-05 3.04796885757241e-05 3.06615656882059e-05 3.08130402117968e-05 3.0934108508518e-05 3.1055180443218e-05 3.11762487399392e-05 3.13575619657058e-05 3.15589604724664e-05
2.76049577223603e-05 2.73257737717358e-05 2.72202141786693e-05 2.71146564045921e-05 2.70090968115255e-05 2.71146727754967e-05 2.74313806585269e-05 2.77480903605465e-05 2.80648000625661e-05 2.83002300420776e-05 2.85085661744233e-05 2.87169041257584e-05 2.89252402581042e-05 2.94140791083919e-05 2.99029179586796e-05 3.03917568089673e-05 3.13565324177034e-05 3.37491255777423e-05 3.61417187377811e-05 3.85343118978199e-05 3.92744223063347e-05 3.83620499633253e-05 3.7449677620316e-05 3.65373052773066e-05 3.48997709807009e-05 3.30205184582155e-05 3.1141269573709e-05 2.92620152322343e-05 2.92728673230158e-05 2.9283717594808e-05 2.92945696855895e-05 2.92959666694514e-05 2.92690001515439e-05 2.92420354526257e-05 2.92150689347181e-05 2.92259319394361e-05 2.92746226477902e-05 2.93233133561443e-05 2.93720040644985e-05 2.94067358481698e-05 2.94368146569468e-05
2.59648313658545e-05 2.56286457442911e-05 2.55648446909618e-05 2.55010436376324e-05 2.5437242584303e-05 2.5672597985249e-05 2.62071098404704e-05 2.67416235146811e-05 2.72761353699025e-05 2.77036360785132e-05 2.80954664049204e-05 2.84872949123383e-05 2.88791252387455e-05 2.97506812785287e-05 3.06222354993225e-05 3.14937933580951e-05 3.31729897879996e-05 3.72751237591729e-05 4.13772577303462e-05 4.54793917015195e-05 4.67136524093803e-05 4.50800434919074e-05 4.34464345744346e-05 4.18128256569617e-05 3.89383640140295e-05 3.56502860086039e-05 3.23622080031783e-05 2.90741299977526e-05 2.89303479803494e-05 2.87865677819355e-05 2.86427857645322e-05 2.84759989881422e-05 2.82401888398454e-05 2.80043805105379e-05 2.77685721812304e-05 2.76388236670755e-05 2.76151349680731e-05 2.75914462690707e-05 2.75677593890578e-05 2.74559079116443e-05 2.73146688414272e-05
2.61499626503792e-05 2.58558138739318e-05 2.57716692431131e-05 2.56875246122945e-05 2.56033799814759e-05 2.57064148172503e-05 2.59966291196179e-05 2.6286841602996e-05 2.65770559053635e-05 2.73474270215956e-05 2.82778528344352e-05 2.92082768282853e-05 3.01387008221354e-05 3.35780750901904e-05 3.70174493582454e-05 4.04568199883216e-05 4.35813053627499e-05 4.57611240562983e-05 4.79409427498468e-05 5.01207614433952e-05 5.05101561429911e-05 4.91091268486344e-05 4.77080975542777e-05 4.6307068259921e-05 4.3735755753005e-05 4.07743500545621e-05 3.78129443561193e-05 3.48515386576765e-05 3.33662792399992e-05 3.18810234603007e-05 3.03957676806022e-05 2.91766264126636e-05 2.87558323179837e-05 2.83350364043145e-05 2.79142404906452e-05 2.78231364063686e-05 2.80617241514847e-05 2.83003118966008e-05 2.85388978227275e-05 2.94402452709619e-05 3.05625108012464e-05
2.63350939349039e-05 2.60829838225618e-05 2.59784956142539e-05 2.5874007405946e-05 2.57695191976381e-05 2.57402316492517e-05 2.5786146579776e-05 2.58320615103003e-05 2.58779764408246e-05 2.69912197836675e-05 2.84602374449605e-05 2.9929256925243e-05 3.1398274586536e-05 3.74054689018521e-05 4.34126595791895e-05 4.94198502565268e-05 5.39896209375001e-05 5.42471243534237e-05 5.45046277693473e-05 5.47621311852708e-05 5.4306656238623e-05 5.31382102053612e-05 5.19697605341207e-05 5.0801314500859e-05 4.85331511299592e-05 4.58984141005203e-05 4.32636807090603e-05 4.06289436796214e-05 3.78022123186383e-05 3.49754809576552e-05 3.21487495966721e-05 2.98772556561744e-05 2.92714739771327e-05 2.8665692298091e-05 2.80599106190493e-05 2.80074509646511e-05 2.85083133348962e-05 2.90091757051414e-05 2.95100380753866e-05 3.14245808112901e-05 3.38103527610656e-05
2.77489143627463e-05 2.75930669886293e-05 2.70631499006413e-05 2.65332328126533e-05 2.60033157246653e-05 2.56693438132061e-05 2.55313152592862e-05 2.53932848863769e-05 2.52552563324571e-05 2.62497651419835e-05 2.76217851933325e-05 2.89938052446814e-05 3.03658252960304e-05 3.59934092557523e-05 4.16209913964849e-05 4.72485735372175e-05 5.14298990310635e-05 5.12724473082926e-05 5.11149955855217e-05 5.09575438627508e-05 5.06385003973264e-05 5.01578579132911e-05 4.96772190672345e-05 4.9196580221178e-05 4.80402195535135e-05 4.66586243419442e-05 4.5277029130375e-05 4.3895430280827e-05 4.09909953305032e-05 3.80865603801794e-05 3.51821217918769e-05 3.26451445289422e-05 3.12105439661536e-05 2.97759434033651e-05 2.83413428405765e-05 2.80732274404727e-05 2.89715972030535e-05 2.98699669656344e-05 3.07683367282152e-05 3.35527256538626e-05 3.69657900591847e-05
3.03914257528959e-05 3.0386067010113e-05 2.90256357402541e-05 2.76652044703951e-05 2.63047732005361e-05 2.54937494901242e-05 2.52321315201698e-05 2.49705135502154e-05 2.4708895580261e-05 2.51230630965438e-05 2.57624906225828e-05 2.64019199676113e-05 2.70413474936504e-05 2.93418943329016e-05 3.16424411721528e-05 3.39429861924145e-05 3.59021360054612e-05 3.6837092920905e-05 3.77720498363487e-05 3.87070067517925e-05 3.95056849811226e-05 4.01680772483815e-05 4.08304731536191e-05 4.14928654208779e-05 4.22569719376042e-05 4.30549807788339e-05 4.38529896200635e-05 4.4650998461293e-05 4.29326282755937e-05 4.12142580898944e-05 3.94958915421739e-05 3.74802984879352e-05 3.45730441040359e-05 3.16657933581155e-05 2.87585371552268e-05 2.80204658338334e-05 2.94515757559566e-05 3.08826856780797e-05 3.23137974191923e-05 3.58246797986794e-05 4.00288190576248e-05
3.30339353240561e-05 3.31790652126074e-05 3.09881215798669e-05 2.87971761281369e-05 2.6606230676407e-05 2.53181533480529e-05 2.49329477810534e-05 2.45477422140539e-05 2.4162534828065e-05 2.3996361051104e-05 2.39031978708226e-05 2.38100346905412e-05 2.37168715102598e-05 2.26903812290402e-05 2.16638909478206e-05 2.0637400666601e-05 2.03743747988483e-05 2.24017403525067e-05 2.44291040871758e-05 2.64564696408343e-05 2.83728677459294e-05 3.01782965834718e-05 3.19837236020248e-05 3.37891542585567e-05 3.64737206837162e-05 3.94513372157235e-05 4.24289501097519e-05 4.54065666417591e-05 4.48742648586631e-05 4.43419594375882e-05 4.38096576544922e-05 4.23154524469282e-05 3.79355478798971e-05 3.35556396748871e-05 2.91757332888665e-05 2.79677042271942e-05 2.99315543088596e-05 3.18954043905251e-05 3.38592544721905e-05 3.80966303055175e-05 4.30918516940437e-05
3.01170712191379e-05 2.9247197744553e-05 2.78900806733873e-05 2.6532965421211e-05 2.51758483500453e-05 2.41243433265481e-05 2.33784485317301e-05 2.26325555559015e-05 2.18866607610835e-05 2.16514727071626e-05 2.1586516595562e-05 2.15215623029508e-05 2.14566080103396e-05 2.08161873160861e-05 2.01757666218327e-05 1.95353459275793e-05 1.93644136743387e-05 2.06019467441365e-05 2.18394798139343e-05 2.30770147027215e-05 2.47792995651253e-05 2.6946336220135e-05 2.91133728751447e-05 3.12804113491438e-05 3.32963754772209e-05 3.52619827026501e-05 3.72275935660582e-05 3.91932007914875e-05 3.78179138351697e-05 3.6442626878852e-05 3.50673399225343e-05 3.35658514813986e-05 3.16857658617664e-05 2.98056766041555e-05 2.79255891655339e-05 2.79834275715984e-05 2.99791936413385e-05 3.19749597110786e-05 3.39707257808186e-05 3.53207979060244e-05 3.6455639929045e-05
2.72002071142197e-05 2.53153302764986e-05 2.47920415858971e-05 2.4268754714285e-05 2.37454660236835e-05 2.2930531486054e-05 2.18239492824068e-05 2.07173688977491e-05 1.9610786694102e-05 1.93065825442318e-05 1.92698371392908e-05 1.92330917343497e-05 1.91963445104193e-05 1.89419934031321e-05 1.86876422958449e-05 1.84332911885576e-05 1.83544525498291e-05 1.88021549547557e-05 1.92498555406928e-05 1.96975579456193e-05 2.11857313843211e-05 2.37143758567981e-05 2.62430203292752e-05 2.87716666207416e-05 3.01190284517361e-05 3.10726318275556e-05 3.20262333843857e-05 3.29798385791946e-05 3.07615664496552e-05 2.85432943201158e-05 2.63250240095658e-05 2.48162523348583e-05 2.54359838436358e-05 2.60557135334238e-05 2.66754450422013e-05 2.79991509160027e-05 3.00268347928068e-05 3.2054515031632e-05 3.40822007274255e-05 3.25449655065313e-05 2.98194299830357e-05
2.49735749093816e-05 2.29476190725109e-05 2.26431948249228e-05 2.23387705773348e-05 2.20343463297468e-05 2.13555140362587e-05 2.03022755158599e-05 1.92490351764718e-05 1.81957966560731e-05 1.77744514076039e-05 1.75637360371184e-05 1.73530224856222e-05 1.7142308934126e-05 1.71697520272573e-05 1.71971951203886e-05 1.72246400325093e-05 1.72469081007876e-05 1.72536510945065e-05 1.72603959072148e-05 1.72671389009338e-05 1.83296306204284e-05 2.04478710656986e-05 2.25661096919794e-05 2.46843501372496e-05 2.584343747003e-05 2.66828064923175e-05 2.75221773335943e-05 2.83615463558817e-05 2.58856580330757e-05 2.34097697102698e-05 2.09338832064532e-05 1.94157219084445e-05 2.07707435038174e-05 2.21257650991902e-05 2.34807885135524e-05 2.510828380764e-05 2.70082564384211e-05 2.89082272502128e-05 3.08081980620045e-05 2.83831686829217e-05 2.45164701482281e-05
2.34371746046236e-05 2.21440677705687e-05 2.14435403904645e-05 2.07430148293497e-05 2.00424874492455e-05 1.93992909771623e-05 1.88134235941106e-05 1.8227556211059e-05 1.76416888280073e-05 1.70550774782896e-05 1.64682169270236e-05 1.5881358194747e-05 1.5294497643481e-05 1.5499463188462e-05 1.57044269144535e-05 1.59093924594345e-05 1.60417821462033e-05 1.59564388013678e-05 1.58710972755216e-05 1.57857557496754e-05 1.62109954544576e-05 1.71468182088574e-05 1.80826409632573e-05 1.90184637176571e-05 2.04696007131133e-05 2.20925103349146e-05 2.37154181377264e-05 2.53383277595276e-05 2.31901904044207e-05 2.10420530493138e-05 1.88939175131964e-05 1.73642602021573e-05 1.76900466613006e-05 1.80158313014545e-05 1.83416159416083e-05 1.93108262465103e-05 2.09234603971709e-05 2.25360945478315e-05 2.4148728698492e-05 2.28354037972167e-05 2.05467586056329e-05
