Data/Covariate_Data/Formatted/PalaeoClimate/CampPrecip_1.asc
NCOLS 360 
NROWS 180 
XLLCORNER -180 
YLLCORNER -90 
CELLSIZE 1 
NODATA_value -9999 
[rows 90 to 107 of 180, columns 287 to 327 of 360]
0.000145942700328305 0.00015170345432125 0.00013800423766952 0.000117818373837508 9.76325027295388e-05 7.7446638897527e-05 7.57652887841687e-05 7.40839386708103e-05 7.24025958334096e-05 7.21241740393452e-05 7.60545517550781e-05 7.99849221948535e-05 8.39152999105863e-05 8.89111470314675e-05 9.49724781094119e-05 0.000101033801911399 0.000107095132989343 9.27531000343154e-05 7.16099530109204e-05 5.04667987115681e-05 2.93236462312053e-05 3.88961016142275e-05 4.84685551782604e-05 5.80410087422933e-05 6.70729787088931e-05 7.44835124351084e-05 8.18940461613238e-05 8.93045798875391e-05 9.57587035372853e-05 0.000101256409834605 0.000106754123407882 0.000112251836981159 0.000115480332169682 0.000117952426080592 0.000120424519991502 0.000122896613902412 0.000124627273180522 0.000126357932458632 0.000128088577184826 0.000129284017020836 0.000128873754874803
0.000133291236124933 0.000136355753056705 0.000128287400002591 0.000116508112114388 0.000104728824226186 9.29495290620252e-05 9.64587015914731e-05 9.99678741209209e-05 0.000103477046650369 0.000103663078334648 9.38796874834225e-05 8.40963039081542e-05 7.43129203328863e-05 7.04436097294092e-05 7.24883793736808e-05 7.45331417419948e-05 7.65779113862664e-05 7.01419849065134e-05 6.08791560807731e-05 5.1616327255033e-05 4.23535020672717e-05 4.98584886372555e-05 5.73634715692606e-05 6.48684581392445e-05 7.22381155355833e-05 7.92017744970508e-05 8.61654334585182e-05 9.31290851440281e-05 0.000100026714790147 0.000106858315120917 0.000113689915451687 0.000120521508506499 0.000124780606711283 0.000128182204207405 0.000131583801703528 0.000134985413751565 0.000130227315821685 0.000125469217891805 0.000120711127237882 0.000118399104394484 0.000123425284982659
0.00012063977192156 0.000121008037240244 0.00011857056961162 0.000115197850391269 0.000111825138446875 0.000108452419226523 0.000117152114398777 0.000125851802295074 0.00013455149019137 0.000135201975353993 0.000111704830487724 8.8207685621455e-05 6.47105407551862e-05 5.19760687893722e-05 5.00042769999709e-05 4.80324852105695e-05 4.60606934211683e-05 4.75308661407325e-05 5.01483627886046e-05 5.27658594364766e-05 5.53833560843487e-05 6.08208756602835e-05 6.62583915982395e-05 7.16959111741744e-05 7.7403245086316e-05 8.39200292830355e-05 9.04368134797551e-05 9.69535976764746e-05 0.000104294733318966 0.000112460220407229 0.000120625700219534 0.000128791187307797 0.000134080881252885 0.000138411996886134 0.000142743097967468 0.000147074199048802 0.000135827358462848 0.000124580517876893 0.000113333677290939 0.00010751419904409 0.000117976822366472
0.000104180362541229 0.000104128303064499 0.000102494348539039 0.000100333098089322 9.81718476396054e-05 9.60105899139307e-05 9.94900838122703e-05 0.000102969570434652 0.000106449064332992 0.000105300336144865 9.02669416973367e-05 7.52335399738511e-05 6.02001491643023e-05 5.24145616509486e-05 5.18767883477267e-05 5.13390150445048e-05 5.08012417412829e-05 5.08243865624536e-05 5.10345089423936e-05 5.12446313223336e-05 5.14547537022737e-05 5.81648746447172e-05 6.4874991949182e-05 7.15851128916256e-05 7.84536605351605e-05 8.5797488281969e-05 9.31413160287775e-05 0.000100485143775586 0.000107366446172819 0.000113785223220475 0.000120204000268131 0.000126622777315788 0.000130881904624403 0.000134421134134755 0.000137960363645107 0.000141499593155459 0.000133639536215924 0.000125779464724474 0.000117919385957066 0.000113758556835819 0.000120695432997309
8.77209531608969e-05 8.7248561612796e-05 8.64181274664588e-05 8.54683385114186e-05 8.45185495563783e-05 8.35687678772956e-05 8.18280532257631e-05 8.00873458501883e-05 7.83466311986559e-05 7.5398689659778e-05 6.88290456309915e-05 6.22594016022048e-05 5.56897575734183e-05 5.28530581505038e-05 5.37492996954825e-05 5.464554487844e-05 5.55417900613975e-05 5.41179106221535e-05 5.19206550961826e-05 4.97234032081906e-05 4.75261476822199e-05 5.55088699911721e-05 6.34915923001245e-05 7.14743218850344e-05 7.95040759840049e-05 8.76749472809024e-05 9.58458185777999e-05 0.00010401668259874 0.000110438159026671 0.000115110226033721 0.000119782300316729 0.000124454367323779 0.000127682913444005 0.000130430271383375 0.00013317764387466 0.00013592500181403 0.000131451699417084 0.000126978397020139 0.000122505109175108 0.000120002914627548 0.000123414036352187
7.39679890102707e-05 7.32836924726143e-05 7.29775711079128e-05 7.2797505708877e-05 7.26174403098412e-05 7.24373676348478e-05 6.88852014718577e-05 6.53330280329101e-05 6.17808618699201e-05 5.87317408644594e-05 5.71917698835023e-05 5.56517952645663e-05 5.41118242836092e-05 5.44213107787073e-05 5.65802511118818e-05 5.87391914450564e-05 6.08981317782309e-05 5.95786368648988e-05 5.70996562601067e-05 5.46206792932935e-05 5.21417023264804e-05 6.06014582444914e-05 6.90612141625024e-05 7.75209700805135e-05 8.58077401062474e-05 9.35755597311072e-05 0.000101343372080009 0.000109111191704869 0.000114910304546356 0.000118740717880428 0.000122571131214499 0.000126401559100486 0.00012860722199548 0.00013027130626142 0.00013193539052736 0.0001335994747933 0.000132395667606033 0.000131191860418767 0.0001299880532315 0.000129262174596079 0.000129970037960447
6.29214628133923e-05 6.2233695643954e-05 6.21726867393591e-05 6.23205924057402e-05 6.24684980721213e-05 6.26164037385024e-05 6.06615176366176e-05 5.87066315347329e-05 5.67517417948693e-05 5.52994824829511e-05 5.53551071789116e-05 5.54107282368932e-05 5.54663492948748e-05 5.71193195355591e-05 6.03696389589459e-05 6.36199547443539e-05 6.68702705297619e-05 6.72065652906895e-05 6.65715124341659e-05 6.59364595776424e-05 6.5301406721119e-05 7.34426284907386e-05 8.15838502603583e-05 8.9725072029978e-05 9.73646529018879e-05 0.000103499318356626 0.000109633991087321 0.000115768656542059 0.000120782890007831 0.000124676706036553 0.000128570507513359 0.000132464323542081 0.000133654830278829 0.000133944238768891 0.000134233632707037 0.000134523041197099 0.000136471440782771 0.000138419854920357 0.000140368254506029 0.00014153633674141 0.000140363437822089
5.18749329785351e-05 5.11836951773148e-05 5.13677987328265e-05 5.18436754646245e-05 5.23195558344014e-05 5.27954362041783e-05 5.24378338013776e-05 5.20802277605981e-05 5.17226253577974e-05 5.18672277394217e-05 5.35184444743209e-05 5.51696612092201e-05 5.68208779441193e-05 5.98173319303897e-05 6.41590231680311e-05 6.85007180436515e-05 7.28424129192717e-05 7.48344900785014e-05 7.60433686082251e-05 7.72522398619913e-05 7.84611183917151e-05 8.62838060129434e-05 9.41064863582142e-05 0.000101929173979443 0.000108921565697528 0.000113423084258102 0.000117924602818675 0.000122426121379249 0.000126655475469306 0.000130612679640763 0.000134569883812219 0.000138527087983675 0.000138702424010262 0.000137617156724446 0.000136531874886714 0.000135446607600898 0.000140547213959508 0.000145647834870033 0.000150748441228643 0.000153810484334826 0.000150756823131815
5.04813397128601e-05 5.00314381497446e-05 5.03560659126379e-05 5.09388664795551e-05 5.15216670464724e-05 5.21044676133897e-05 5.23854650964495e-05 5.26664625795092e-05 5.2947460062569e-05 5.36405932507478e-05 5.55701408302411e-05 5.74996847717557e-05 5.94292287132703e-05 6.23425075900741e-05 6.62395177641883e-05 7.01365279383027e-05 7.40335381124169e-05 7.67104065744206e-05 7.89805635577068e-05 8.12507205409929e-05 8.35208702483215e-05 9.03453474165872e-05 9.71698245848529e-05 0.000103994301753119 0.000110239016066771 0.000114744449092541 0.000119249882118311 0.000123755322420038 0.00012808435712941 0.000132237022626214 0.000136389673571102 0.000140542339067906 0.000141210912261158 0.000140718126203865 0.000140225354698487 0.000139732568641193 0.000143581521115266 0.000147430459037423 0.000151279411511496 0.000153640517964959 0.000151538130012341
4.90877500851639e-05 4.88791811221745e-05 4.93443330924492e-05 5.00340574944858e-05 5.07237782585435e-05 5.141350266058e-05 5.23331000295002e-05 5.32526973984204e-05 5.41722947673406e-05 5.54139624000527e-05 5.76218371861614e-05 5.98297083342914e-05 6.20375794824213e-05 6.48676796117798e-05 6.83200123603456e-05 7.17723378329538e-05 7.52246705815196e-05 7.85863230703398e-05 8.19177585071884e-05 8.5249193944037e-05 8.8580622104928e-05 9.44068960961886e-05 0.000100233162811492 0.000106059429526795 0.000111556473711971 0.00011606581392698 0.000120575161417946 0.000125084508908913 0.000129513238789514 0.000133861365611665 0.000138209477881901 0.000142557590152137 0.000143719400512055 0.000143819110235199 0.000143918819958344 0.000144018529681489 0.000146615813719109 0.000149213083204813 0.000151810367242433 0.000153470551595092 0.000152319422340952
4.78190449939575e-05 4.77919420518447e-05 4.82863069919404e-05 4.89544909214601e-05 4.96226748509798e-05 5.02908587804995e-05 5.1495178922778e-05 5.26994954270776e-05 5.39038155693561e-05 5.53549034520984e-05 5.75463018321898e-05 5.97376965743024e-05 6.19290949543938e-05 6.4569954702165e-05 6.76602940075099e-05 7.0750633312855e-05 7.38409653422423e-05 7.75181179051287e-05 8.13908700365573e-05 8.52636221679859e-05 8.91363742994145e-05 9.43311388255097e-05 9.95259106275626e-05 0.000104720682429615 0.000109774089651182 0.000114403424959164 0.000119032760267146 0.000123662102851085 0.000128256171592511 0.000132814995595254 0.000137373805046082 0.000141932629048824 0.000143804267281666 0.000144780176924542 0.000145756086567417 0.000146732010762207 0.000148633684148081 0.000150535372085869 0.000152437060023658 0.000153743196278811 0.0001532627211418
4.66752353531774e-05 4.6769724576734e-05 4.71819839731325e-05 4.7700170398457e-05 4.82183531858027e-05 4.87365396111272e-05 4.98717017762829e-05 5.10068603034597e-05 5.21420224686153e-05 5.34634200448636e-05 5.53435311303474e-05 5.722364585381e-05 5.91037605772726e-05 6.14493328612298e-05 6.42603699816391e-05 6.70714071020484e-05 6.98824369465001e-05 7.35057838028296e-05 7.73998908698559e-05 8.12940052128397e-05 8.5188112279866e-05 9.01180901564658e-05 9.50480680330656e-05 9.99780459096655e-05 0.00010489187843632 0.000109757282189094 0.00011462267866591 0.000119488082418684 0.000124313155538402 0.000129097912576981 0.000133882669615559 0.000138667426654138 0.000141465498018079 0.000143601326271892 0.00014573716907762 0.000147873011883348 0.000149635161506012 0.000151397311128676 0.000153159446199425 0.000154458452016115 0.000154367997311056
4.55314220744185e-05 4.57475034636445e-05 4.60776645923033e-05 4.64458498754539e-05 4.68140351586044e-05 4.71822204417549e-05 4.82482209918089e-05 4.93142251798417e-05 5.03802257298957e-05 5.157193299965e-05 5.31407640664838e-05 5.47095951333177e-05 5.62784262001514e-05 5.83287110202946e-05 6.08604423177894e-05 6.33921808912419e-05 6.59239085507579e-05 6.94934497005306e-05 7.34089189791121e-05 7.73243882576935e-05 8.1239857536275e-05 8.59050414874218e-05 9.05702254385687e-05 9.52354093897156e-05 0.000100009667221457 0.000105111132143065 0.000110212604340632 0.00011531406926224 0.000120370146760251 0.000125380844110623 0.000130391534185037 0.000135402224259451 0.000139126714202575 0.000142422490171157 0.000145718251587823 0.000149014013004489 0.000150636624312028 0.000152259235619567 0.000153881846927106 0.00015517370775342 0.000155473273480311
4.25062789872754e-05 4.27073100581765e-05 4.30435720772948e-05 4.34249050158542e-05 4.38062415923923e-05 4.41875745309517e-05 4.50232655566651e-05 4.58589602203574e-05 4.66946512460708e-05 4.76605819130782e-05 4.90172278659884e-05 5.03738738188986e-05 5.173051613383e-05 5.35745384695474e-05 5.59059371880721e-05 5.82373395445757e-05 6.05687382631004e-05 6.37691919109784e-05 6.72593378112651e-05 7.07494764355943e-05 7.42396150599234e-05 7.83205614425242e-05 8.24015151010826e-05 8.64824614836834e-05 9.0630812337622e-05 9.49813693296164e-05 9.93319263216108e-05 0.000103682483313605 0.000108207255834714 0.000112906251160894 0.000117605239211116 0.000122304234537296 0.000126424900372513 0.000130352782434784 0.00013428067904897 0.000138208561111242 0.000140519317938015 0.000142830074764788 0.000145140831591561 0.000147026250488125 0.000147635655594058
3.94811322621535e-05 3.96671202906873e-05 4.00094795622863e-05 4.04039637942333e-05 4.07984443882015e-05 4.11929286201484e-05 4.17983137595002e-05 4.24036952608731e-05 4.30090804002248e-05 4.37492344644852e-05 4.48936916654929e-05 4.60381488665007e-05 4.71826060675085e-05 4.88203659188003e-05 5.09514320583548e-05 5.30825018358883e-05 5.52135679754428e-05 5.80449413973838e-05 6.11097493674606e-05 6.4174564613495e-05 6.72393725835718e-05 7.07360813976265e-05 7.42327974876389e-05 7.77295063016936e-05 8.12519574537873e-05 8.48516065161675e-05 8.84512483025901e-05 9.20508973649703e-05 9.60443721851334e-05 0.000100431658211164 0.000104818944237195 0.000109206230263226 0.000113723064714577 0.000118283081974369 0.000122843091958202 0.000127403109217994 0.000130402011564001 0.000133400913910009 0.000136399801704101 0.00013887879322283 0.000139798052259721
3.60095618816558e-05 3.61667662218679e-05 3.64631523552816e-05 3.68059336324222e-05 3.71487149095628e-05 3.74914998246823e-05 3.79517223336734e-05 3.84119412046857e-05 3.88721637136768e-05 3.94595699617639e-05 4.04285347030964e-05 4.13974994444288e-05 4.23664641857613e-05 4.38213501183782e-05 4.57621572422795e-05 4.77029680041597e-05 4.9643775128061e-05 5.2151910495013e-05 5.48491552763153e-05 5.75464000576176e-05 6.02436448389199e-05 6.32449446129613e-05 6.62462407490239e-05 6.92475441610441e-05 7.22277909517288e-05 7.51448897062801e-05 7.80619811848737e-05 8.0979079939425e-05 8.43745001475327e-05 8.82482272572815e-05 9.2121961642988e-05 9.59956887527369e-05 0.000100403456599452 0.000104989238025155 0.000109575026726816 0.000114160808152519 0.000117556795885321 0.000120952783618122 0.000124348764074966 0.000127233332023025 0.000128583604237065
3.20915714837611e-05 3.22062478517182e-05 3.24045904562809e-05 3.26308218063787e-05 3.28570531564765e-05 3.30832845065743e-05 3.34834912791848e-05 3.38836980517954e-05 3.42839011864271e-05 3.4791595680872e-05 3.56217606167775e-05 3.6451925552683e-05 3.72820941265672e-05 3.85774874303025e-05 4.03381127398461e-05 4.20987380493898e-05 4.38593597209547e-05 4.60901028418447e-05 4.84775446238928e-05 5.08649900439195e-05 5.32524354639463e-05 5.58471438125707e-05 5.84418521611951e-05 6.10365605098195e-05 6.35583128314465e-05 6.58612188999541e-05 6.81641249684617e-05 7.04670310369693e-05 7.31976397219114e-05 7.63559582992457e-05 7.951427687658e-05 8.26725954539143e-05 8.64660687511787e-05 9.04712578631006e-05 9.44764469750226e-05 9.84816360869445e-05 0.000101983663626015 0.000105485691165086 0.000108987718704157 0.000112089852336794 0.00011399231152609
2.81735792668769e-05 2.82457294815686e-05 2.83460285572801e-05 2.84557099803351e-05 2.85653914033901e-05 2.86750728264451e-05 2.90152620436857e-05 2.93554512609262e-05 2.96956386591773e-05 3.01236232189694e-05 3.08149901684374e-05 3.15063552989159e-05 3.21977204293944e-05 3.33336247422267e-05 3.49140645994339e-05 3.649450809462e-05 3.80749479518272e-05 4.00282915506977e-05 4.2105937609449e-05 4.41835800302215e-05 4.62612260889728e-05 4.84493430121802e-05 5.06374599353876e-05 5.28255732206162e-05 5.4888838349143e-05 5.65775517316069e-05 5.82662651140708e-05 5.99549784965347e-05 6.20207865722477e-05 6.44636966171674e-05 6.69065993861295e-05 6.93495021550916e-05 7.25286809029058e-05 7.59532777010463e-05 7.93778744991869e-05 8.28024712973274e-05 8.64105386426672e-05 9.0018605988007e-05 9.36266660573892e-05 9.69463799265213e-05 9.94010260910727e-05
