Data/Covariate_Data/Formatted/PalaeoClimate/CampPrecip_1.asc
NCOLS 360 
NROWS 180 
XLLCORNER -180 
YLLCORNER -90 
CELLSIZE 1 
NODATA_value -9999 
[rows 18 to 35 of 180, columns 287 to 327 of 360]
1.90095161087811e-05 1.85649023478618e-05 1.82866242539603e-05 1.80637925950577e-05 1.78409609361552e-05 1.76181292772526e-05 1.71301508089527e-05 1.66421741596423e-05 1.61541956913425e-05 1.6434263670817e-05 1.90184673556359e-05 2.16026710404549e-05 2.41868747252738e-05 2.56862167589134e-05 2.61006953223841e-05 2.65151738858549e-05 2.69296524493257e-05 2.57227129623061e-05 2.39752989728004e-05 2.22278849832946e-05 2.04804709937889e-05 1.93312225746922e-05 1.81819759745849e-05 1.70327275554882e-05 1.59147202793974e-05 1.48904373418191e-05 1.38661544042407e-05 1.28418705571676e-05 1.16759956654278e-05 1.03685288195265e-05 9.06106288312003e-06 7.75359603721881e-06 7.12523296897416e-06 6.72323767503258e-06 6.32124192634365e-06 5.91924663240206e-06 5.69692156204837e-06 5.47459649169468e-06 5.25227142134099e-06 5.43011492482037e-06 6.80846505929367e-06
1.91216549865203e-05 1.87727164302487e-05 1.8381650079391e-05 1.79765411303379e-05 1.75714321812848e-05 1.71663232322317e-05 1.70078310475219e-05 1.68493388628121e-05 1.66908466781024e-05 1.67722919286462e-05 1.75735494849505e-05 1.83748070412548e-05 1.91760664165486e-05 2.04421539820032e-05 2.21730715566082e-05 2.39039873122238e-05 2.56349048868287e-05 2.55491195275681e-05 2.48577671300154e-05 2.41664129134733e-05 2.34750605159206e-05 2.28056760533946e-05 2.21362915908685e-05 2.14669071283424e-05 2.06234217330348e-05 1.92576389963506e-05 1.78918562596664e-05 1.65260717039928e-05 1.45795411299332e-05 1.20522618090035e-05 9.52498248807387e-06 6.99770316714421e-06 6.51685058983276e-06 6.71814086672384e-06 6.91943068886758e-06 7.12072096575866e-06 7.10621452526539e-06 7.09170853951946e-06 7.07720209902618e-06 7.62202580517624e-06 9.84483904176159e-06
1.93593332369346e-05 1.89739948837087e-05 1.84005057235481e-05 1.77642996277427e-05 1.71280917129479e-05 1.64918856171425e-05 1.65459296113113e-05 1.65999717864906e-05 1.66540157806594e-05 1.6653928469168e-05 1.64914490596857e-05 1.63289714691928e-05 1.61664938786998e-05 1.7128930267063e-05 1.92162824532716e-05 2.13036346394802e-05 2.33909868256887e-05 2.38885659200605e-05 2.38562188314972e-05 2.38238735619234e-05 2.37915264733601e-05 2.32764450629475e-05 2.27613636525348e-05 2.22462822421221e-05 2.16476164496271e-05 2.07982011488639e-05 1.99487858481007e-05 1.90993705473375e-05 1.75273216882488e-05 1.52326401803293e-05 1.29379595819046e-05 1.06432780739851e-05 9.99174517346546e-06 9.88792817224748e-06 9.78411117102951e-06 9.68029416981153e-06 9.81430457613897e-06 9.9483149824664e-06 1.00823253887938e-05 1.0735735486378e-05 1.29473473862163e-05
1.97225508600241e-05 1.91687377082417e-05 1.83431911864318e-05 1.74270680872723e-05 1.65109431691235e-05 1.5594820069964e-05 1.57444465003209e-05 1.58940747496672e-05 1.60437029990135e-05 1.60791732923826e-05 1.5772167898831e-05 1.54651643242687e-05 1.51581598402117e-05 1.57465492520714e-05 1.7230331650353e-05 1.87141158676241e-05 2.01979000848951e-05 2.07410503207939e-05 2.09706577152247e-05 2.12002651096554e-05 2.14298725040862e-05 2.07435332413297e-05 2.00571921595838e-05 1.93708510778379e-05 1.8987302610185e-05 1.95121228898643e-05 2.00369431695435e-05 2.05617652682122e-05 2.05193391593639e-05 1.9909666661988e-05 1.92999923456227e-05 1.86903198482469e-05 1.75499153556302e-05 1.62325995916035e-05 1.49152829180821e-05 1.35979671540554e-05 1.38211917146691e-05 1.40444162752829e-05 1.42676399264019e-05 1.47712444231729e-05 1.61159896379104e-05
2.00857703021029e-05 1.93634805327747e-05 1.82858766493155e-05 1.70898347278126e-05 1.58937946252991e-05 1.46977527037961e-05 1.49429652083199e-05 1.51881786223385e-05 1.5433392036357e-05 1.55044181155972e-05 1.50528867379762e-05 1.46013562698499e-05 1.41498248922289e-05 1.43641664180905e-05 1.52443817569292e-05 1.6124597095768e-05 1.7004811525112e-05 1.75935365405166e-05 1.80850965989521e-05 1.85766584763769e-05 1.90682185348123e-05 1.82106196007226e-05 1.73530206666328e-05 1.6495421732543e-05 1.63269869517535e-05 1.82260446308646e-05 2.01251023099758e-05 2.20241581700975e-05 2.35113548114896e-05 2.45866904151626e-05 2.5662027837825e-05 2.6737363441498e-05 2.5108085537795e-05 2.25772710109595e-05 2.00464546651347e-05 1.75156401382992e-05 1.78280788531993e-05 1.81405175680993e-05 1.845295446401e-05 1.88067533599678e-05 1.92846309801098e-05
2.20076781261014e-05 2.18907462112838e-05 2.11799360840814e-05 2.02711653400911e-05 1.93623964150902e-05 1.84536274900893e-05 1.84676828212105e-05 1.84817399713211e-05 1.84957953024423e-05 1.84002419700846e-05 1.79758535523433e-05 1.75514633156126e-05 1.71270748978714e-05 1.69366066984367e-05 1.69800587173086e-05 1.70235089171911e-05 1.7066960936063e-05 1.72410764207598e-05 1.74587494257139e-05 1.76764206116786e-05 1.78940917976433e-05 1.7641628801357e-05 1.73891639860813e-05 1.71367009897949e-05 1.70548519236036e-05 1.74848464666866e-05 1.7914842828759e-05 1.83448391908314e-05 1.93932974070776e-05 2.1060219296487e-05 2.27271430048859e-05 2.43940648942953e-05 2.43475606112042e-05 2.37299154832726e-05 2.3112270355341e-05 2.249462340842e-05 2.31582071137382e-05 2.38217908190563e-05 2.44853745243745e-05 2.48659216595115e-05 2.43973645410733e-05
2.39295841311105e-05 2.4418011889793e-05 2.40739955188474e-05 2.34524959523696e-05 2.28309982048813e-05 2.2209500457393e-05 2.1992400434101e-05 2.1775300410809e-05 2.1558200387517e-05 2.12960640055826e-05 2.0898818547721e-05 2.05015730898594e-05 2.01043258130085e-05 1.95090469787828e-05 1.87157347681932e-05 1.79224207386142e-05 1.71291085280245e-05 1.68886181199923e-05 1.68324004334863e-05 1.67761827469803e-05 1.67199650604744e-05 1.7072636183002e-05 1.74253073055297e-05 1.77779784280574e-05 1.77827150764642e-05 1.67436501214979e-05 1.57045833475422e-05 1.46655183925759e-05 1.52752400026657e-05 1.75337499968009e-05 1.97922581719467e-05 2.20507663470926e-05 2.35870375036029e-05 2.48825599555857e-05 2.6178084226558e-05 2.74736066785408e-05 2.84883353742771e-05 2.95030640700134e-05 3.05177927657496e-05 3.09250899590552e-05 2.95100981020369e-05
2.4487995688105e-05 2.50889752351213e-05 2.48377418756718e-05 2.43024387600599e-05 2.37671338254586e-05 2.32318307098467e-05 2.2734882804798e-05 2.22379348997492e-05 2.17409869947005e-05 2.13566218008054e-05 2.1310002921382e-05 2.12633840419585e-05 2.12167633435456e-05 2.08453711820766e-05 2.01492021005834e-05 1.94530348380795e-05 1.87568657565862e-05 1.84997152246069e-05 1.83889023901429e-05 1.82780913746683e-05 1.81672785402043e-05 1.80671995622106e-05 1.79671187652275e-05 1.78670397872338e-05 1.75429631781299e-05 1.65469009516528e-05 1.55508387251757e-05 1.45547764986986e-05 1.51584017658024e-05 1.73617154359818e-05 1.95650281966664e-05 2.17683427763404e-05 2.41401812672848e-05 2.65681956079789e-05 2.89962099486729e-05 3.1424224289367e-05 3.22685482387897e-05 3.31128721882124e-05 3.3957196137635e-05 3.40811056958046e-05 3.20437720802147e-05
2.36829109780956e-05 2.39036380662583e-05 2.34711787925335e-05 2.28209919441724e-05 2.2170803276822e-05 2.15206164284609e-05 2.06951299333014e-05 1.98696434381418e-05 1.90441569429823e-05 1.85819153557532e-05 1.92094066733262e-05 1.98368979908992e-05 2.04643893084722e-05 2.09455774893286e-05 2.12804625334684e-05 2.16153475776082e-05 2.1950232621748e-05 2.2074369553593e-05 2.2128257114673e-05 2.2182144675753e-05 2.22360322368331e-05 2.06253153010038e-05 1.90145983651746e-05 1.74038814293454e-05 1.63355962286005e-05 1.68946007761406e-05 1.74536071426701e-05 1.80126135091996e-05 1.90427836059825e-05 2.05441192520084e-05 2.20454548980342e-05 2.354679054406e-05 2.60069937212393e-05 2.87868206214625e-05 3.15666475216858e-05 3.43464744219091e-05 3.44988438882865e-05 3.46512169926427e-05 3.48035864590202e-05 3.43339670507703e-05 3.19983846566174e-05
2.28778280870756e-05 2.27183008973952e-05 2.21046157093951e-05 2.1339545128285e-05 2.05744727281854e-05 1.98094021470752e-05 1.86553770618048e-05 1.7501350157545e-05 1.63473250722746e-05 1.58072070917115e-05 1.7108808606281e-05 1.84104119398399e-05 1.97120134544093e-05 2.10457837965805e-05 2.24117229663534e-05 2.37776603171369e-05 2.51435994869098e-05 2.5649023882579e-05 2.58676118392031e-05 2.60861979768378e-05 2.63047859334619e-05 2.31834328587865e-05 2.00620779651217e-05 1.69407248904463e-05 1.51282283695764e-05 1.72423024196178e-05 1.93563755601644e-05 2.14704487007111e-05 2.2927164536668e-05 2.3726523068035e-05 2.45258797804126e-05 2.53252383117797e-05 2.78738079941831e-05 3.10054456349462e-05 3.41370869136881e-05 3.72687245544512e-05 3.67291431757621e-05 3.61895581590943e-05 3.56499767804053e-05 3.45868320437148e-05 3.19530008709989e-05
2.07514167414047e-05 2.01058737729909e-05 1.97647295863135e-05 1.95250540855341e-05 1.92853767657653e-05 1.90456994459964e-05 1.97331628442043e-05 2.04206244234228e-05 2.11080860026413e-05 2.17364395211916e-05 2.21874652197584e-05 2.26384927373146e-05 2.30895184358814e-05 2.32418151426827e-05 2.30953846767079e-05 2.29489542107331e-05 2.28025219257688e-05 2.30104105867213e-05 2.33364080486354e-05 2.366240369156e-05 2.39883993344847e-05 2.19909961742815e-05 1.99935930140782e-05 1.7996189853875e-05 1.71248047990957e-05 1.96314758795779e-05 2.21381469600601e-05 2.46448180405423e-05 2.66070273937657e-05 2.8024773200741e-05 2.94425190077163e-05 3.08602648146916e-05 3.21665174851659e-05 3.34356045641471e-05 3.47046916431282e-05 3.59737787221093e-05 3.56833006662782e-05 3.53928226104472e-05 3.51023445546161e-05 3.4434866392985e-05 3.26363842759747e-05
1.86250053957338e-05 1.74934466485865e-05 1.74248452822212e-05 1.77105630427832e-05 1.79962808033451e-05 1.82819985639071e-05 2.08109486266039e-05 2.33398968703113e-05 2.58688469330081e-05 2.76656719506718e-05 2.7266121833236e-05 2.68665717158001e-05 2.64670215983642e-05 2.5437846488785e-05 2.37790463870624e-05 2.21202462853398e-05 2.04614443646278e-05 2.03717991098529e-05 2.08052042580675e-05 2.12386094062822e-05 2.16720127355074e-05 2.07985613087658e-05 1.99251080630347e-05 1.90516548173036e-05 1.91213821381098e-05 2.20206511585275e-05 2.49199201789452e-05 2.78191891993629e-05 3.02868902508635e-05 3.23230233334471e-05 3.43591564160306e-05 3.63952894986141e-05 3.64592269761488e-05 3.58657598553691e-05 3.52722963725682e-05 3.46788328897674e-05 3.46374617947731e-05 3.45960870618001e-05 3.45547159668058e-05 3.42829007422552e-05 3.33197713189293e-05
1.7782813301892e-05 1.70817984326277e-05 1.77157962752972e-05 1.87947989616077e-05 1.98738016479183e-05 2.09528025152395e-05 2.28480221267091e-05 2.47432417381788e-05 2.66384613496484e-05 2.78681800409686e-05 2.71013996098191e-05 2.63346173596801e-05 2.55678369285306e-05 2.4508117348887e-05 2.31554622587282e-05 2.180280534958e-05 2.04501502594212e-05 1.9953560695285e-05 1.974232509383e-05 1.95310913113644e-05 1.93198575288989e-05 1.97931713046273e-05 2.02664850803558e-05 2.07397988560842e-05 2.17950855585514e-05 2.45962910412345e-05 2.73974947049282e-05 3.01987001876114e-05 3.27338239003439e-05 3.50028640241362e-05 3.72719041479286e-05 3.95409442717209e-05 3.95022907468956e-05 3.86944047932047e-05 3.78865188395139e-05 3.7078632885823e-05 3.67250322597101e-05 3.63714279956184e-05 3.60178273695055e-05 3.55911288352218e-05 3.49451438523829e-05
1.82248404598795e-05 1.88709327630932e-05 2.06375862035202e-05 2.27777618420077e-05 2.49179392994847e-05 2.70581149379723e-05 2.58443851635093e-05 2.46306553890463e-05 2.34169274335727e-05 2.23439637920819e-05 2.16932949115289e-05 2.10426278499653e-05 2.03919589694124e-05 2.04526277229888e-05 2.12246304727159e-05 2.19966332224431e-05 2.27686377911596e-05 2.1755697162007e-05 2.01477741939016e-05 1.85398512257962e-05 1.69319300766802e-05 1.89748279808555e-05 2.10177258850308e-05 2.30606237892061e-05 2.51459186983993e-05 2.73583973466884e-05 2.95708759949775e-05 3.17833546432666e-05 3.3947824704228e-05 3.60642916348297e-05 3.81807585654315e-05 4.02972254960332e-05 4.12957087974064e-05 4.19215321016964e-05 4.25473554059863e-05 4.31731787102763e-05 4.19460120610893e-05 4.07188454119023e-05 3.94916787627153e-05 3.8359547033906e-05 3.75125055143144e-05
1.8666867617867e-05 2.06600652745692e-05 2.35593761317432e-05 2.67607265413972e-05 2.99620751320617e-05 3.31634255417157e-05 2.88407482003095e-05 2.45180708589032e-05 2.0195393517497e-05 1.68197457242059e-05 1.62851920322282e-05 1.57506365212612e-05 1.52160828292836e-05 1.63971362781013e-05 1.92937986867037e-05 2.21904629142955e-05 2.50871253228979e-05 2.3557833628729e-05 2.05532232939731e-05 1.75486129592173e-05 1.45440026244615e-05 1.81564846570836e-05 2.17689666897058e-05 2.53814505413175e-05 2.84967500192579e-05 3.0120501833153e-05 3.1744253647048e-05 3.33680072799325e-05 3.51618291460909e-05 3.7125722883502e-05 3.90896129829343e-05 4.10535030823667e-05 4.30891268479172e-05 4.5148659410188e-05 4.72081919724587e-05 4.92677245347295e-05 4.71669955004472e-05 4.50662628281862e-05 4.29655337939039e-05 4.11279615946114e-05 4.00798671762459e-05
1.96398250409402e-05 2.19280846067704e-05 2.33094251598232e-05 2.43884587689536e-05 2.54674905590946e-05 2.6546524168225e-05 2.40956851484952e-05 2.16448461287655e-05 1.91940071090358e-05 1.74965716723818e-05 1.80593542609131e-05 1.8622135030455e-05 1.91849157999968e-05 2.00516569748288e-05 2.12223621929297e-05 2.23930655920413e-05 2.35637689911528e-05 2.17393881030148e-05 1.89166457857937e-05 1.60939016495831e-05 1.32711593323621e-05 1.71030060300836e-05 2.09348527278053e-05 2.47666976065375e-05 2.81133488897467e-05 3.00044139294187e-05 3.189548078808e-05 3.3786545827752e-05 3.5719684092328e-05 3.76948919438291e-05 3.96701034333091e-05 4.16453149227891e-05 4.36925183748826e-05 4.57637142972089e-05 4.7834913857514e-05 4.99061097798403e-05 4.90686834382359e-05 4.82312570966315e-05 4.7393830755027e-05 4.6336543164216e-05 4.46196718257852e-05
2.06127842830028e-05 2.31961039389716e-05 2.30594723689137e-05 2.20161891775206e-05 2.09729078051168e-05 1.99296246137237e-05 1.9350622096681e-05 1.87716213986278e-05 1.81926207005745e-05 1.81733976205578e-05 1.98335146706086e-05 2.14936317206593e-05 2.31537487707101e-05 2.37061794905458e-05 2.31509238801664e-05 2.2595668269787e-05 2.20404126594076e-05 1.99209425773006e-05 1.72800664586248e-05 1.46391912494437e-05 1.19983151307679e-05 1.60495255840942e-05 2.01007369469153e-05 2.41519464907469e-05 2.77299495792249e-05 2.98883260256844e-05 3.20467042911332e-05 3.42050807375927e-05 3.62775354005862e-05 3.82640646421351e-05 4.02505975216627e-05 4.22371267632116e-05 4.42959062638693e-05 4.63787691842299e-05 4.84616357425693e-05 5.054449866293e-05 5.09703713760246e-05 5.13962477270979e-05 5.18221240781713e-05 5.15451210958418e-05 4.91594764753245e-05
1.93228024727432e-05 2.16056068893522e-05 2.08747023862088e-05 1.91392300621374e-05 1.74037559190765e-05 1.56682835950051e-05 1.61616062541725e-05 1.665492891334e-05 1.71482515725074e-05 1.80619099410251e-05 2.02365699806251e-05 2.24112300202251e-05 2.4585890059825e-05 2.47599527938291e-05 2.29334182222374e-05 2.11068818316562e-05 1.92803472600644e-05 1.78724076249637e-05 1.66039972100407e-05 1.53355886141071e-05 1.40671800181736e-05 1.67675934790168e-05 1.94680069398601e-05 2.21684204007033e-05 2.50922967097722e-05 2.86865652014967e-05 3.22808336932212e-05 3.58751021849457e-05 3.83969454560429e-05 3.98463671444915e-05 4.12957888329402e-05 4.27452105213888e-05 4.47734746558126e-05 4.69946899102069e-05 4.92159051646013e-05 5.14371204189956e-05 5.25492432643659e-05 5.36613661097363e-05 5.47734889551066e-05 5.49217256775592e-05 5.21783149451949e-05
