Data/Covariate_Data/Formatted/PalaeoClimate/CampPrecip_1.asc
NCOLS 360 
NROWS 180 
XLLCORNER -180 
YLLCORNER -90 
CELLSIZE 1 
NODATA_value -9999 
[rows 72 to 89 of 180, columns 82 to 122 of 360]
1.60551426233724e-05 1.63623826665571e-05 1.66696245287312e-05 1.69768645719159e-05 1.75605691765668e-05 1.8973658370669e-05 2.03867475647712e-05 2.17998367588734e-05 2.35220959439175e-05 2.55535251199035e-05 2.75849542958895e-05 2.96163834718755e-05 3.1812465749681e-05 3.40634287567809e-05 3.63143954018597e-05 3.85653620469384e-05 3.90315617551096e-05 3.94977614632808e-05 3.9963961171452e-05 3.85159946745262e-05 3.13255295623094e-05 2.41350644500926e-05 1.69445993378758e-05 1.45260837598471e-05 1.68795195349958e-05 1.92329553101445e-05 2.15863910852931e-05 2.24880404857686e-05 2.29057623073459e-05 2.33234823099338e-05 2.3741204131511e-05 2.39416895055911e-05 2.41421748796711e-05 2.43426602537511e-05 2.43604172283085e-05 2.38299835473299e-05 2.32995498663513e-05 2.27691161853727e-05 2.24806226469809e-05 2.2434069251176e-05 2.2387515855371e-05
2.91065280180192e-05 2.94080091407523e-05 2.97094884444959e-05 3.0010969567229e-05 3.04997811326757e-05 3.15505822072737e-05 3.26013869198505e-05 3.36521879944485e-05 3.46641645592172e-05 3.56373129761778e-05 3.66104613931384e-05 3.75836134480778e-05 3.80382734874729e-05 3.83201077056583e-05 3.86019382858649e-05 3.88837725040503e-05 3.91492940252647e-05 3.94148191844579e-05 3.96803407056723e-05 3.83931874239352e-05 3.24479915434495e-05 2.65027956629638e-05 2.05576016014675e-05 1.87431724043563e-05 2.10595098906197e-05 2.3375847376883e-05 2.56921866821358e-05 2.59756452578586e-05 2.55814811680466e-05 2.51873152592452e-05 2.47931493504439e-05 2.49369768425822e-05 2.508080615371e-05 2.52246336458484e-05 2.51966193900444e-05 2.4653074433445e-05 2.41095294768456e-05 2.35659863392357e-05 2.32056045206264e-05 2.30283858400071e-05 2.28511689783772e-05
4.21579134126659e-05 4.2453633795958e-05 4.27493541792501e-05 4.30450745625421e-05 4.3438994907774e-05 4.41275078628678e-05 4.48160244559404e-05 4.55045410490129e-05 4.58062349935062e-05 4.57211026514415e-05 4.56359703093767e-05 4.55508416052908e-05 4.42640812252648e-05 4.25767830165569e-05 4.08894811698701e-05 3.92021793231834e-05 3.92670262954198e-05 3.9331876905635e-05 3.93967238778714e-05 3.82703765353654e-05 3.35704535245895e-05 2.88705286948243e-05 2.41706038650591e-05 2.29602610488655e-05 2.5239502065233e-05 2.7518741262611e-05 2.9797980459989e-05 2.94632500299485e-05 2.82571982097579e-05 2.70511463895673e-05 2.58450945693767e-05 2.59322641795734e-05 2.60194356087595e-05 2.61066070379457e-05 2.60328197327908e-05 2.54761653195601e-05 2.491950908734e-05 2.43628546741093e-05 2.39305845752824e-05 2.36227024288382e-05 2.33148202823941e-05
5.56126287847291e-05 5.55575279577169e-05 5.55024271307047e-05 5.54473263036925e-05 5.53805912204552e-05 5.52789570065215e-05 5.51773227925878e-05 5.50756885786541e-05 5.44380636711139e-05 5.32644407940097e-05 5.20908179169055e-05 5.09171950398013e-05 4.8596084525343e-05 4.58924769191071e-05 4.318887295085e-05 4.0485268982593e-05 3.9909420593176e-05 3.93335722037591e-05 3.87577238143422e-05 3.75334857380949e-05 3.43640822393354e-05 3.11946751025971e-05 2.80252716038376e-05 2.71959706878988e-05 2.87067741737701e-05 3.0217575840652e-05 3.17283775075339e-05 3.11568583128974e-05 2.9891227313783e-05 2.86255981336581e-05 2.73599689535331e-05 2.73726927844109e-05 2.73854166152887e-05 2.73981404461665e-05 2.72690303972922e-05 2.67144150711829e-05 2.61597997450735e-05 2.56051825999748e-05 2.51617093454115e-05 2.48293745244155e-05 2.44970415224088e-05
6.94706686772406e-05 6.87196879880503e-05 6.796870729886e-05 6.72177266096696e-05 6.63245809846558e-05 6.50049332762137e-05 6.36852855677716e-05 6.23656378593296e-05 6.05596469540615e-05 5.82673237659037e-05 5.59749969397672e-05 5.36826701136306e-05 5.10342797497287e-05 4.82671966892667e-05 4.55001136288047e-05 4.27330342063215e-05 4.10764696425758e-05 3.94199050788302e-05 3.77633405150846e-05 3.61825077561662e-05 3.48288740497082e-05 3.34752403432503e-05 3.21216066367924e-05 3.14503013214562e-05 3.14613280352205e-05 3.14723547489848e-05 3.14833814627491e-05 3.10564646497369e-05 3.04835666611325e-05 2.99106686725281e-05 2.93377725029131e-05 2.92582608381053e-05 2.91787491732975e-05 2.90992375084898e-05 2.89052477455698e-05 2.8367821869324e-05 2.78303978120675e-05 2.72929737548111e-05 2.68989751930349e-05 2.66484021267388e-05 2.63978290604427e-05
8.33287122077309e-05 8.18818516563624e-05 8.0434991104994e-05 7.89881232776679e-05 7.72685671108775e-05 7.47309022699483e-05 7.21932374290191e-05 6.96555798640475e-05 6.66812338749878e-05 6.32702067377977e-05 5.98591759626288e-05 5.64481488254387e-05 5.34724749741144e-05 5.06419164594263e-05 4.78113579447381e-05 4.498079943005e-05 4.22435186919756e-05 3.95062379539013e-05 3.6768957215827e-05 3.48315297742374e-05 3.52936658600811e-05 3.57558019459248e-05 3.62179380317684e-05 3.5704633774003e-05 3.42158818966709e-05 3.27271336573176e-05 3.12383817799855e-05 3.09560709865764e-05 3.1075906008482e-05 3.11957410303876e-05 3.13155760522932e-05 3.11438270728104e-05 3.09720817313064e-05 3.08003327518236e-05 3.05414650938474e-05 3.00212304864544e-05 2.95009958790615e-05 2.8980763090658e-05 2.86362392216688e-05 2.84674279100727e-05 2.82986165984767e-05
9.44073763093911e-05 9.2232643510215e-05 9.00579107110389e-05 8.78831779118627e-05 8.54956524563022e-05 8.24697417556308e-05 7.94438310549594e-05 7.64179276302457e-05 7.31003965483978e-05 6.94912450853735e-05 6.58821008983068e-05 6.22729567112401e-05 5.91555835853796e-05 5.62021414225455e-05 5.32486992597114e-05 5.02952570968773e-05 4.77918401884381e-05 4.52884232799988e-05 4.27850063715596e-05 4.082989107701e-05 4.05196879000869e-05 4.0209481085185e-05 3.98992779082619e-05 3.91277535527479e-05 3.78949116566218e-05 3.66620697604958e-05 3.54292278643698e-05 3.51403250533622e-05 3.51660637534223e-05 3.51918024534825e-05 3.52175411535427e-05 3.49601250491105e-05 3.47027053066995e-05 3.44452855642885e-05 3.41796403517947e-05 3.38893078151159e-05 3.35989789164159e-05 3.3308650017716e-05 3.31968331011012e-05 3.32635245285928e-05 3.33302195940632e-05
0.000105486047687009 0.000102583442640025 9.96808375930414e-05 9.67782325460576e-05 9.37227378017269e-05 9.02085812413134e-05 8.66944246808998e-05 8.31802681204863e-05 7.95195592218079e-05 7.57122907089069e-05 7.1905022196006e-05 6.80977609590627e-05 6.48386994726025e-05 6.17623663856648e-05 5.86860405746847e-05 5.56097147637047e-05 5.33401616849005e-05 5.10706086060964e-05 4.88010555272922e-05 4.68282523797825e-05 4.57457063021138e-05 4.46631602244452e-05 4.35806177847553e-05 4.25508769694716e-05 4.15739450545516e-05 4.05970095016528e-05 3.96200775867328e-05 3.93245754821692e-05 3.92562214983627e-05 3.91878638765775e-05 3.9119509892771e-05 3.87764193874318e-05 3.84333288820926e-05 3.80902383767534e-05 3.78178119717631e-05 3.77573887817562e-05 3.76969619537704e-05 3.76365387637634e-05 3.77574251615442e-05 3.80596211471129e-05 3.83618207706604e-05
0.000110905384644866 0.000107892927189823 0.00010488046973478 0.000101868012279738 9.8749078460969e-05 9.53107009991072e-05 9.18723235372454e-05 8.8433938799426e-05 8.49106581881642e-05 8.1302467151545e-05 7.76942833908834e-05 7.40860923542641e-05 7.09906962583773e-05 6.80662342347205e-05 6.5141764935106e-05 6.22173029114492e-05 6.01286446908489e-05 5.80399828322697e-05 5.59513246116694e-05 5.39999673492275e-05 5.24605020473246e-05 5.09210367454216e-05 4.93815714435186e-05 4.81086426589172e-05 4.71022503916174e-05 4.60958617622964e-05 4.50894731329754e-05 4.45691293862183e-05 4.4210803025635e-05 4.38524730270728e-05 4.34941466664895e-05 4.30589134339243e-05 4.26236802013591e-05 4.21884506067727e-05 4.18649869970977e-05 4.18768286181148e-05 4.18886738771107e-05 4.19005191361066e-05 4.20202559325844e-05 4.22478806285653e-05 4.24755053245462e-05
0.000110665387182962 0.000108161097159609 0.000105656807136256 0.000103152524388861 0.000100574667158071 9.77760864770971e-05 9.49775130720809e-05 9.21789396670647e-05 8.92736934474669e-05 8.62617816892453e-05 8.32498699310236e-05 8.02379508968443e-05 7.76115848566405e-05 7.51137267798185e-05 7.26158759789541e-05 7.01180179021321e-05 6.81572855683044e-05 6.61965532344766e-05 6.42358209006488e-05 6.23450323473662e-05 6.06640678597614e-05 5.89831033721566e-05 5.73021388845518e-05 5.58010506210849e-05 5.44798385817558e-05 5.31586265424266e-05 5.18374145030975e-05 5.08739794895519e-05 5.00298046972603e-05 4.91856335429475e-05 4.83414587506559e-05 4.78076108265668e-05 4.72737665404566e-05 4.67399222543463e-05 4.63211581518408e-05 4.62476382381283e-05 4.61741183244158e-05 4.61005984107032e-05 4.59853254142217e-05 4.58282993349712e-05 4.56712696177419e-05
0.000110425389721058 0.000108429267129395 0.00010643315181369 0.000104437029222026 0.000102400248579215 0.000100241479231045 9.8082709882874e-05 9.59239405347034e-05 9.36367359827272e-05 9.12210962269455e-05 8.88054564711638e-05 8.6389816715382e-05 8.42324734549038e-05 8.21612266008742e-05 8.00899870228022e-05 7.80187401687726e-05 7.61859337217174e-05 7.43531272746623e-05 7.25203135516495e-05 7.06900973455049e-05 6.88676300342195e-05 6.70451699988917e-05 6.52227099635638e-05 6.34934622212313e-05 6.18574267718941e-05 6.02213913225569e-05 5.85853558732197e-05 5.71788332308643e-05 5.58488100068644e-05 5.45187904208433e-05 5.31887671968434e-05 5.25563082192093e-05 5.19238492415752e-05 5.12913939019199e-05 5.07773293065839e-05 5.06184442201629e-05 5.0459559133742e-05 5.03006776852999e-05 4.99503948958591e-05 4.94087144033983e-05 4.88670375489164e-05
9.04742701095529e-05 8.94685726962052e-05 8.84628680069e-05 8.74571633175947e-05 8.64368194015697e-05 8.53725723573007e-05 8.43083253130317e-05 8.32440782687627e-05 8.21075955173001e-05 8.08988625067286e-05 7.96901367721148e-05 7.84814110375009e-05 7.7424971095752e-05 7.64192882343195e-05 7.54136126488447e-05 7.44079297874123e-05 7.35042631276883e-05 7.26005891920067e-05 7.16969225322828e-05 7.07637591403909e-05 6.9742112827953e-05 6.8720466515515e-05 6.7698820203077e-05 6.65865081828088e-05 6.53835450066254e-05 6.41805745544843e-05 6.29776113783009e-05 6.17907644482329e-05 6.0609290812863e-05 5.94278171774931e-05 5.82463435421232e-05 5.78682484047022e-05 5.74901569052599e-05 5.71120654058177e-05 5.66844282730017e-05 5.61081506020855e-05 5.55318729311693e-05 5.49555952602532e-05 5.46665833098814e-05 5.4664837080054e-05 5.46630908502266e-05
7.05231577740051e-05 7.05078709870577e-05 7.04925769241527e-05 7.04772901372053e-05 7.04733902239241e-05 7.05036727595143e-05 7.05339480191469e-05 7.05642232787795e-05 7.05784550518729e-05 7.05766360624693e-05 7.05748243490234e-05 7.05730053596199e-05 7.06174687366001e-05 7.06773498677649e-05 7.07372382748872e-05 7.07971194060519e-05 7.08225925336592e-05 7.08480583853088e-05 7.08735315129161e-05 7.08374282112345e-05 7.06165956216864e-05 7.03957630321383e-05 7.01749304425903e-05 6.96795614203438e-05 6.89096632413566e-05 6.81397650623694e-05 6.73698596074246e-05 6.64026956656016e-05 6.53697643429041e-05 6.43368402961642e-05 6.33039162494242e-05 6.3180188590195e-05 6.30564682069235e-05 6.29327405476943e-05 6.25915272394195e-05 6.15978569840081e-05 6.06041867285967e-05 5.96105128352065e-05 5.93827717239037e-05 5.99209597567096e-05 6.04591477895156e-05
5.41612789675128e-05 5.45994298590813e-05 5.50375807506498e-05 5.54757316422183e-05 5.59523286938202e-05 5.65442678635009e-05 5.71362033952028e-05 5.77281425648835e-05 5.83453256695066e-05 5.89877527090721e-05 5.96301797486376e-05 6.02726104261819e-05 6.09355956839863e-05 6.16054312558845e-05 6.22752704657614e-05 6.29451023996808e-05 6.35843316558748e-05 6.42235609120689e-05 6.4862790168263e-05 6.54577961540781e-05 6.59201105008833e-05 6.63824248476885e-05 6.68447391944937e-05 6.70202643959783e-05 6.69090150040574e-05 6.6797758336179e-05 6.66865016683005e-05 6.63546597934328e-05 6.59492870909162e-05 6.55439143883996e-05 6.5138541685883e-05 6.54473478789441e-05 6.57561467960477e-05 6.60649529891089e-05 6.59996076137759e-05 6.48118148092181e-05 6.36240220046602e-05 6.243623647606e-05 6.27738481853157e-05 6.46368571324274e-05 6.64998660795391e-05
4.13886373280548e-05 4.17432529502548e-05 4.20978685724549e-05 4.2452484194655e-05 4.28736311732791e-05 4.3494364945218e-05 4.41151023551356e-05 4.47358361270744e-05 4.54082073702011e-05 4.61322124465369e-05 4.68562138848938e-05 4.75802189612295e-05 4.83793519379105e-05 4.92035287606996e-05 5.00277092214674e-05 5.08518860442564e-05 5.17894914082717e-05 5.27271004102658e-05 5.366470941226e-05 5.46248629689217e-05 5.56526574655436e-05 5.66804519621655e-05 5.77082464587875e-05 5.86086280236486e-05 5.9381596656749e-05 6.01545652898494e-05 6.0927530284971e-05 6.1646664107684e-05 6.23478481429629e-05 6.30490394541994e-05 6.37502234894782e-05 6.4669715357013e-05 6.55892072245479e-05 6.65086990920827e-05 6.69086584821344e-05 6.57500277156942e-05 6.4591396949254e-05 6.34327589068562e-05 6.48398054181598e-05 6.88125292072073e-05 7.27852529962547e-05
2.86159993265755e-05 2.88870796794072e-05 2.91581582132494e-05 2.9429238566081e-05 2.97949318337487e-05 3.04444656649139e-05 3.10939976770896e-05 3.17435333272442e-05 3.24710890708957e-05 3.32766685460228e-05 3.408224802115e-05 3.48878274962772e-05 3.58231118298136e-05 3.68016299034934e-05 3.77801479771733e-05 3.87586660508532e-05 3.99946511606686e-05 4.1230636270484e-05 4.24666213802993e-05 4.37919297837652e-05 4.53852044302039e-05 4.69784790766425e-05 4.85717537230812e-05 5.01969880133402e-05 5.18541783094406e-05 5.35113686055411e-05 5.51685625396203e-05 5.69386684219353e-05 5.87464128329884e-05 6.05541608820204e-05 6.23619052930735e-05 6.3892082835082e-05 6.5422267653048e-05 6.69524451950565e-05 6.78177166264504e-05 6.66882406221703e-05 6.55587646178901e-05 6.442928861361e-05 6.69057699269615e-05 7.29882012819871e-05 7.90706399129704e-05
2.45745031861588e-05 2.48809810727835e-05 2.51874589594081e-05 2.54939368460327e-05 2.58595628110925e-05 2.64026384684257e-05 2.6945714125759e-05 2.74887897830922e-05 2.80700423900271e-05 2.86894701275742e-05 2.93088978651213e-05 2.99283256026683e-05 3.06747388094664e-05 3.14634744427167e-05 3.22522137139458e-05 3.3040952985175e-05 3.40889164363034e-05 3.51368798874319e-05 3.61848397005815e-05 3.73101320292335e-05 3.86674219043925e-05 4.00247081415728e-05 4.13819980167318e-05 4.28937237302307e-05 4.45598925580271e-05 4.62260613858234e-05 4.78922302136198e-05 4.96195643790998e-05 5.13672857778147e-05 5.31150108145084e-05 5.48627322132234e-05 5.6843928177841e-05 5.88251241424587e-05 6.08063237450551e-05 6.33352756267413e-05 6.75075061735697e-05 7.1679736720398e-05 7.58519599912688e-05 7.85326628829353e-05 7.97218453953974e-05 8.09110206319019e-05
2.05330088647315e-05 2.08748842851492e-05 2.12167578865774e-05 2.1558633306995e-05 2.19241956074256e-05 2.2360813090927e-05 2.27974305744283e-05 2.32340480579296e-05 2.36689957091585e-05 2.41022717091255e-05 2.45355477090925e-05 2.49688255280489e-05 2.55263639701298e-05 2.61253226199187e-05 2.67242812697077e-05 2.73232417384861e-05 2.81831798929488e-05 2.9043119866401e-05 2.99030580208637e-05 3.08283379126806e-05 3.19496393785812e-05 3.3070937206503e-05 3.41922386724036e-05 3.55904630851001e-05 3.72656068066135e-05 3.89407541661058e-05 4.0615901525598e-05 4.23004603362642e-05 4.39881587226409e-05 4.56758571090177e-05 4.73635591333732e-05 4.97957698826212e-05 5.22279842698481e-05 5.46601986570749e-05 5.88528419029898e-05 6.83267717249691e-05 7.78007088229059e-05 8.72746386448853e-05 9.01595631148666e-05 8.645548223285e-05 8.27514013508335e-05
