Data/Covariate_Data/Formatted/PalaeoClimate/MaasPrecip_1.asc
NCOLS 360 
NROWS 180 
XLLCORNER -180 
YLLCORNER -90 
CELLSIZE 1 
NODATA_value -9999 
[rows 126 to 143 of 180, columns 164 to 204 of 360]
2.45828850893304e-05 2.40326662606094e-05 2.33436076086946e-05 2.26545489567798e-05 2.19654921238543e-05 2.10699345188914e-05 2.01055445359088e-05 1.91411545529263e-05 1.81767645699438e-05 1.62476753757801e-05 1.43185870911111e-05 1.23894988064421e-05 1.06369070635992e-05 9.41380676522385e-06 8.19070555735379e-06 6.96760525897844e-06 7.62886338634416e-06 1.01744808489457e-05 1.27200974020525e-05 1.52657139551593e-05 1.64613411470782e-05 1.72069721884327e-05 1.79526032297872e-05 1.86982342711417e-05 1.46742531796917e-05 1.06502711787471e-05 6.62629008729709e-06 4.50051675215946e-06 8.06936805020086e-06 1.16382198029896e-05 1.52070715557784e-05 1.74289998540189e-05 1.83040065167006e-05 1.91790131793823e-05 2.0054019842064e-05 2.58380350715015e-05 3.32583877025172e-05 4.06787403335329e-05 4.80990929645486e-05 4.81248316646088e-05 4.8150570364669e-05
2.79206651612185e-05 2.73580972134368e-05 2.66837523668073e-05 2.60094075201778e-05 2.53350626735482e-05 2.44772236328572e-05 2.35582192544825e-05 2.26392130571185e-05 2.17202086787438e-05 1.95830125448992e-05 1.74458164110547e-05 1.53086202772101e-05 1.33144139908836e-05 1.17491827040794e-05 1.01839505077805e-05 8.61871831148164e-06 9.4927299869596e-06 1.28059846247197e-05 1.61192401719745e-05 1.94324948097346e-05 2.08019991987385e-05 2.15235868381569e-05 2.22451762965648e-05 2.29667639359832e-05 1.80855222424725e-05 1.32042823679512e-05 8.32304158393526e-06 5.50872482563136e-06 8.89518014446367e-06 1.2281635463296e-05 1.56680907821283e-05 1.87542227649828e-05 2.15400286833756e-05 2.43258346017683e-05 2.7111640520161e-05 3.28208770952187e-05 3.95045935874805e-05 4.61883064417634e-05 5.28720229340252e-05 5.40541259397287e-05 5.52362289454322e-05
3.19249847962055e-05 3.13102245854679e-05 3.04074801533716e-05 2.95047339022858e-05 2.86019894701894e-05 2.77574181382079e-05 2.69322408712469e-05 2.61070617852965e-05 2.52818845183356e-05 2.29604520427529e-05 2.06390213861596e-05 1.83175907295663e-05 1.62149972311454e-05 1.47689197547152e-05 1.3322842278285e-05 1.18767648018547e-05 1.24977023006068e-05 1.51856556840357e-05 1.787360815797e-05 2.0561561541399e-05 2.13348212128039e-05 2.1469848434208e-05 2.1604875655612e-05 2.17399046960054e-05 1.87347432074603e-05 1.57295817189151e-05 1.272442023037e-05 1.14583053800743e-05 1.54093286255375e-05 1.93603518710006e-05 2.33113751164638e-05 2.56341227213852e-05 2.63285928667756e-05 2.70230630121659e-05 2.77175331575563e-05 3.33755560859572e-05 4.06880972150248e-05 4.80006383440923e-05 5.53131794731598e-05 5.62285458727274e-05 5.7143912272295e-05
3.59293044311926e-05 3.52623537764885e-05 3.41312079399358e-05 3.30000621033832e-05 3.18689162668306e-05 3.10376162815373e-05 3.03062624880113e-05 2.95749105134746e-05 2.88435585389379e-05 2.63378933595959e-05 2.38322281802539e-05 2.13265611819224e-05 1.91155813809019e-05 1.77886577148456e-05 1.64617340487894e-05 1.51348112922278e-05 1.55026755237486e-05 1.75653258338571e-05 1.96279779629549e-05 2.16906282730633e-05 2.186764140788e-05 2.1416110030259e-05 2.09645768336486e-05 2.05130454560276e-05 1.93839623534586e-05 1.8254881069879e-05 1.71257997862995e-05 1.7407886844012e-05 2.19234771066112e-05 2.64390691881999e-05 3.09546594507992e-05 3.2514024496777e-05 3.11171570501756e-05 2.9720293241553e-05 2.8323427613941e-05 3.39302350766957e-05 4.1871600842569e-05 4.98129666084424e-05 5.77543323743157e-05 5.84029621677473e-05 5.90515955991577e-05
3.98690790461842e-05 3.92244182876311e-05 3.7891892134212e-05 3.65593696187716e-05 3.52268434653524e-05 3.4375894756522e-05 3.36854718625546e-05 3.29950453306083e-05 3.23046224366408e-05 2.96885355055565e-05 2.70724485744722e-05 2.44563598243985e-05 2.21540612983517e-05 2.07931225304492e-05 1.94321837625466e-05 1.80712449946441e-05 1.84118835022673e-05 2.04540992854163e-05 2.24963168875547e-05 2.45385326707037e-05 2.49360618909122e-05 2.47853640757967e-05 2.46346644416917e-05 2.44839648075867e-05 2.42249388975324e-05 2.39659129874781e-05 2.37068870774237e-05 2.44930470216786e-05 2.84147627098719e-05 3.23364765790757e-05 3.62581922672689e-05 3.69679255527444e-05 3.44656727975234e-05 3.19634236802813e-05 2.94611727440497e-05 3.41095001203939e-05 4.11413529946003e-05 4.81732095067855e-05 5.52050623809919e-05 5.67262541153468e-05 5.82474494876806e-05
4.3744315917138e-05 4.3196418118896e-05 4.16895381931681e-05 4.01826582674403e-05 3.86757747037336e-05 3.77722608391196e-05 3.70698653568979e-05 3.63674698746763e-05 3.56650743924547e-05 3.30123802996241e-05 3.0359684387804e-05 2.7706988475984e-05 2.53304351645056e-05 2.37823132920312e-05 2.22341896005673e-05 2.06860659091035e-05 2.12253289646469e-05 2.38519769482082e-05 2.64786249317694e-05 2.91052747343201e-05 3.05400826619007e-05 3.15776087518316e-05 3.26151384797413e-05 3.36526645696722e-05 3.32576710206922e-05 3.28626774717122e-05 3.24676839227322e-05 3.27137895510532e-05 3.48831817973405e-05 3.70525776816066e-05 3.9221969927894e-05 3.89958258892875e-05 3.63741382898297e-05 3.37524543283507e-05 3.11307667288929e-05 3.3913351217052e-05 3.84973573090974e-05 4.30813597631641e-05 4.76653658552095e-05 5.11984180775471e-05 5.47314702998847e-05
4.7619549150113e-05 4.71684215881396e-05 4.54871842521243e-05 4.3805946916109e-05 4.21247095800936e-05 4.11686232837383e-05 4.04542588512413e-05 3.97398907807656e-05 3.90255263482686e-05 3.63362232747022e-05 3.36469202011358e-05 3.09576171275694e-05 2.85068108496489e-05 2.67715022346238e-05 2.5036195438588e-05 2.33008868235629e-05 2.40387726080371e-05 2.7249854611e-05 3.04609347949736e-05 3.36720149789471e-05 3.61441016138997e-05 3.83698570658453e-05 4.05956088798121e-05 4.28213643317576e-05 4.22904049628414e-05 4.17594419559464e-05 4.12284825870302e-05 4.09345302614383e-05 4.13516027037986e-05 4.17686787841376e-05 4.21857512264978e-05 4.10237262258306e-05 3.82826074201148e-05 3.55414849764202e-05 3.28003625327256e-05 3.371720231371e-05 3.58533579856157e-05 3.79895136575215e-05 4.01256693294272e-05 4.56705820397474e-05 5.12154947500676e-05
4.92632570967544e-05 4.89513913635165e-05 4.76516433991492e-05 4.63518990727607e-05 4.50521547463723e-05 4.40717994933948e-05 4.31979096902069e-05 4.23240198870189e-05 4.1450130083831e-05 3.91982866858598e-05 3.69464432878885e-05 3.46945998899173e-05 3.25203836837318e-05 3.0579056328861e-05 2.86377307929797e-05 2.66964052570984e-05 2.67338218691293e-05 2.87499824480619e-05 3.07661430269945e-05 3.27823036059272e-05 3.36671255354304e-05 3.41748309438117e-05 3.4682536352193e-05 3.51902417605743e-05 3.46935958077665e-05 3.41969534929376e-05 3.37003075401299e-05 3.35630975314416e-05 3.45041917171329e-05 3.54452859028243e-05 3.63863800885156e-05 3.63675098924432e-05 3.53886753146071e-05 3.44098370987922e-05 3.34310025209561e-05 3.43478823197074e-05 3.58966681233142e-05 3.74454539269209e-05 3.89942397305276e-05 4.28555140388198e-05 4.6716788347112e-05
5.0906961405417e-05 5.07343611388933e-05 4.98161061841529e-05 4.88978512294125e-05 4.79795999126509e-05 4.69749757030513e-05 4.59415605291724e-05 4.49081453552935e-05 4.38747301814146e-05 4.20603464590386e-05 4.02459627366625e-05 3.84315790142864e-05 3.65339583368041e-05 3.43866122420877e-05 3.22392661473714e-05 3.00919236906338e-05 2.94288711302215e-05 3.02501121041132e-05 3.10713512590155e-05 3.18925922329072e-05 3.11901458189823e-05 2.99798048217781e-05 2.87694638245739e-05 2.75591228273697e-05 2.70967921096599e-05 2.663446139195e-05 2.61721306742402e-05 2.61916611634661e-05 2.76567789114779e-05 2.91218948405003e-05 3.05870125885122e-05 3.17112935590558e-05 3.24947432090994e-05 3.32781892211642e-05 3.40616388712078e-05 3.49785623257048e-05 3.59399782610126e-05 3.69013941963203e-05 3.78628101316281e-05 4.00404460378923e-05 4.22180783061776e-05
5.14362618559971e-05 5.13773193233646e-05 5.08529337821528e-05 5.03285446029622e-05 4.98041590617504e-05 4.8801040975377e-05 4.76383465866093e-05 4.64756521978416e-05 4.53129578090739e-05 4.38897477579303e-05 4.24665413447656e-05 4.1043331293622e-05 3.94509297620971e-05 3.73509501514491e-05 3.52509705408011e-05 3.31509909301531e-05 3.20695980917662e-05 3.20067956636194e-05 3.19439932354726e-05 3.18811908073258e-05 3.05870635202155e-05 2.88824958261102e-05 2.7177928132005e-05 2.54733604378998e-05 2.48781107075047e-05 2.42828609771095e-05 2.36876112467144e-05 2.35485786106437e-05 2.47782027145149e-05 2.60078268183861e-05 2.72374509222573e-05 2.85454116237815e-05 2.99317071039695e-05 3.13180025841575e-05 3.27042980643455e-05 3.35575750796124e-05 3.4233173209941e-05 3.49087749782484e-05 3.55843767465558e-05 3.69359004253056e-05 3.82874241040554e-05
5.08511511725374e-05 5.08802659169305e-05 5.07621225551702e-05 5.06439791934099e-05 5.05258358316496e-05 4.95500025863294e-05 4.82882715004962e-05 4.7026540414663e-05 4.57648056908511e-05 4.46864869445562e-05 4.36081681982614e-05 4.25298494519666e-05 4.12713015975896e-05 3.94720700569451e-05 3.76728385163005e-05 3.58736033376772e-05 3.46560045727529e-05 3.40200385835487e-05 3.33840689563658e-05 3.27481029671617e-05 3.18578786391299e-05 3.08829039568081e-05 2.99079310934758e-05 2.8932956411154e-05 2.80375534202904e-05 2.71421504294267e-05 2.6246747438563e-05 2.56338498729747e-05 2.58684667642228e-05 2.6103083655471e-05 2.63377005467191e-05 2.68698622676311e-05 2.76995669992175e-05 2.85292735497933e-05 2.93589801003691e-05 3.00849133054726e-05 3.07762566080783e-05 3.14675999106839e-05 3.21589468512684e-05 3.35418844770174e-05 3.49248221027665e-05
5.02660441270564e-05 5.03832125104964e-05 5.06713113281876e-05 5.09594137838576e-05 5.12475126015488e-05 5.02989605593029e-05 4.89381927764043e-05 4.75774249935057e-05 4.62166572106071e-05 4.54832261311822e-05 4.47497986897361e-05 4.40163676103111e-05 4.30916734330822e-05 4.15931899624411e-05 4.00947028538212e-05 3.85962193831801e-05 3.72424110537395e-05 3.60332778654993e-05 3.4824144677259e-05 3.36150114890188e-05 3.31286937580444e-05 3.28833120875061e-05 3.26379340549465e-05 3.23925523844082e-05 3.1196996133076e-05 3.00014417007333e-05 2.88058854494011e-05 2.77191211353056e-05 2.69587308139307e-05 2.61983404925559e-05 2.5437950171181e-05 2.51943129114807e-05 2.54674287134549e-05 2.57405445154291e-05 2.60136603174033e-05 2.66122551693115e-05 2.73193400062155e-05 2.80264266621089e-05 2.87335133180022e-05 3.01478648907505e-05 3.15622164634988e-05
4.87235047330614e-05 4.89389931317419e-05 4.92718500026967e-05 4.96047068736516e-05 4.99375673825853e-05 4.91586761199869e-05 4.8009205784183e-05 4.68597354483791e-05 4.57102614745963e-05 4.50951411039568e-05 4.44800243712962e-05 4.38649040006567e-05 4.30991967732552e-05 4.18817362515256e-05 4.06642720918171e-05 3.94468079321086e-05 3.82130601792596e-05 3.69630288332701e-05 3.57129938493017e-05 3.44629625033122e-05 3.39121179422364e-05 3.35943332174793e-05 3.3276552130701e-05 3.29587674059439e-05 3.195315002813e-05 3.09475326503161e-05 2.99419170914916e-05 2.90068619506201e-05 2.82834971585544e-05 2.75601341854781e-05 2.68367693934124e-05 2.656325159478e-05 2.67395807895809e-05 2.69159099843819e-05 2.70922391791828e-05 2.75876864179736e-05 2.81895063380944e-05 2.87913262582151e-05 2.93931461783359e-05 3.06009751511738e-05 3.18088023050223e-05
4.71809617010877e-05 4.74947701150086e-05 4.78723886772059e-05 4.82500036014244e-05 4.86276185256429e-05 4.80183916806709e-05 4.70802187919617e-05 4.61420422652736e-05 4.52038657385856e-05 4.47070597147103e-05 4.42102500528563e-05 4.37134403910022e-05 4.31067237514071e-05 4.21702825406101e-05 4.1233841329813e-05 4.02974001190159e-05 3.91837129427586e-05 3.78927798010409e-05 3.66018466593232e-05 3.53109135176055e-05 3.46955421264283e-05 3.43053543474525e-05 3.39151702064555e-05 3.35249860654585e-05 3.27093075611629e-05 3.18936290568672e-05 3.10779469145928e-05 3.02946045849239e-05 2.96082653221674e-05 2.89219278784003e-05 2.82355886156438e-05 2.79321902780794e-05 2.8011732865707e-05 2.80912736343453e-05 2.81708162219729e-05 2.85631176666357e-05 2.90596708509838e-05 2.95562258543214e-05 3.00527790386695e-05 3.1054085411597e-05 3.20553881465457e-05
4.53558350272942e-05 4.56758643849753e-05 4.60889532405417e-05 4.65020420961082e-05 4.69151345896535e-05 4.6534067223547e-05 4.58882823295426e-05 4.52424974355381e-05 4.45967125415336e-05 4.41371012129821e-05 4.36774898844305e-05 4.32178749179002e-05 4.27065424446482e-05 4.20400501752738e-05 4.13735615438782e-05 4.07070692745037e-05 3.97948024328798e-05 3.86367610190064e-05 3.74787232431117e-05 3.63206818292383e-05 3.56603777618147e-05 3.51659909938462e-05 3.46716005878989e-05 3.41772138199303e-05 3.35566655849107e-05 3.2936117349891e-05 3.23155691148713e-05 3.17007288686e-05 3.11030016746372e-05 3.05052781186532e-05 2.99075527436798e-05 2.96007547149202e-05 2.95848840323742e-05 2.95690133498283e-05 2.95531426672824e-05 2.98851500701858e-05 3.03331144095864e-05 3.07810769299977e-05 3.12290430883877e-05 3.20167309837416e-05 3.28044225170743e-05
4.32481174357235e-05 4.34822686656844e-05 4.39215473306831e-05 4.43608296336606e-05 4.48001082986593e-05 4.47057027486153e-05 4.44334036728833e-05 4.41611009591725e-05 4.38888018834405e-05 4.33852728747297e-05 4.28817402280401e-05 4.23782075813506e-05 4.18986564909574e-05 4.14910427934956e-05 4.10834327340126e-05 4.06758190365508e-05 4.00463322876021e-05 3.91949761251453e-05 3.83436199626885e-05 3.74922638002317e-05 3.68066321243532e-05 3.61762395186815e-05 3.55458469130099e-05 3.49154543073382e-05 3.44952313753311e-05 3.40750048053451e-05 3.36547818733379e-05 3.32252311636694e-05 3.27677080349531e-05 3.23101849062368e-05 3.18526617775206e-05 3.15689467242919e-05 3.14590397465508e-05 3.1349129130831e-05 3.12392221530899e-05 3.15537836286239e-05 3.20098333759233e-05 3.24658867612015e-05 3.29219365085009e-05 3.3488919143565e-05 3.40559054166079e-05
4.11403998441528e-05 4.12886765843723e-05 4.17541450588032e-05 4.22196135332342e-05 4.26850820076652e-05 4.28773382736835e-05 4.29785213782452e-05 4.30797081207856e-05 4.31808912253473e-05 4.26334408984985e-05 4.20859905716497e-05 4.1538540244801e-05 4.10907705372665e-05 4.09420354117174e-05 4.0793303924147e-05 4.06445687985979e-05 4.02978657803033e-05 3.97531912312843e-05 3.92085203202441e-05 3.8663849409204e-05 3.79528828489128e-05 3.71864880435169e-05 3.64200896001421e-05 3.56536947947461e-05 3.54337935277727e-05 3.52138922607992e-05 3.49939909938257e-05 3.47497370967176e-05 3.4432414395269e-05 3.41150953317992e-05 3.37977726303507e-05 3.3537140552653e-05 3.33331918227486e-05 3.31292467308231e-05 3.29252980009187e-05 3.32224153680727e-05 3.36865523422603e-05 3.41506929544266e-05 3.46148299286142e-05 3.49611073033884e-05 3.53073883161414e-05
3.95768838643562e-05 3.98194970330223e-05 4.01926881750114e-05 4.05658793170005e-05 4.09390668210108e-05 4.10422653658316e-05 4.10554639529437e-05 4.1068658902077e-05 4.10818574891891e-05 4.08696614613291e-05 4.06574617954902e-05 4.04452657676302e-05 4.02625992137473e-05 4.01685283577535e-05 4.00744575017598e-05 3.9980386645766e-05 3.96638715756126e-05 3.91249086533207e-05 3.85859457310289e-05 3.80469864467159e-05 3.75696872652043e-05 3.71129390259739e-05 3.66561944247223e-05 3.61994498234708e-05 3.60211415681988e-05 3.58428333129268e-05 3.56645250576548e-05 3.54215517290868e-05 3.49845904565882e-05 3.45476255461108e-05 3.41106642736122e-05 3.387291872059e-05 3.38343852490652e-05 3.37958517775405e-05 3.37573183060158e-05 3.40414117090404e-05 3.44330510415602e-05 3.48246903740801e-05 3.52163297065999e-05 3.5273507819511e-05 3.53306859324221e-05
