Data/Covariate_Data/Formatted/PalaeoClimate/MaasPrecip_1.asc
NCOLS 360 
NROWS 180 
XLLCORNER -180 
YLLCORNER -90 
CELLSIZE 1 
NODATA_value -9999 
[rows 144 to 161 of 180, columns 164 to 204 of 360]
3.80133678845596e-05 3.83503211196512e-05 3.86312312912196e-05 3.8912141462788e-05 3.91930516343564e-05 3.92071888200007e-05 3.91324028896634e-05 3.90576133213472e-05 3.89828273910098e-05 3.91058820241597e-05 3.92289366573095e-05 3.93519912904594e-05 3.94344278902281e-05 3.93950213037897e-05 3.93556147173513e-05 3.93162081309129e-05 3.90298773709219e-05 3.84966260753572e-05 3.79633747797925e-05 3.74301234842278e-05 3.71864880435169e-05 3.70393936464097e-05 3.68922992493026e-05 3.67452048521955e-05 3.6608489608625e-05 3.64717707270756e-05 3.63350554835051e-05 3.6093366361456e-05 3.55367628799286e-05 3.49801593984012e-05 3.44235559168737e-05 3.42086968885269e-05 3.4335575037403e-05 3.4462456824258e-05 3.45893349731341e-05 3.48604116879869e-05 3.51795497408602e-05 3.54986877937336e-05 3.58178294845857e-05 3.55859046976548e-05 3.53539835487027e-05
3.63309809472412e-05 3.66930253221653e-05 3.69562112609856e-05 3.72193971998058e-05 3.74825831386261e-05 3.74922492483165e-05 3.74174051103182e-05 3.73425609723199e-05 3.72677168343216e-05 3.75480885850266e-05 3.78284639737103e-05 3.81088357244153e-05 3.83301739930175e-05 3.83744009013753e-05 3.8418631447712e-05 3.84628619940486e-05 3.82609141524881e-05 3.78127879230306e-05 3.7364661693573e-05 3.69165354641154e-05 3.67810716852546e-05 3.67498287232593e-05 3.6718585761264e-05 3.66873464372475e-05 3.6622575862566e-05 3.65578089258634e-05 3.64930383511819e-05 3.6322497180663e-05 3.58346296707168e-05 3.53467621607706e-05 3.48588946508244e-05 3.46859087585472e-05 3.4827804483939e-05 3.49697002093308e-05 3.51115959347226e-05 3.53227551386226e-05 3.55570045940112e-05 3.57912540493999e-05 3.60255035047885e-05 3.57217941200361e-05 3.54180883732624e-05
3.45297266903799e-05 3.4847606002586e-05 3.51676244463306e-05 3.54876428900752e-05 3.58076613338199e-05 3.58974393748213e-05 3.59104706149083e-05 3.59234982170165e-05 3.59365294571035e-05 3.61962884198874e-05 3.64560473826714e-05 3.67158063454553e-05 3.69498338841368e-05 3.71066707884893e-05 3.72635113308206e-05 3.74203482351732e-05 3.73569746443536e-05 3.7073390558362e-05 3.67898064723704e-05 3.65062223863788e-05 3.63534345524386e-05 3.62442478945013e-05 3.61350612365641e-05 3.6025870940648e-05 3.60634076059796e-05 3.61009442713112e-05 3.61384772986639e-05 3.61089405487292e-05 3.58781871909741e-05 3.56474338332191e-05 3.54166804754641e-05 3.53045579686295e-05 3.53110699506942e-05 3.53175819327589e-05 3.53240939148236e-05 3.5428449336905e-05 3.55654156010132e-05 3.57023855031002e-05 3.58393517672084e-05 3.56811724486761e-05 3.55229967681225e-05
3.27284687955398e-05 3.30021903209854e-05 3.33790412696544e-05 3.37558885803446e-05 3.41327395290136e-05 3.4302629501326e-05 3.44035324815195e-05 3.45044390996918e-05 3.46053420798853e-05 3.48444846167695e-05 3.50836307916325e-05 3.53227733285166e-05 3.5569493775256e-05 3.58389406756032e-05 3.61083875759505e-05 3.63778344762977e-05 3.64530387741979e-05 3.63339931936935e-05 3.62149512511678e-05 3.60959093086421e-05 3.59257974196225e-05 3.57386634277645e-05 3.55515330738854e-05 3.53643990820274e-05 3.55042393493932e-05 3.56440759787802e-05 3.5783916246146e-05 3.58953839167953e-05 3.59217447112314e-05 3.59481055056676e-05 3.5974462662125e-05 3.59232071787119e-05 3.57943354174495e-05 3.56654672941659e-05 3.55365955329034e-05 3.55341435351875e-05 3.55738266080152e-05 3.56135133188218e-05 3.56532000296284e-05 3.56405507773161e-05 3.56279015250038e-05
3.14672652166337e-05 3.1690979085397e-05 3.19941354973707e-05 3.22972955473233e-05 3.26004555972759e-05 3.284389822511e-05 3.30674374708906e-05 3.32909730786923e-05 3.35145123244729e-05 3.37551682605408e-05 3.39958241966087e-05 3.42364801326767e-05 3.44768814102281e-05 3.47165223502088e-05 3.49561596522108e-05 3.51958005921915e-05 3.53338873537723e-05 3.53704235749319e-05 3.54069597960915e-05 3.54434960172512e-05 3.54062758560758e-05 3.53444665961433e-05 3.52826609741896e-05 3.52208517142572e-05 3.53307514160406e-05 3.5440651117824e-05 3.55505508196075e-05 3.56582058884669e-05 3.57591197825968e-05 3.58600336767267e-05 3.59609475708567e-05 3.59581572411116e-05 3.58516590495128e-05 3.57451572199352e-05 3.56386590283364e-05 3.55137744918466e-05 3.53827635990456e-05 3.52517527062446e-05 3.51207381754648e-05 3.50055015587714e-05 3.48902613040991e-05
3.02060579997487e-05 3.03797660308192e-05 3.06092333630659e-05 3.0838702514302e-05 3.10681680275593e-05 3.13851633109152e-05 3.17313388222829e-05 3.20775106956717e-05 3.24236825690605e-05 3.26658519043121e-05 3.2908017601585e-05 3.31501869368367e-05 3.33842690452002e-05 3.35941003868356e-05 3.38039353664499e-05 3.40137667080853e-05 3.42147395713255e-05 3.44068539561704e-05 3.45989719789941e-05 3.4791086363839e-05 3.48867542925291e-05 3.49502697645221e-05 3.50137888744939e-05 3.50773043464869e-05 3.5157263482688e-05 3.52372262568679e-05 3.53171853930689e-05 3.54210242221598e-05 3.55964948539622e-05 3.57719654857647e-05 3.59474361175671e-05 3.59931073035114e-05 3.59089790435974e-05 3.58248507836834e-05 3.57407225237694e-05 3.54934090864845e-05 3.51916969520971e-05 3.48899884556886e-05 3.458827995928e-05 3.43704487022478e-05 3.41526210831944e-05
2.90182179014664e-05 2.91794785880484e-05 2.93931097985478e-05 2.96067428280367e-05 2.98203740385361e-05 3.01610707538202e-05 3.05441208183765e-05 3.09271708829328e-05 3.13102209474891e-05 3.15405450237449e-05 3.17708727379795e-05 3.20011968142353e-05 3.22201813105494e-05 3.24051397910807e-05 3.25901019095909e-05 3.27750603901222e-05 3.30002585542388e-05 3.32656964019407e-05 3.35311342496425e-05 3.37965757353231e-05 3.39579819410574e-05 3.40847109328024e-05 3.42114399245474e-05 3.43381689162925e-05 3.43882566085085e-05 3.44383479387034e-05 3.44884392688982e-05 3.45682492479682e-05 3.47372333635576e-05 3.4906217479147e-05 3.50752015947364e-05 3.51343514921609e-05 3.50836744473781e-05 3.50329937646165e-05 3.49823167198338e-05 3.47083441738505e-05 3.43599422194529e-05 3.40115402650554e-05 3.36631383106578e-05 3.33579519065097e-05 3.30527618643828e-05
2.79037467407761e-05 2.80901113001164e-05 2.83457648038166e-05 2.86014183075167e-05 2.88570718112169e-05 2.91716132778674e-05 2.95057834591716e-05 2.98399536404759e-05 3.01741256407695e-05 3.03792548947967e-05 3.05843859678134e-05 3.07895170408301e-05 3.09846218442544e-05 3.11496405629441e-05 3.13146629196126e-05 3.14796816383023e-05 3.16904443025123e-05 3.19469509122427e-05 3.22034575219732e-05 3.24599604937248e-05 3.26199588016607e-05 3.27477864630055e-05 3.28756141243502e-05 3.3003441785695e-05 3.30237307935022e-05 3.30440198013093e-05 3.30643051711377e-05 3.3099884603871e-05 3.31813389493618e-05 3.32627932948526e-05 3.33442440023646e-05 3.3381897083018e-05 3.33757416228764e-05 3.33695898007136e-05 3.33634379785508e-05 3.31585833919234e-05 3.28874957631342e-05 3.2616408134345e-05 3.23453205055557e-05 3.19680038955994e-05 3.15906909236219e-05
2.67892737610964e-05 2.70007458311738e-05 2.72984216280747e-05 2.75960956059862e-05 2.78937714028871e-05 2.8182157620904e-05 2.84674479189562e-05 2.87527382170083e-05 2.90380285150604e-05 2.92179647658486e-05 2.93979010166367e-05 2.95778354484355e-05 2.97490587399807e-05 2.98941413348075e-05 3.00392221106449e-05 3.01843047054717e-05 3.03806318697752e-05 3.06282054225448e-05 3.08757771563251e-05 3.11233488901052e-05 3.1281935662264e-05 3.14108619932085e-05 3.1539788324153e-05 3.16687146550976e-05 3.1659201340517e-05 3.16496880259365e-05 3.16401747113559e-05 3.16315199597739e-05 3.1625444535166e-05 3.16193691105582e-05 3.16132900479715e-05 3.16294390358962e-05 3.16678124363534e-05 3.17061858368106e-05 3.17445592372678e-05 3.16088226099964e-05 3.14150493068155e-05 3.12212723656557e-05 3.10274990624748e-05 3.05780595226679e-05 3.0128619982861e-05
2.58538238995243e-05 2.60177403106354e-05 2.6239062208333e-05 2.64603841060307e-05 2.66817041847389e-05 2.69244246737799e-05 2.71742792392615e-05 2.74241319857538e-05 2.76739865512354e-05 2.7782034521806e-05 2.78900843113661e-05 2.79981322819367e-05 2.81197208096273e-05 2.82819255517097e-05 2.84441302937921e-05 2.86063350358745e-05 2.87940583802992e-05 2.90072985080769e-05 2.92205386358546e-05 2.94337787636323e-05 2.9568633181043e-05 2.96773614536505e-05 2.97860879072687e-05 2.98948161798762e-05 2.9894008548581e-05 2.98932027362753e-05 2.98923951049801e-05 2.98897502943873e-05 2.98815866699442e-05 2.98734230455011e-05 2.98652612400474e-05 2.98667255265172e-05 2.98778159049107e-05 2.98889081022935e-05 2.99000002996763e-05 2.97561746265273e-05 2.95607114821905e-05 2.93652465188643e-05 2.91697833745275e-05 2.87602997559588e-05 2.83508161373902e-05
2.49183740379522e-05 2.50347366090864e-05 2.51797027885914e-05 2.53246707870858e-05 2.54696369665908e-05 2.56666917266557e-05 2.58811105595669e-05 2.60955275734887e-05 2.63099445874104e-05 2.63461060967529e-05 2.63822676060954e-05 2.64184291154379e-05 2.64903810602846e-05 2.66697097686119e-05 2.68490384769393e-05 2.70283653662773e-05 2.72074830718338e-05 2.7386391593609e-05 2.75653001153842e-05 2.77442068181699e-05 2.78553306998219e-05 2.79438590951031e-05 2.80323874903843e-05 2.81209177046549e-05 2.81288157566451e-05 2.81367156276247e-05 2.81446154986043e-05 2.81479788100114e-05 2.81377288047224e-05 2.81274787994334e-05 2.81172306131339e-05 2.81040101981489e-05 2.80878211924573e-05 2.80716303677764e-05 2.80554413620848e-05 2.79035284620477e-05 2.77063736575656e-05 2.75092206720728e-05 2.73120676865801e-05 2.69425399892498e-05 2.65730122919194e-05
2.43768008658662e-05 2.44140774157131e-05 2.44875482167117e-05 2.45610208366998e-05 2.46344916376984e-05 2.49288386839908e-05 2.52968111453811e-05 2.56647854257608e-05 2.60327578871511e-05 2.59118842222961e-05 2.57910123764304e-05 2.56701387115754e-05 2.56391849688953e-05 2.58779891737504e-05 2.61167915596161e-05 2.63555957644712e-05 2.65826056420337e-05 2.67978211923037e-05 2.70130367425736e-05 2.72282522928435e-05 2.73043442575727e-05 2.73340610874584e-05 2.73637779173441e-05 2.73934947472299e-05 2.73542391369119e-05 2.7314983526594e-05 2.72757260972867e-05 2.72414727078285e-05 2.72222241619602e-05 2.72029756160919e-05 2.71837270702235e-05 2.71352728304919e-05 2.70576110779075e-05 2.69799493253231e-05 2.69022875727387e-05 2.67306349996943e-05 2.65276539721526e-05 2.63246729446109e-05 2.61216900980799e-05 2.57747378782369e-05 2.54277838394046e-05
2.42291062022559e-05 2.41557663684944e-05 2.41625984926941e-05 2.41694324358832e-05 2.41762663790723e-05 2.47108637267957e-05 2.54213846346829e-05 2.61319055425702e-05 2.6842424631468e-05 2.64793707174249e-05 2.61163168033818e-05 2.57532628893387e-05 2.55661307164701e-05 2.59067619481357e-05 2.62473931798013e-05 2.65880244114669e-05 2.69194206339307e-05 2.72415854851715e-05 2.75637485174229e-05 2.78859115496743e-05 2.79156720353058e-05 2.7847965611727e-05 2.77802573691588e-05 2.771255094558e-05 2.75702768703923e-05 2.74280027952045e-05 2.72857287200168e-05 2.7170233806828e-05 2.71350727416575e-05 2.7099911676487e-05 2.70647506113164e-05 2.6960507966578e-05 2.67871855612611e-05 2.66138631559443e-05 2.64405407506274e-05 2.6237497877446e-05 2.60245506069623e-05 2.58116015174892e-05 2.55986524280161e-05 2.52568916039309e-05 2.49151307798456e-05
2.40814097196562e-05 2.38974535022862e-05 2.38376487686764e-05 2.37778440350667e-05 2.37180393014569e-05 2.44928905885899e-05 2.55459581239847e-05 2.65990256593795e-05 2.76520931947744e-05 2.70468590315431e-05 2.64416230493225e-05 2.58363888860913e-05 2.54930764640449e-05 2.5935534722521e-05 2.63779947999865e-05 2.68204530584626e-05 2.72562374448171e-05 2.76853497780394e-05 2.81144602922723e-05 2.85435708065052e-05 2.85270016320283e-05 2.83618701359956e-05 2.81967386399629e-05 2.80316071439302e-05 2.77863146038726e-05 2.75410238828044e-05 2.72957313427469e-05 2.70989949058276e-05 2.70479213213548e-05 2.6996847736882e-05 2.69457741524093e-05 2.67857449216535e-05 2.65167618636042e-05 2.62477769865654e-05 2.59787939285161e-05 2.57443607551977e-05 2.55214454227826e-05 2.52985300903674e-05 2.50756147579523e-05 2.47390471486142e-05 2.44024795392761e-05
2.74320191238075e-05 2.81088305200683e-05 2.873010453186e-05 2.93513767246623e-05 2.99726489174645e-05 2.96936850645579e-05 2.91146443487378e-05 2.85356036329176e-05 2.79565610981081e-05 2.84254729194799e-05 2.88943829218624e-05 2.93632947432343e-05 2.97528258670354e-05 2.9904222174082e-05 3.00556166621391e-05 3.02070111501962e-05 3.03880551655311e-05 3.0598745070165e-05 3.08094349747989e-05 3.10201248794328e-05 3.09812749037519e-05 3.08592461806256e-05 3.07372174574994e-05 3.06151887343731e-05 3.02968182950281e-05 2.99784460366936e-05 2.96600755973486e-05 2.93157117994269e-05 2.88933733827434e-05 2.847103496606e-05 2.80486965493765e-05 2.77381259365939e-05 2.75393231277121e-05 2.73405203188304e-05 2.71417175099486e-05 2.66777369688498e-05 2.6125364456675e-05 2.55729937634896e-05 2.50206212513149e-05 2.5031471523107e-05 2.50423217948992e-05
3.07826267089695e-05 3.23202075378504e-05 3.36225602950435e-05 3.49249094142579e-05 3.62272585334722e-05 3.48944813595153e-05 3.26833323924802e-05 3.04721797874663e-05 2.82610290014418e-05 2.98040868074168e-05 3.13471427944023e-05 3.28901987813879e-05 3.40125770890154e-05 3.38729078066535e-05 3.37332385242917e-05 3.35935692419298e-05 3.35198710672557e-05 3.35121403622907e-05 3.35044096573256e-05 3.34966753143817e-05 3.3435549994465e-05 3.33566240442451e-05 3.32776980940253e-05 3.31987721438054e-05 3.28073219861835e-05 3.24158681905828e-05 3.2024418032961e-05 3.15324286930263e-05 3.07388254441321e-05 2.99452240142273e-05 2.91516207653331e-05 2.86905069515342e-05 2.85618843918201e-05 2.84332618321059e-05 2.83046392723918e-05 2.76111131825019e-05 2.67292834905675e-05 2.58474556176225e-05 2.49656277446775e-05 2.53238958975999e-05 2.56821640505223e-05
3.20531689794734e-05 3.38166755682323e-05 3.55675438186154e-05 3.73184157069772e-05 3.90692875953391e-05 3.75510317098815e-05 3.4943066566484e-05 3.23351014230866e-05 2.97271344606997e-05 3.15289216814563e-05 3.33307070832234e-05 3.51324924849905e-05 3.64159313903656e-05 3.6144341720501e-05 3.58727484126575e-05 3.56011551048141e-05 3.5335910069989e-05 3.50770169461612e-05 3.48181238223333e-05 3.45592270605266e-05 3.44401669281069e-05 3.43677202181425e-05 3.42952735081781e-05 3.42228231602348e-05 3.33772659359965e-05 3.25317087117583e-05 3.16861478495412e-05 3.09696915792301e-05 3.06405308947433e-05 3.03113738482352e-05 2.99822168017272e-05 2.96260386676295e-05 2.92428412649315e-05 2.88596438622335e-05 2.84764464595355e-05 2.77757899311837e-05 2.696931551327e-05 2.61628410953563e-05 2.53563648584532e-05 2.53275502473116e-05 2.52987338171806e-05
3.12436495732982e-05 3.25982291542459e-05 3.4565066016512e-05 3.65319028787781e-05 3.84987361030653e-05 3.76633324776776e-05 3.58938486897387e-05 3.41243612638209e-05 3.23548774758819e-05 3.35999757226091e-05 3.48450703313574e-05 3.60901685780846e-05 3.6962897866033e-05 3.67185202776454e-05 3.64741426892579e-05 3.62297614628915e-05 3.58361758117098e-05 3.52933748217765e-05 3.4750577469822e-05 3.42077764798887e-05 3.39951329806354e-05 3.38925383402966e-05 3.3789940061979e-05 3.36873454216402e-05 3.20066537824459e-05 3.03259603242623e-05 2.86452668660786e-05 2.76274968200596e-05 2.85984915535664e-05 2.95694881060626e-05 3.05404864775483e-05 3.05447210848797e-05 2.9582191928057e-05 2.86196645902237e-05 2.76571372523904e-05 2.7171770852874e-05 2.68454587057931e-05 2.65191483777016e-05 2.61928362306207e-05 2.50424345722422e-05 2.38920329138637e-05
