Data/Covariate_Data/Formatted/PalaeoClimate/MaasPrecip_1.asc
NCOLS 360 
NROWS 180 
XLLCORNER -180 
YLLCORNER -90 
CELLSIZE 1 
NODATA_value -9999 
[rows 72 to 89 of 180, columns 41 to 81 of 360]
8.3083905337844e-06 8.00578891357873e-06 7.70318729337305e-06 7.40058567316737e-06 7.19514537195209e-06 7.08686638972722e-06 6.97858695275499e-06 6.87030797053012e-06 6.67837275614147e-06 6.45855152470176e-06 6.2387307480094e-06 6.01890997131705e-06 5.84087683819234e-06 5.66284415981499e-06 5.48481102669029e-06 5.34868422619184e-06 5.33827687831945e-06 5.32786953044706e-06 5.31746172782732e-06 5.28587270309799e-06 5.23310200151173e-06 5.18033129992546e-06 5.12756059833919e-06 5.03389856021386e-06 4.92660637974041e-06 4.8193137445196e-06 4.71202156404615e-06 4.69281621917617e-06 4.67361087430618e-06 4.65440552943619e-06 4.63926653537783e-06 4.6363279579964e-06 4.63338938061497e-06 4.63045080323354e-06 4.63994774690946e-06 4.66188066639006e-06 4.68381358587067e-06 4.70574650535127e-06 4.66760275230627e-06 4.60943329017027e-06 4.55126337328693e-06
9.31706836126978e-06 9.0178555183229e-06 8.71864267537603e-06 8.41943074192386e-06 8.20884270069655e-06 8.0868794611888e-06 7.96491713117575e-06 7.842953891668e-06 7.71909981267527e-06 7.59461499910685e-06 7.47013018553844e-06 7.34564537197002e-06 7.26594544175896e-06 7.18624596629525e-06 7.10654603608418e-06 7.06632908986649e-06 7.14456109562889e-06 7.22279310139129e-06 7.30102510715369e-06 7.36164520276361e-06 7.4046538429684e-06 7.44766248317319e-06 7.49067112337798e-06 7.5944321906718e-06 7.71844406699529e-06 7.84245639806613e-06 7.96646872913698e-06 8.13788665254833e-06 8.30930457595969e-06 8.48072249937104e-06 8.64282628754154e-06 8.77698766998947e-06 8.91114905243739e-06 9.04531134438002e-06 9.20505590329412e-06 9.3903845481691e-06 9.57571319304407e-06 9.76104183791904e-06 1.00364541140152e-05 1.03418951766798e-05 1.06473362393444e-05
1.03257452792604e-05 1.00299221230671e-05 9.73409896687372e-06 9.43827490118565e-06 9.22254002944101e-06 9.08689344214508e-06 8.95124685484916e-06 8.81559935805853e-06 8.75982641446171e-06 8.73067801876459e-06 8.70152962306747e-06 8.67238122737035e-06 8.69101404532557e-06 8.7096477727755e-06 8.72828150022542e-06 8.78397440828849e-06 8.95084576768568e-06 9.11771712708287e-06 9.28458848648006e-06 9.43741815717658e-06 9.57620613917243e-06 9.71499412116827e-06 9.85378210316412e-06 1.01549658211297e-05 1.05102826637449e-05 1.08655985968653e-05 1.12209154394805e-05 1.15829561764258e-05 1.19449978228658e-05 1.23070385598112e-05 1.26463855849579e-05 1.29176478367299e-05 1.31889091790072e-05 1.34601714307792e-05 1.37701645144261e-05 1.41188884299481e-05 1.44676123454701e-05 1.48163371704868e-05 1.54053068399662e-05 1.6074356608442e-05 1.67434081959073e-05
1.35130339913303e-05 1.31950446302653e-05 1.28770552692003e-05 1.25590659081354e-05 1.23307536341599e-05 1.21921175377793e-05 1.20534814413986e-05 1.1914845345018e-05 1.1923204510822e-05 1.19805617941893e-05 1.20379190775566e-05 1.20952763609239e-05 1.22496130643412e-05 1.24039506772533e-05 1.25582882901654e-05 1.27436042021145e-05 1.30218595586484e-05 1.33001149151823e-05 1.35783693622215e-05 1.38610930662253e-05 1.41482832987094e-05 1.44354744406883e-05 1.47226655826671e-05 1.520203477412e-05 1.57454633153975e-05 1.6288891856675e-05 1.68323203979526e-05 1.74615470314165e-05 1.80907736648805e-05 1.87200002983445e-05 1.93297983059892e-05 1.98813158931443e-05 2.043283166131e-05 2.09843474294757e-05 2.15592790482333e-05 2.21576265175827e-05 2.27559739869321e-05 2.33543214562814e-05 2.41474517679307e-05 2.50055090873502e-05 2.58635682257591e-05
1.88789326784899e-05 1.85132230399176e-05 1.81475134013453e-05 1.77818019437836e-05 1.75334826053586e-05 1.74025517480914e-05 1.72716208908241e-05 1.71406918525463e-05 1.72092331922613e-05 1.73442658706335e-05 1.74792985490058e-05 1.7614331227378e-05 1.7941743863048e-05 1.82691546797287e-05 1.85965654964093e-05 1.8945220290334e-05 1.93576033780118e-05 1.97699864656897e-05 2.01823695533676e-05 2.06326694751624e-05 2.11208880500635e-05 2.16091048059752e-05 2.20973233808763e-05 2.27356395043898e-05 2.34239869314479e-05 2.41123343585059e-05 2.48006817855639e-05 2.57736555795418e-05 2.67466311925091e-05 2.77196049864869e-05 2.8693066269625e-05 2.96679918392329e-05 3.06429137708619e-05 3.16178411594592e-05 3.25723995047156e-05 3.35065997205675e-05 3.44407962984405e-05 3.53749928763136e-05 3.62628888979088e-05 3.71353526134044e-05 3.80078163288999e-05
2.42448313656496e-05 2.38314005400753e-05 2.34179697145009e-05 2.30045388889266e-05 2.27362106670626e-05 2.26129868678981e-05 2.24897612497443e-05 2.23665374505799e-05 2.24952618737007e-05 2.27079708565725e-05 2.29206780204549e-05 2.31333870033268e-05 2.36338728427654e-05 2.4134358682204e-05 2.46348445216427e-05 2.51468372880481e-05 2.56933471973753e-05 2.62398571067024e-05 2.67863670160295e-05 2.74042449746048e-05 2.80934909824282e-05 2.87827351712622e-05 2.94719811790856e-05 3.02692424156703e-05 3.11025105474982e-05 3.19357750413474e-05 3.27690431731753e-05 3.40857659466565e-05 3.54024887201376e-05 3.67192114936188e-05 3.80563360522501e-05 3.9454665966332e-05 4.08529995183926e-05 4.22513330704533e-05 4.35855217801873e-05 4.48555692855734e-05 4.61256204289384e-05 4.73956679343246e-05 4.83783296658657e-05 4.92651961394586e-05 5.01520626130514e-05
3.97338772017974e-05 3.93435366277117e-05 3.8953196053626e-05 3.85628554795403e-05 3.82879443350248e-05 3.81284662580583e-05 3.7968984543113e-05 3.78095028281678e-05 3.79066841560416e-05 3.8089416193543e-05 3.82721482310444e-05 3.84548802685458e-05 3.89085253118537e-05 3.93621739931405e-05 3.98158190364484e-05 4.03419871872757e-05 4.10857101087458e-05 4.1829433030216e-05 4.25731559516862e-05 4.33264722232707e-05 4.40893782069907e-05 4.48522878286894e-05 4.56151974503882e-05 4.64716067654081e-05 4.73591862828471e-05 4.82467658002861e-05 4.91343416797463e-05 5.01984723086935e-05 5.12626065756194e-05 5.23267372045666e-05 5.34165883436799e-05 5.4583593737334e-05 5.57505991309881e-05 5.69176045246422e-05 5.79122279305011e-05 5.87344693485647e-05 5.95567071286496e-05 6.03789485467132e-05 6.09472990618087e-05 6.14310192759149e-05 6.1914739490021e-05
5.52229248569347e-05 5.48556745343376e-05 5.44884242117405e-05 5.41211738891434e-05 5.38396816409659e-05 5.36439438292291e-05 5.34482060174923e-05 5.32524718437344e-05 5.33181046193931e-05 5.34708597115241e-05 5.36236148036551e-05 5.3776369895786e-05 5.41831795999315e-05 5.45899856660981e-05 5.49967953702435e-05 5.55371334485244e-05 5.6478071201127e-05 5.74190053157508e-05 5.83599430683534e-05 5.92486976529472e-05 6.00852690695319e-05 6.09218404861167e-05 6.17584155406803e-05 6.26739711151458e-05 6.36158656561747e-05 6.4557752921246e-05 6.54996401863173e-05 6.63111859466881e-05 6.71227244311012e-05 6.79342629155144e-05 6.87768406351097e-05 6.97125215083361e-05 7.06482023815624e-05 7.15838759788312e-05 7.22389304428361e-05 7.26133657735772e-05 7.29877938283607e-05 7.33622291591018e-05 7.35162684577517e-05 7.35968424123712e-05 7.36774163669907e-05
6.70311201247387e-05 6.66674168314785e-05 6.63037135382183e-05 6.59400102449581e-05 6.57045748084784e-05 6.55973926768638e-05 6.54902105452493e-05 6.53830284136347e-05 6.54635659884661e-05 6.56066767987795e-05 6.57497948850505e-05 6.58929056953639e-05 6.63369137328118e-05 6.67809217702597e-05 6.72249298077077e-05 6.78108917782083e-05 6.88227446516976e-05 6.98345975251868e-05 7.08464431227185e-05 7.18275623512454e-05 7.27779552107677e-05 7.37283407943323e-05 7.4678726377897e-05 7.56834997446276e-05 7.67063902458176e-05 7.77292880229652e-05 7.87521785241552e-05 7.96705862740055e-05 8.05889940238558e-05 8.15074017737061e-05 8.2418519014027e-05 8.33077792776749e-05 8.41970395413227e-05 8.5086292529013e-05 8.56109472806565e-05 8.57709819683805e-05 8.59310239320621e-05 8.60910586197861e-05 8.58624407555908e-05 8.55042599141598e-05 8.51460863486864e-05
7.51584520912729e-05 7.47787635191344e-05 7.43990676710382e-05 7.4019371822942e-05 7.38826201995835e-05 7.39888055250049e-05 7.40949908504263e-05 7.42011761758476e-05 7.43430719012395e-05 7.44968783692457e-05 7.46506775612943e-05 7.48044840293005e-05 7.5369724072516e-05 7.5934971391689e-05 7.65002114349045e-05 7.71632621763274e-05 7.81197304604575e-05 7.90761987445876e-05 8.00326670287177e-05 8.10630735941231e-05 8.21674329927191e-05 8.32717851153575e-05 8.43761445139535e-05 8.55001781019382e-05 8.66307673277333e-05 8.77613638294861e-05 8.88919530552812e-05 9.02766842045821e-05 9.16614080779254e-05 9.30461392272263e-05 9.43416234804317e-05 9.53693670453504e-05 9.6397110610269e-05 9.74248541751876e-05 9.80282638920471e-05 9.82073252089322e-05 9.83863865258172e-05 9.85654551186599e-05 9.7985815955326e-05 9.71532863331959e-05 9.63207494351082e-05
8.32857913337648e-05 8.28901102067903e-05 8.24944218038581e-05 8.2098733400926e-05 8.20606655906886e-05 8.23802183731459e-05 8.26997711556032e-05 8.30193166621029e-05 8.32225778140128e-05 8.33870726637542e-05 8.35515675134957e-05 8.37160623632371e-05 8.44025416881777e-05 8.50890210131183e-05 8.57755003380589e-05 8.65156325744465e-05 8.74167162692174e-05 8.83177999639884e-05 8.92188836587593e-05 9.02985848370008e-05 9.15569107746705e-05 9.28152367123403e-05 9.40735553740524e-05 9.53168564592488e-05 9.65551444096491e-05 9.77934396360069e-05 9.90317275864072e-05 0.000100882774859201 0.000102733829407953 0.000104584876680747 0.000106264720670879 0.000107430954813026 0.000108597188955173 0.000109763415821362 0.000110445580503438 0.000110643668449484 0.00011084175639553 0.000111039844341576 0.000110109198431019 0.000108802305476274 0.000107495419797488
6.75859628245234e-05 6.73775139148347e-05 6.71690577291884e-05 6.69606088194996e-05 6.69647852191702e-05 6.71815869282e-05 6.73983886372298e-05 6.76151903462596e-05 6.78418655297719e-05 6.80718367220834e-05 6.83018006384373e-05 6.85317645547912e-05 6.91268214723095e-05 6.97218856657855e-05 7.03169498592615e-05 7.09696614649147e-05 7.17953371349722e-05 7.26210200809874e-05 7.34466957510449e-05 7.4413612310309e-05 7.55217624828219e-05 7.66299199312925e-05 7.77380701038055e-05 7.89959158282727e-05 8.0303660070058e-05 8.16114043118432e-05 8.29191485536285e-05 8.46387192723341e-05 8.63582899910398e-05 8.80778534337878e-05 8.97535719559528e-05 9.12977120606229e-05 9.28418594412506e-05 9.43860068218783e-05 9.56067524384707e-05 9.65041035669856e-05 9.74014546955004e-05 9.82988058240153e-05 9.84049256658182e-05 9.82472993200645e-05 9.80896729743108e-05
5.18861306773033e-05 5.18649139849003e-05 5.18436972924974e-05 5.18224769621156e-05 5.18688975716941e-05 5.1982955483254e-05 5.20970097568352e-05 5.22110676683951e-05 5.24611605214886e-05 5.27565935044549e-05 5.30520301254001e-05 5.33474631083663e-05 5.38511048944201e-05 5.43547503184527e-05 5.48583921045065e-05 5.54236903553829e-05 5.61739652766846e-05 5.69242365600076e-05 5.76745078433305e-05 5.85286361456383e-05 5.94866178289521e-05 6.04446031502448e-05 6.14025848335586e-05 6.26749824732542e-05 6.40521757304668e-05 6.54293762636371e-05 6.68065767968073e-05 6.83946636854671e-05 6.99827505741268e-05 7.15708374627866e-05 7.32424159650691e-05 7.51644765841775e-05 7.70865372032858e-05 7.90085978223942e-05 8.07679316494614e-05 8.2364545960445e-05 8.39611529954709e-05 8.55577673064545e-05 8.67006529006176e-05 8.76922931638546e-05 8.86839334270917e-05
3.90011628041975e-05 3.91145622415934e-05 3.92279616789892e-05 3.93413611163851e-05 3.94676171708852e-05 3.96067334804684e-05 3.97458497900516e-05 3.98849660996348e-05 4.01762954425067e-05 4.05183636758011e-05 4.08604319090955e-05 4.12025001423899e-05 4.17009796365164e-05 4.21994627686217e-05 4.26979422627483e-05 4.32452725362964e-05 4.39391478721518e-05 4.46330232080072e-05 4.53268985438626e-05 4.61107265437022e-05 4.69845035695471e-05 4.7858280595392e-05 4.87320576212369e-05 4.99083362228703e-05 5.11854523210786e-05 5.2462568419287e-05 5.37396808795165e-05 5.50812146684621e-05 5.64227484574076e-05 5.77642822463531e-05 5.92031719861552e-05 6.09341150266118e-05 6.26650653430261e-05 6.43960083834827e-05 6.60449150018394e-05 6.76117851980962e-05 6.9178655394353e-05 7.07455255906098e-05 7.21026008250192e-05 7.33897395548411e-05 7.4676878284663e-05
2.89310573862167e-05 2.91264568659244e-05 2.93218563456321e-05 2.95172558253398e-05 2.97609458357329e-05 3.00529245578218e-05 3.03449032799108e-05 3.06368820019998e-05 3.09872775687836e-05 3.1357143598143e-05 3.17270096275024e-05 3.2096872018883e-05 3.26764493365772e-05 3.32560230162926e-05 3.38356003339868e-05 3.44344043696765e-05 3.50908921973314e-05 3.57473800249863e-05 3.64038678526413e-05 3.71598798665218e-05 3.80154160666279e-05 3.88709522667341e-05 3.97264884668402e-05 4.06959916290362e-05 4.17034862039145e-05 4.27109771408141e-05 4.37184717156924e-05 4.46983831352554e-05 4.56782945548184e-05 4.66582023364026e-05 4.76358363812324e-05 4.86066383018624e-05 4.95774402224924e-05 5.05482457811013e-05 5.14377097715624e-05 5.22458321938757e-05 5.30539582541678e-05 5.38620843144599e-05 5.46107658010442e-05 5.5339634855045e-05 5.60685039090458e-05
1.88609501492465e-05 1.9138349671266e-05 1.94157491932856e-05 1.96931505342945e-05 2.00542726815911e-05 2.04991156351753e-05 2.09439585887594e-05 2.13888015423436e-05 2.17982596950606e-05 2.21959217014955e-05 2.25935837079305e-05 2.29912457143655e-05 2.36519153986592e-05 2.43125869019423e-05 2.4973256586236e-05 2.56235362030566e-05 2.6242636522511e-05 2.68617368419655e-05 2.74808371614199e-05 2.82090350083308e-05 2.90463285637088e-05 2.98836239380762e-05 3.07209193124436e-05 3.1483647035202e-05 3.22215164487716e-05 3.295938950032e-05 3.36972625518683e-05 3.431554796407e-05 3.49338370142505e-05 3.55521224264521e-05 3.60685007763095e-05 3.6279161577113e-05 3.64898223779164e-05 3.67004795407411e-05 3.68305009033065e-05 3.68798791896552e-05 3.69292611139826e-05 3.69786430383101e-05 3.7118934415048e-05 3.72895337932277e-05 3.74601295334287e-05
1.56918176799081e-05 1.59768969751894e-05 1.62619762704708e-05 1.65470555657521e-05 1.68929982464761e-05 1.72998043126427e-05 1.77066121977987e-05 1.81134182639653e-05 1.85017070180038e-05 1.88838203030173e-05 1.92659354070202e-05 1.96480486920336e-05 2.02046085178154e-05 2.07611683435971e-05 2.13177281693788e-05 2.18734548980137e-05 2.24266896111658e-05 2.29799225053284e-05 2.35331572184805e-05 2.41131656366633e-05 2.47199459408875e-05 2.53267280641012e-05 2.59335083683254e-05 2.646535722306e-05 2.69722295342945e-05 2.74791018455289e-05 2.7985972337774e-05 2.83189619949553e-05 2.8651953471126e-05 2.89849431283073e-05 2.92587137664668e-05 2.93548218905926e-05 2.94509300147183e-05 2.95470399578335e-05 2.95792433462339e-05 2.95475401799195e-05 2.95158351946157e-05 2.94841320283012e-05 2.95894460577983e-05 2.97404312732397e-05 2.98914183076704e-05
1.25226843010751e-05 1.28154433696182e-05 1.31082015286665e-05 1.34009596877149e-05 1.37317247208557e-05 1.41004948090995e-05 1.44692648973432e-05 1.48380358950817e-05 1.52051525219576e-05 1.5571718904539e-05 1.59382852871204e-05 1.63048516697017e-05 1.67572998179821e-05 1.72097479662625e-05 1.76621979335323e-05 1.81233754119603e-05 1.86107426998205e-05 1.90981099876808e-05 1.9585477275541e-05 2.00172944460064e-05 2.03935633180663e-05 2.07698321901262e-05 2.11461010621861e-05 2.14470710488968e-05 2.17229408008279e-05 2.19988123717485e-05 2.22746821236797e-05 2.23223760258406e-05 2.23700699280016e-05 2.24177638301626e-05 2.24489231186453e-05 2.24304822040722e-05 2.2412041289499e-05 2.23936003749259e-05 2.23279857891612e-05 2.22151975322049e-05 2.21024110942381e-05 2.19896228372818e-05 2.20599577005487e-05 2.2191330572241e-05 2.23227052629227e-05
