Data/Covariate_Data/Formatted/PalaeoClimate/MaasPrecip_1.asc
NCOLS 360 
NROWS 180 
XLLCORNER -180 
YLLCORNER -90 
CELLSIZE 1 
NODATA_value -9999 
[rows 90 to 107 of 180, columns 0 to 40 of 360]
-9999 2.51734254561597e-05 2.32951006182702e-05 2.19040448428132e-05 2.05129872483667e-05 1.91219314729096e-05 1.77308756974526e-05 1.63398199219955e-05 1.53526234498713e-05 1.43654287967365e-05 1.3378233234107e-05 1.25356737044058e-05 1.21270222734893e-05 1.17183717520675e-05 1.1309720321151e-05 1.1014865776815e-05 1.08338081190595e-05 1.06527495518094e-05 1.04716918940539e-05 1.03926186056924e-05 1.03475404102937e-05 1.03024622148951e-05 1.02573840194964e-05 1.02982439784682e-05 1.03391048469348e-05 1.03799648059066e-05 1.04444761745981e-05 1.05799417724484e-05 1.07154073702986e-05 1.08508729681489e-05 1.09618058559136e-05 1.10482042146032e-05 1.11346025732928e-05 1.12210009319824e-05 1.13348405648139e-05 1.14578269858612e-05 1.15808134069084e-05 1.17037998279557e-05 1.18927118819556e-05 1.20816239359556e-05 1.22705359899555e-05
-9999 2.89300742224441e-05 2.70517502940493e-05 2.55848935921676e-05 2.4118036890286e-05 2.26511801884044e-05 2.11843234865228e-05 1.97174667846412e-05 1.8781309336191e-05 1.78451537067303e-05 1.69089980772696e-05 1.6091065845103e-05 1.56278092617868e-05 1.51645508594811e-05 1.47012942761648e-05 1.43908991958597e-05 1.42333683470497e-05 1.40758374982397e-05 1.3918305739935e-05 1.38278010126669e-05 1.37596380227478e-05 1.36914750328287e-05 1.36233120429097e-05 1.36767248477554e-05 1.37301376526011e-05 1.37835504574468e-05 1.3845177818439e-05 1.39314461193862e-05 1.40177144203335e-05 1.41039827212808e-05 1.41948376040091e-05 1.42902781590237e-05 1.43857196235331e-05 1.44811610880424e-05 1.45597896334948e-05 1.46328147820896e-05 1.47058390211896e-05 1.47788641697844e-05 1.4973492397985e-05 1.51681215356803e-05 1.53627497638809e-05
-9999 3.9127920899773e-05 3.08083981508389e-05 2.92657423415221e-05 2.77230847132159e-05 2.61804289038992e-05 2.4637771275593e-05 2.30951136472868e-05 2.22099970415002e-05 2.13248786167242e-05 2.04397620109376e-05 1.96464570763055e-05 1.91285944310948e-05 1.86107317858841e-05 1.8092867321684e-05 1.77669335243991e-05 1.76329285750398e-05 1.74989236256806e-05 1.73649186763214e-05 1.72629825101467e-05 1.71717347257072e-05 1.70804869412677e-05 1.69892391568283e-05 1.70552048075479e-05 1.71211704582674e-05 1.7187136108987e-05 1.72458785527851e-05 1.72829495568294e-05 1.73200205608737e-05 1.73570915649179e-05 1.74278684426099e-05 1.7532353012939e-05 1.76368357642787e-05 1.77413203346077e-05 1.7784737792681e-05 1.78078025783179e-05 1.78308655449655e-05 1.7853928511613e-05 1.8054273823509e-05 1.82546191354049e-05 1.84549644473009e-05
-9999 5.57669663976412e-05 4.74474436487071e-05 4.56540292361751e-05 4.38606148236431e-05 4.20671967731323e-05 4.02737823606003e-05 3.84803679480683e-05 3.71680725947954e-05 3.58557808795013e-05 3.45434855262283e-05 3.33537063852418e-05 3.25314540532418e-05 3.17092053592205e-05 3.08869566651992e-05 3.02458520309301e-05 2.97858896374237e-05 2.93259272439172e-05 2.88659648504108e-05 2.85333699139301e-05 2.82432301901281e-05 2.79530904663261e-05 2.76629525615135e-05 2.74128960882081e-05 2.7162841433892e-05 2.69127849605866e-05 2.66697916231351e-05 2.64479822362773e-05 2.62261746684089e-05 2.60043671005405e-05 2.57915071415482e-05 2.55875984294107e-05 2.53836897172732e-05 2.51797791861463e-05 2.5050047042896e-05 2.49450404226081e-05 2.48400338023202e-05 2.47350271820324e-05 2.47657244472066e-05 2.47964198933914e-05 2.48271171585657e-05
-9999 7.38545713829808e-05 6.40864891465753e-05 6.20423161308281e-05 5.99981394771021e-05 5.79539664613549e-05 5.59097934456076e-05 5.38656204298604e-05 5.212614996708e-05 5.03866831422783e-05 4.86472126794979e-05 4.70609520561993e-05 4.59343173133675e-05 4.48076825705357e-05 4.36810478277039e-05 4.27247687184718e-05 4.19388488808181e-05 4.11529290431645e-05 4.03670092055108e-05 3.98037554987241e-05 3.93147274735384e-05 3.88256958103739e-05 3.83366641472094e-05 3.77705873688683e-05 3.72045105905272e-05 3.66384338121861e-05 3.60937046934851e-05 3.56130149157252e-05 3.51323287759442e-05 3.46516426361632e-05 3.41551458404865e-05 3.36428456648719e-05 3.31305418512784e-05 3.26182380376849e-05 3.23153581121005e-05 3.20822800858878e-05 3.1849202059675e-05 3.16161276714411e-05 3.14771750709042e-05 3.13382224703673e-05 3.11992698698305e-05
-9999 9.48392953432631e-05 8.36226536193863e-05 8.12380822026171e-05 7.88535180618055e-05 7.6468953920994e-05 7.40843825042248e-05 7.16998183634132e-05 6.96443530614488e-05 6.75888877594844e-05 6.55334151815623e-05 6.35989927104674e-05 6.20276914560236e-05 6.0456386563601e-05 5.88850816711783e-05 5.75104968447704e-05 5.63326248084195e-05 5.51547564100474e-05 5.39768843736965e-05 5.29620338056702e-05 5.20015164511278e-05 5.10410027345642e-05 5.00804890180007e-05 4.91365753987338e-05 4.81926581414882e-05 4.72487445222214e-05 4.63333999505267e-05 4.5503766159527e-05 4.46741323685274e-05 4.38444985775277e-05 4.30517975473776e-05 4.22960292780772e-05 4.15402610087767e-05 4.07844927394763e-05 4.02573459723499e-05 3.98064075852744e-05 3.9355469198199e-05 3.89045308111235e-05 3.86159808840603e-05 3.83274273190182e-05 3.80388737539761e-05
-9999 0.000117272578791017 0.00010605593706714 0.000103241342003457 0.000100426746939775 9.7612151876092e-05 9.47975568124093e-05 9.19829617487267e-05 8.9722678239923e-05 8.74623874551617e-05 8.5202103946358e-05 8.29678247100674e-05 8.08115728432313e-05 7.86553209763952e-05 7.64990691095591e-05 7.46030345908366e-05 7.29672174202278e-05 7.13314075255767e-05 6.96955903549679e-05 6.80081939208321e-05 6.63036043988541e-05 6.4599014876876e-05 6.2894425354898e-05 6.15108583588153e-05 6.01272877247538e-05 5.87437170906924e-05 5.73888792132493e-05 5.61202323297039e-05 5.48515818081796e-05 5.35829349246342e-05 5.24814568052534e-05 5.15471510880161e-05 5.06128453707788e-05 4.96785432915203e-05 4.88760197185911e-05 4.81174283777364e-05 4.73588333989028e-05 4.6600242058048e-05 4.61821400676854e-05 4.57640380773228e-05 4.53459360869601e-05
-9999 0.000132638167997357 0.000128489220514894 0.00012524459452834 0.000121999975817744 0.00011875534983119 0.000115510731120594 0.00011226610513404 0.00010980099614244 0.000107335894426797 0.000104870785435196 0.000102336656709667 9.95954542304389e-05 9.68542517512105e-05 9.41130492719821e-05 9.1695568698924e-05 8.96018100320362e-05 8.75080586411059e-05 8.5414299974218e-05 8.30543576739728e-05 8.06056923465803e-05 7.81570270191878e-05 7.57083616917953e-05 7.3885137680918e-05 7.20619136700407e-05 7.02386896591634e-05 6.8444358475972e-05 6.67366984998807e-05 6.50290312478319e-05 6.33213712717406e-05 6.19111160631292e-05 6.0798272897955e-05 5.96854333707597e-05 5.85725902055856e-05 5.74946934648324e-05 5.64284455322195e-05 5.53621975996066e-05 5.42959496669937e-05 5.37482992513105e-05 5.32006451976486e-05 5.26529947819654e-05
-9999 0.000140936062962282 0.000136787115479819 0.000133971552713774 0.000131155975395814 0.000128340412629768 0.000125524835311808 0.000122709272545762 0.000120049800898414 0.000117390329251066 0.000114730864879675 0.000112034678750206 0.000109228349174373 0.000106422012322582 0.000103615682746749 0.00010096121695824 9.84586076810956e-05 9.59559984039515e-05 9.34533964027651e-05 9.0985864517279e-05 8.85300250956789e-05 8.60741856740788e-05 8.36183462524787e-05 8.12840080470778e-05 7.8949669841677e-05 7.66153316362761e-05 7.4345116445329e-05 7.22672557458282e-05 7.01893950463273e-05 6.81115343468264e-05 6.62095990264788e-05 6.44835963612422e-05 6.27575936960056e-05 6.10315946687479e-05 5.95338460698258e-05 5.81121821596753e-05 5.66905182495248e-05 5.52688543393742e-05 5.41948102181777e-05 5.31207660969812e-05 5.20467219757847e-05
-9999 0.000146669437526725 0.000145085010444745 0.000142698496347293 0.000140311982249841 0.000137925468152389 0.000135538954054937 0.000133152439957485 0.000130298605654389 0.000127444771351293 0.000124590937048197 0.000121732700790744 0.000118861244118307 0.000115989780169912 0.000113118316221517 0.000110226857941598 0.000107315405330155 0.000104403945442755 0.000101492485555355 9.89173640846275e-05 9.64543578447774e-05 9.39913443289697e-05 9.15283380891196e-05 8.86828856891952e-05 8.58374260133132e-05 8.29919736133888e-05 8.02458744146861e-05 7.77978129917756e-05 7.5349751568865e-05 7.29016974219121e-05 7.05080819898285e-05 6.81689198245294e-05 6.58297576592304e-05 6.34905954939313e-05 6.15730023127981e-05 5.97959187871311e-05 5.80188425374217e-05 5.62417626497336e-05 5.46413248230238e-05 5.30408869963139e-05 5.14404491696041e-05
-9999 0.000147273778566159 0.000148253864608705 0.000146198886795901 0.000144143894431181 0.000142088916618377 0.000140033924253657 0.000137978946440853 0.000135314112412743 0.000132649292936549 0.000129984458908439 0.00012728848378174 0.000124499099911191 0.000121709716040641 0.000118920324894134 0.000116064737085253 0.000113142938062083 0.000110221139038913 0.000107299347291701 0.000104709230072331 0.000102229671028908 9.97501192614436e-05 9.72705602180213e-05 9.43167542573065e-05 9.13629555725493e-05 8.84091496118344e-05 8.55153266456909e-05 8.28014526632614e-05 8.00875786808319e-05 7.737371197436e-05 7.46872319723479e-05 7.20281532267109e-05 6.93690817570314e-05 6.67100030113943e-05 6.44070605630986e-05 6.22228253632784e-05 6.00385901634581e-05 5.78543586016167e-05 5.58593128516804e-05 5.38642671017442e-05 5.18692249897867e-05
-9999 0.000145313606481068 0.000146293692523614 0.000144472709507681 0.000142651741043665 0.000140830758027732 0.0001390097750118 0.000137188791995868 0.000135096343001351 0.000133003879454918 0.000130911415908486 0.000128702042275108 0.000126141938380897 0.00012358181993477 0.000121021708764601 0.000118474847113248 0.000115941220428795 0.000113407593744341 0.000110873967059888 0.000108361447928473 0.000105855971924029 0.000103350503195543 0.000100845027191099 9.81856355792843e-05 9.55262439674698e-05 9.28668523556553e-05 9.01534804143012e-05 8.72781820362434e-05 8.4402876382228e-05 8.15275707282126e-05 7.87470489740372e-05 7.60612965677865e-05 7.33755514374934e-05 7.06898063072003e-05 6.80360244587064e-05 6.53928946121596e-05 6.27497720415704e-05 6.01066421950236e-05 5.78487779421266e-05 5.55909100512508e-05 5.33330457983539e-05
-9999 0.000139127303555142 0.000144333520438522 0.000142746546771377 0.000141159573104233 0.000139572599437088 0.000137985625769943 0.000136398652102798 0.000134878559038043 0.000133358465973288 0.000131838372908533 0.000130115600768477 0.000127784762298688 0.0001254539238289 0.000123123099911027 0.000120884949865285 0.000118739495519549 0.000116594041173812 0.000114448579552118 0.000112013673060574 0.000109482280095108 0.000106950879853684 0.000104419486888219 0.000102054509625304 9.96895323623903e-05 9.73245550994761e-05 9.4791641458869e-05 9.17549041332677e-05 8.87181668076664e-05 8.56814367580228e-05 8.28068586997688e-05 8.00944399088621e-05 7.73820283939131e-05 7.46696096030064e-05 7.16649883543141e-05 6.85629711369984e-05 6.5460946643725e-05 6.23589294264093e-05 5.98382430325728e-05 5.73175530007575e-05 5.4796866606921e-05
-9999 0.000128714869788382 0.000133921086671762 0.000132709479657933 0.000131497887196019 0.00013028628018219 0.000129074687720276 0.000127863080706447 0.000126709113828838 0.000125555161503144 0.000124401194625534 0.000123157486086711 0.000121644574392121 0.000120131655421574 0.000118618743726984 0.00011705845099641 0.000115450784505811 0.000113843118015211 0.000112235451524612 0.000110545850475319 0.000108828935481142 0.000107112020486966 0.000105395105492789 0.00010356429265812 0.000101733487099409 9.99026815406978e-05 9.79218384600244e-05 9.54908973653801e-05 9.30599562707357e-05 9.06290151760913e-05 8.81538944668137e-05 8.5634586866945e-05 8.3115286543034e-05 8.05959789431654e-05 7.78426910983399e-05 7.50114049878903e-05 7.21801188774407e-05 6.93488400429487e-05 6.66577980155125e-05 6.39667559880763e-05 6.12757139606401e-05
-9999 0.00011845266999444 0.000123508652905002 0.000122672427096404 0.000121836194011848 0.00012099996820325 0.000120163742394652 0.000119327516586054 0.00011853967589559 0.000117751842481084 0.000116964009066578 0.000116199378680903 0.000115504379209597 0.00011480937973829 0.000114114387542941 0.000113231944851577 0.000112162073492073 0.000111092202132568 0.000110022323497105 0.000109078027890064 0.000108175590867177 0.000107273153844289 0.000106370716821402 0.000105074082966894 0.000103777441836428 0.000102480800705962 0.00010105203546118 9.92268905974925e-05 9.7401745733805e-05 9.55765935941599e-05 9.35009229579009e-05 9.11747338250279e-05 8.8848544692155e-05 8.6522355559282e-05 8.40203938423656e-05 8.14598461147398e-05 7.88992911111564e-05 7.63387433835305e-05 7.34773493604735e-05 7.0615962613374e-05 6.77545685903169e-05
-9999 0.000108490945422091 0.000113396687083878 0.000112704889033921 0.000112013083708007 0.00011132128565805 0.000110629480332136 0.00010993768228218 0.000109371881990228 0.000108806088974234 0.000108240288682282 0.000107776497316081 0.00010761871089926 0.000107460931758396 0.000107303152617533 0.000106980267446488 0.000106492276245262 0.000106004277768079 0.000105516286566854 0.000105123392131645 0.000104762199043762 0.000104401005955879 0.000104039812867995 0.000103360354842152 0.00010268089681631 0.000102001438790467 0.000101191544672474 9.99903350020759e-05 9.87891180557199e-05 9.75879083853215e-05 9.6049829153344e-05 9.41748658078723e-05 9.22999024624005e-05 9.04249463928863e-05 8.82914100657217e-05 8.60716900206171e-05 8.38519626995549e-05 8.16322353784926e-05 7.8880155342631e-05 7.61280753067695e-05 7.33759879949503e-05
-9999 9.86794584605377e-05 0.000103585203760304 0.000102806880022399 0.000102028556284495 0.00010125023254659 0.000100471908808686 9.96935850707814e-05 9.92057321127504e-05 9.87178791547194e-05 9.8230033472646e-05 9.78888274403289e-05 9.7987569461111e-05 9.80863042059354e-05 9.81850462267175e-05 9.83034042292275e-05 9.84413854894228e-05 9.85793594736606e-05 9.8717340733856e-05 9.8681943200063e-05 9.85887527349405e-05 9.84955695457757e-05 9.84023790806532e-05 9.84231155598536e-05 9.8443852039054e-05 9.84645885182545e-05 9.83403515419923e-05 9.77812233031727e-05 9.72220950643532e-05 9.66629668255337e-05 9.58005912252702e-05 9.4634982815478e-05 9.34693744056858e-05 9.2303758719936e-05 9.06557543203235e-05 8.88469367055222e-05 8.70381263666786e-05 8.5229316027835e-05 8.28662086860277e-05 8.05030940682627e-05 7.81399794504978e-05
-9999 8.8982742454391e-05 9.37737131607719e-05 9.29088710108772e-05 9.20440215850249e-05 9.11791794351302e-05 9.03143300092779e-05 8.94494878593832e-05 8.9039582235273e-05 8.86296766111627e-05 8.82197782630101e-05 8.80011648405343e-05 8.83564207470044e-05 8.87116766534746e-05 8.90669398359023e-05 8.96265410119668e-05 9.03904947335832e-05 9.1154441179242e-05 9.19183949008584e-05 9.22404942684807e-05 9.24153137020767e-05 9.2590125859715e-05 9.2764945293311e-05 9.34858762775548e-05 9.42067999858409e-05 9.49277309700847e-05 9.54891656874679e-05 9.55721188802272e-05 9.56550647970289e-05 9.57380179897882e-05 9.55513605731539e-05 9.50950998230837e-05 9.46388390730135e-05 9.41825783229433e-05 9.30200912989676e-05 9.1622190666385e-05 9.022429730976e-05 8.88263966771774e-05 8.68522547534667e-05 8.48781201057136e-05 8.29039781820029e-05
