Data/Covariate_Data/Formatted/Relief/Relief_0.5.asc
NCOLS 166 
NROWS 101 
XLLCORNER -155 
YLLCORNER 22.5 
CELLSIZE 0.5 
NODATA_value -3.4e+38 
[rows 44 to 65 of 101, columns 50 to 99 of 166]
-3.4e+38 -3.4e+38 0 422.765106348522 536.509358886833 369.059341724792 766.059307811179 1164.66179912153 1531.14343755593 2048.96034773732 2576.86441644148 2334.20107254266 1947.42479680108 2114.32063654675 1799.37499806124 2045.84648594826 2012.58060133806 1490.01212214623 1426.295032881 1309.91240970136 1364.7600754025 1193.28238977674 1509.35130629192 1831.28017654284 1848.14671234005 2012.71477385443 2145.29701172117 1694.29053625895 1607.33616811693 1555.28861365466 1374.1138562978 553.621163366235 160.534981881876 259.260121174386 203.170633171326 155.838989769769 107.520576101277 192.189897579702 209.431830745997 158.096778245782 186.116264189737 137.249608006263 157.523714567616 162.765303327381 242.210839115117 196.966859135999 186.490816129509 210.428538988756 105.582337233352 93.2819894955147
-3.4e+38 -3.4e+38 -3.4e+38 10.5361495102104 912.495552296823 1018.93438708241 1357.54579336583 1418.86773997478 1179.22115242835 797.105000931612 1439.10903755008 1807.4657298484 2159.23496954251 1931.94355369971 2137.35012961928 2124.18343760408 2273.84359388979 1531.69831516592 1033.13995327391 838.330093935008 1160.31805880314 1274.84384370737 1404.76328186982 1418.53535979968 1696.38683227998 1890.84387285369 2537.60484104058 1896.58565824711 1551.78192650068 1544.67467040763 1098.64652914083 1020.41050967421 479.729978972305 173.360209982591 228.130350187124 116.347660893084 65.8685778482152 75.8119509509515 155.13382984054 169.583280619006 104.125314996454 91.3902453625334 166.705911082339 231.945497985219 182.673695714949 189.712514096004 88.6618959848372 158.241220237772 225.20374761949 244.376196159745
-3.4e+38 -3.4e+38 -3.4e+38 -3.4e+38 -3.4e+38 611.830338410099 978.283517876137 1129.41207529816 1544.34973879831 1751.36238961347 818.905312829715 1304.04389365722 1914.28413363987 1955.87675376455 2108.10643071955 2049.19096875483 1939.63451965162 1816.36458943023 961.271049614543 964.507566065235 1510.28072719532 1532.08082099952 1284.97915506812 1704.90730028689 2017.75951143834 1880.86299002051 1961.6296545763 1640.38681735826 1590.23858090712 1579.29052285249 1332.49648970337 806.090513969979 738.169221876101 261.059755196725 191.705672998132 216.448083129021 201.729894412617 152.308413029657 477.685613689692 700.126190918387 598.235625301687 461.444324209782 366.629603568294 200.369012239879 238.535479528084 120.623059376154 113.031462183441 111.179357024382 132.435212023177 214.371458852584
-3.4e+38 -3.4e+38 -3.4e+38 -3.4e+38 -3.4e+38 -3.4e+38 71.6604944726101 533.087644898289 1463.80296618493 1267.07909770119 1321.97216014158 1160.08789807 910.764896421143 1292.39642795979 1398.49433734287 1111.20790727815 1810.06266217471 1675.59843511803 1238.47661534158 1672.89090181166 1835.7647024068 1611.44326873082 1335.05026603085 1611.7784807613 1608.56521337207 1470.22137916134 1744.40243954108 1550.69103081838 1111.80926351822 1167.45404476449 973.508461397583 1142.19459455375 1128.41327313236 413.213104497095 441.224102070959 346.772612228152 211.051993729304 228.180330458641 244.448454085765 362.567039409548 329.7830427646 200.920317307218 167.546261904169 209.96151575884 177.246919490624 222.01045816446 230.75877761726 233.08744401286 230.057538059303 212.268237701485
-3.4e+38 -3.4e+38 -3.4e+38 -3.4e+38 -3.4e+38 -3.4e+38 -3.4e+38 -3.4e+38 195.977394637211 578.064267852484 652.000836865672 943.611501145886 875.504099656929 502.373008192827 444.429603431857 1259.32346328999 2766.85169920894 2034.408862545 1352.60919695531 1615.8789992192 1910.99131429754 1586.82139782293 1030.38672414385 1489.91498517498 1181.76340988155 1164.45525810211 1439.27111685684 1350.03584475699 1449.32864918082 1243.85501450335 1279.54557554438 1513.12163453294 1533.8828957075 1094.9354142732 260.321410224024 296.062469038193 703.956664507334 728.09693700406 276.943538517412 136.188375764272 174.077146540361 210.04891886642 349.305190239596 142.679834960485 205.07199188838 243.883600102513 283.735913814768 173.471364597885 194.487018758434 182.353055353613
-3.4e+38 -3.4e+38 -3.4e+38 -3.4e+38 -3.4e+38 -3.4e+38 -3.4e+38 -3.4e+38 -3.4e+38 -3.4e+38 400.676849980084 705.657224894274 1195.22275941235 908.277587976554 436.008439499509 1070.22191811937 1317.14992077326 2073.82783639844 1847.76007425782 1870.59171220812 1456.151785672 1337.9793716118 1238.75085849936 1128.95612789167 951.541424463207 975.81366189943 1115.93555050747 1222.98346939139 1308.1068733437 1001.02397628594 786.891038005843 1058.80942955396 1544.7945839952 923.947304978509 1171.38319609695 345.717625113194 218.069324286396 235.414000661517 183.149593926535 165.821662190594 858.491041966826 710.375757155442 544.468628640107 316.14507257229 147.228274420146 203.991031771114 230.854218377539 277.522092343131 279.839769180573 231.282589841283
-3.4e+38 -3.4e+38 -3.4e+38 -3.4e+38 -3.4e+38 -3.4e+38 -3.4e+38 -3.4e+38 -3.4e+38 -3.4e+38 99.0131449127752 818.772757300441 1562.28654319384 1706.28808346377 764.970078591864 262.225263225365 1259.1610815952 1611.53300219136 1676.49269028175 1596.19471397165 663.957928776528 437.946104010455 521.555382904434 742.364839486801 369.404612403557 960.262967970073 641.203719630013 940.221350977763 1022.41756104098 1180.46171692173 1157.59235220837 702.812668526675 1469.14561750644 1118.45436266244 991.12326666872 269.434402646052 190.947796131917 252.226204443501 670.529445039279 632.149244112783 316.88938958309 409.778786209152 818.460178918706 674.458142953582 303.778038882814 275.830584542185 174.030616354507 180.052563907637 217.875840653658 181.334337796882
-3.4e+38 -3.4e+38 -3.4e+38 -3.4e+38 -3.4e+38 -3.4e+38 -3.4e+38 -3.4e+38 -3.4e+38 -3.4e+38 -3.4e+38 166.972513220047 905.205217373683 1057.33228482355 129.231881254297 532.775753699535 1325.4027498875 1161.63981800558 1957.30037626417 1743.84666689861 685.015526976267 247.048950773388 261.80717778308 190.143319772912 250.38391762715 289.775494334819 765.400214213113 983.385936688287 982.289522280766 1226.16712958188 1238.57020685398 1219.63424668041 1307.96874708632 1121.13331020113 1128.1002885678 1089.69453695852 863.947607416733 985.119867759338 1136.87778517083 948.880784069145 664.284591875269 772.00122243859 406.782125283081 255.455004927 268.254515007111 226.936647578534 230.888663285768 205.821106604931 268.511145225311 295.939877304834
-3.4e+38 -3.4e+38 -3.4e+38 -3.4e+38 -3.4e+38 -3.4e+38 -3.4e+38 -3.4e+38 -3.4e+38 -3.4e+38 -3.4e+38 105.646298222136 500.026176352228 470.039062717991 601.526524823975 1045.36117900188 2944.05746242407 1158.63356372093 1379.42352568794 700.048614764303 664.328149262999 351.56052328019 357.295990291292 323.66402981626 422.438540803056 620.756773908922 1003.490931742 1036.31943733903 1223.8997695683 1204.5478574212 1084.52772241057 1548.28230635464 1204.90084773044 1030.44626116913 950.620845956386 984.34912918191 1055.69716011125 1156.93163477158 930.225411968473 984.148672295687 1079.43073456857 1166.70361988801 575.12833813202 257.029070737741 273.575024563404 243.664515769899 219.767529284418 156.76273284249 284.583965097656 215.67491642492
-3.4e+38 -3.4e+38 -3.4e+38 -3.4e+38 -3.4e+38 -3.4e+38 -3.4e+38 -3.4e+38 -3.4e+38 -3.4e+38 -3.4e+38 12.5326131832657 566.948232279142 721.739951112801 711.006905080431 1455.38178834584 1874.3561418122 2120.01900651832 1315.12703198426 1036.8351314577 700.489920577499 451.941835527483 393.808157849771 1091.97416157377 1401.49834409029 1588.49880977421 1259.79085354416 1127.63010452427 1263.90531702705 1552.30647767578 1486.08858642389 1440.39667250283 1249.66850758401 1232.47313998184 1209.34632470972 1035.6994891005 1303.71578345352 1388.79570973375 865.396588967258 1520.42460468956 407.119465247564 304.336062210741 265.778174676918 357.330345922163 237.130833058531 312.232880769387 363.53441953599 235.431301382733 235.391773857235 255.20829382445
-3.4e+38 -3.4e+38 -3.4e+38 -3.4e+38 -3.4e+38 -3.4e+38 -3.4e+38 -3.4e+38 -3.4e+38 -3.4e+38 -3.4e+38 -3.4e+38 740.407468658736 787.217328079832 454.216076409384 1024.10521380112 1214.78878863744 1120.69285552713 1432.97795809961 974.472619460909 395.31510119231 725.571586148661 795.017393608276 1416.95159173647 885.720687840885 914.807435509169 1341.51378460982 1647.35300389389 1638.06443001694 1256.34601696103 1550.90269474972 1203.80708220495 1181.52155521683 971.830281157248 1388.87997257626 1547.2817919254 1624.53278016362 1063.80148177788 1184.74255083864 1671.3419389842 1057.84166796655 480.562559190626 444.2925147847 431.5810196976 323.18361254568 296.50975613814 405.681336250694 447.618113477546 398.622500712865 225.803690537863
-3.4e+38 -3.4e+38 -3.4e+38 -3.4e+38 -3.4e+38 -3.4e+38 -3.4e+38 -3.4e+38 -3.4e+38 -3.4e+38 -3.4e+38 -3.4e+38 766.317654534224 759.373352404836 528.605028261754 1247.34430182773 1863.34134796668 1271.41828246808 783.347434027605 962.662599122113 891.474436017726 1013.89653454666 1303.25979705012 1220.19115631916 1409.79520506316 1587.13503516363 1854.33485687619 1689.42410597068 1531.66608484763 1611.80369557768 1616.65608603849 1443.70607793202 1560.51502225981 1073.51589829305 1294.49915390911 1046.05764704933 1490.17566675438 1311.42464634582 1469.67344285347 1231.13301348826 1975.27673896354 1886.97820482075 1466.01818230772 1488.73142526206 1749.3108279942 486.438670783945 408.790925101236 353.724739607991 301.57538983393 338.272515924772
-3.4e+38 -3.4e+38 -3.4e+38 -3.4e+38 -3.4e+38 -3.4e+38 -3.4e+38 -3.4e+38 -3.4e+38 -3.4e+38 -3.4e+38 165.989639521762 980.496198487377 505.77402168113 1093.16872968115 1048.64457818887 1421.24488787653 765.37245535411 1149.58210664912 1035.39995025824 995.400554312379 1049.58870411078 1153.34783036145 1289.73744514766 921.948839348787 1152.06287750624 1590.9873248106 1366.67314643769 1194.73009227612 1091.84670930004 1463.0814562693 1357.39122642659 1676.87115810397 1113.01897089098 1248.99460460103 1066.81331687455 984.78562838616 1130.72406331682 948.939456823757 1174.80608685068 1224.44354955312 1988.09891214514 640.92674065488 1119.19977254321 1748.46094770359 2059.57708040087 1205.86617339627 266.556796619804 274.786988409299 319.980393740988
-3.4e+38 -3.4e+38 -3.4e+38 -3.4e+38 -3.4e+38 -3.4e+38 -3.4e+38 -3.4e+38 -3.4e+38 -3.4e+38 -3.4e+38 450.943097340472 791.383613170783 581.827525409812 916.95584354298 1182.18079266978 1623.98472889039 667.8888368381 799.284014102995 920.397545411083 1124.19468807003 1024.67467503403 1295.76881132821 1042.43007111421 923.238279672924 803.820214832835 739.6429104161 1400.84958639169 1324.92905753452 1356.65764733568 1172.14469961989 1246.00942474527 1602.25569836272 1404.69808051721 1492.30456570439 1058.50275907726 725.696915220721 1020.25347785484 773.220399377796 846.986941383801 1510.8734698038 1702.57722309917 743.549453314802 433.485165006064 1245.01001959213 2234.37922289887 1258.20703073242 272.775995152137 266.477776955564 236.286784824185
-3.4e+38 -3.4e+38 -3.4e+38 -3.4e+38 -3.4e+38 -3.4e+38 -3.4e+38 -3.4e+38 -3.4e+38 -3.4e+38 -3.4e+38 232.542479561978 550.001225363892 604.970615711273 1272.93563078515 1747.02033572617 1069.36438321771 1025.98871303629 632.421858926783 554.290987165437 536.887938164175 602.881151191678 779.06583743884 811.66323825114 906.582656956497 725.860515758096 208.463968925128 1143.57206959899 1400.62148194431 1305.56406984371 1258.88857203415 1657.19481896044 1495.79659418042 1416.72633155792 1272.81777850406 162.331735346714 518.780933152719 835.920739309608 1523.31767660554 1142.81798345357 1294.46691405237 1478.46627325154 1175.1472289217 707.620344200834 854.676317422091 1142.09116904807 1029.68288570845 359.2010787737 360.714909862662 188.489892993229
-3.4e+38 -3.4e+38 -3.4e+38 -3.4e+38 -3.4e+38 -3.4e+38 -3.4e+38 -3.4e+38 -3.4e+38 -3.4e+38 -3.4e+38 330.432484620698 736.263498018138 779.963501739466 1054.41389996861 1401.55380176715 595.259152310748 684.706227662267 381.83533113148 363.893852746391 486.965134055451 343.044591895587 399.419099358402 761.394187758842 588.924613986722 1005.63567085151 1458.44212664425 422.063253255748 892.158474493945 1269.85525362806 1344.55441644861 897.365801181279 975.009166963843 304.99420207831 305.998471876203 549.176753191391 790.955759239526 1147.34525039586 1215.08348423383 1174.30232690631 1656.05515698349 1872.9582545484 502.382085173043 679.525881255518 811.495921411757 909.016792401143 476.703399024444 378.272000473348 386.972275498345 281.804800385901
-3.4e+38 -3.4e+38 -3.4e+38 -3.4e+38 -3.4e+38 -3.4e+38 -3.4e+38 -3.4e+38 -3.4e+38 -3.4e+38 7.83145077735858 928.183780617707 1137.86199998419 976.196757584029 1137.90264230608 1673.51483595073 674.72975871479 914.417179098128 1024.75279684571 608.489967710635 791.434997940471 244.4157185067 1523.62823631623 869.368049077292 466.284499348809 491.877850684423 1009.83630877344 1182.11028818247 750.610509170676 567.096678358263 362.582148444426 267.792614684248 166.416538619192 547.374850206739 806.121125788325 1066.3195357077 1000.45807790151 916.22955235127 1362.22321401959 706.150729050928 1221.03827066504 1510.41849172998 1912.83165386228 660.819906335609 551.561020199253 556.424431994612 501.10525796101 1035.14056659412 1021.72374719471 336.286478971399
-3.4e+38 -3.4e+38 -3.4e+38 -3.4e+38 -3.4e+38 -3.4e+38 -3.4e+38 -3.4e+38 -3.4e+38 -3.4e+38 -3.4e+38 1026.63103320898 869.556462602505 1307.13455571776 1685.8223176358 1184.0256646085 663.056597331554 649.18741230172 936.888425255569 894.848448140585 946.674859340818 645.828650761649 970.791506915922 1182.20003894238 1002.4238626289 556.203404645971 634.799131980576 660.312416749233 843.651394970699 939.700414321031 1061.08706700959 1104.5668718472 1260.69445541742 1262.73296329664 875.289339221096 1082.53780992452 1322.36173006008 914.721423752125 1029.2186334617 982.429232228778 232.278015207717 466.202945893456 464.72833551464 281.524794756706 614.768066932395 951.974470910758 901.095550436526 429.040892093151 778.069385874065 1114.86282013068
-3.4e+38 -3.4e+38 -3.4e+38 -3.4e+38 -3.4e+38 -3.4e+38 -3.4e+38 -3.4e+38 -3.4e+38 -3.4e+38 -3.4e+38 590.721322045882 1441.68543587747 1737.37779368963 1250.57822358023 1522.21371762582 978.663963172197 780.47134770756 407.269999539314 977.340438258495 743.807269206625 584.144592784517 1325.65615446166 1048.30021831774 1303.95998495335 862.032864429604 216.544662794309 1005.36368436196 1312.43189448327 1175.24056464175 901.357020221527 743.827540639783 1123.06735386515 1479.94069806724 561.924607076157 1109.93771792953 1368.71431573665 800.821657227829 530.132556837925 410.064742506883 184.723884634354 419.530530380351 559.539791879728 264.265901088258 270.021361045562 536.633656231342 1099.60929953697 861.800563639424 321.867702769973 1005.79497394136
-3.4e+38 -3.4e+38 -3.4e+38 -3.4e+38 -3.4e+38 -3.4e+38 -3.4e+38 -3.4e+38 -3.4e+38 -3.4e+38 -3.4e+38 561.505215771212 1248.56913982604 1755.5356380052 1485.0228948914 2480.26303527755 1359.3157733547 721.794786463409 741.554709434524 1318.51679115992 890.601598453158 1005.46957182339 1310.86814964109 1139.47392334393 1363.6774587718 726.728136555839 990.469310387277 840.910058911827 895.782564543875 1061.74202111324 812.58916052152 1565.13034984937 490.956008386144 684.4560963736 275.275654497198 542.508450202407 1296.70724818159 882.279971185492 867.668376299868 866.126491300932 674.080426777757 849.322458075169 517.885311642385 254.300722274287 468.716774707268 1058.09163228559 1021.09724082744 1048.66220778436 457.833974372456 628.426537848366
-3.4e+38 -3.4e+38 -3.4e+38 -3.4e+38 -3.4e+38 -3.4e+38 -3.4e+38 -3.4e+38 -3.4e+38 -3.4e+38 -3.4e+38 523.752834201092 1538.51200170547 1669.54733261185 1865.62083840974 948.09391010863 1818.38563839587 1160.57932394043 609.53260849145 835.243711207492 826.424701004054 1159.42878517839 884.64028444418 1476.74873044573 1355.02651253878 1021.79315732764 765.584694204812 1021.53692472586 1020.70890800084 1631.12486048071 924.966384926802 989.006988078176 568.857165918979 442.188323880441 1197.02945374687 1164.18411457568 1854.03535379348 1490.84964262238 1245.63185597724 1658.01335708801 1739.17353656511 1164.91217078933 1004.34105172523 474.587148513624 330.697044456777 1110.3083355665 1324.79981029262 777.590754768686 1168.51580471442 1599.26077024477
-3.4e+38 -3.4e+38 -3.4e+38 -3.4e+38 -3.4e+38 -3.4e+38 -3.4e+38 -3.4e+38 -3.4e+38 -3.4e+38 -3.4e+38 763.157210498216 1448.54448764953 1171.54245475428 1778.30655353638 428.786422494654 2380.03339688222 1511.40384095243 1061.38865587177 931.999219717323 1068.37120481932 868.608555865258 787.475353498209 1260.57369032609 1617.19231688947 974.308006022133 1037.32036168375 871.221703558906 1189.34709726523 1269.680996946 1201.30387057307 1211.5843637562 1043.10305858538 611.039950801756 1517.44618769443 1430.49551629686 1741.80314149423 1402.99204107961 1077.08773493147 885.988420510089 608.032807062256 1003.58215460934 926.360547036478 631.547958517987 1280.4238770588 1555.93322570658 1113.33659570412 1162.23887209995 1479.20408461789 1199.56913977745
