Data/Covariate_Data/Formatted/Relief/Relief_0.5.asc
NCOLS 166 
NROWS 101 
XLLCORNER -155 
YLLCORNER 22.5 
CELLSIZE 0.5 
NODATA_value -3.4e+38 
[rows 66 to 87 of 101, columns 50 to 99 of 166]
-3.4e+38 -3.4e+38 -3.4e+38 -3.4e+38 -3.4e+38 -3.4e+38 -3.4e+38 -3.4e+38 -3.4e+38 -3.4e+38 -3.4e+38 -3.4e+38 994.180075943544 1466.77604617812 1821.19105573866 288.543881499349 1287.38312617384 1669.20609673138 1375.89153560447 1126.36842477036 1277.88963357941 1181.42424638336 378.067306966768 1200.84554031723 1675.75107937283 925.568492380898 1010.72537161265 873.888439719718 1062.32724157529 756.256805325843 1089.915101192 946.720256413103 1998.81633604477 845.633644556846 1186.72010929146 1000.82333006388 1626.76533716999 1301.39559287122 1188.59910880885 1378.26070780984 907.737554204654 1015.21886921066 889.968070148462 783.532223490747 1409.70202979098 1813.37875852918 1424.26448762792 1292.33608503523 1414.88662638167 1361.03525711558
-3.4e+38 -3.4e+38 -3.4e+38 -3.4e+38 -3.4e+38 -3.4e+38 -3.4e+38 -3.4e+38 -3.4e+38 -3.4e+38 -3.4e+38 -3.4e+38 644.220929308606 1246.20647096033 1594.78809066851 804.628163336198 323.309721647561 1008.48467859427 1671.2096245011 947.926893364245 1542.99586529065 1294.49351341152 531.043682729446 860.826517854287 1109.68262271453 1365.69119436825 1165.31235159785 981.40360701013 913.305064180542 841.8942546331 1528.26660573922 1739.75449363699 959.517773799455 1053.46589415248 401.109005703057 1406.26064409451 1481.0258990685 1474.0618056175 677.387917258507 1528.63646062806 1283.33838976963 1116.64026112468 1042.76224253229 1828.8608020584 1643.19033307889 1958.59321061388 1523.55098905418 1260.1185225901 1047.7419651684 1816.77111280078
-3.4e+38 -3.4e+38 -3.4e+38 -3.4e+38 -3.4e+38 -3.4e+38 -3.4e+38 -3.4e+38 -3.4e+38 -3.4e+38 -3.4e+38 -3.4e+38 447.274236769343 762.209602900783 1035.7072191891 775.307496956057 71.4856657361843 563.700027015716 1349.02804290746 1591.31568244466 1458.21308587809 1329.87029689741 1619.52475281302 1132.76284249616 1092.39119288 1402.97149138591 1355.55288907865 1134.30635263699 958.725527492709 1616.62715510067 1170.54795252822 1789.47933300894 961.410832860845 1188.02486266003 1434.99477639401 1637.69531645841 1838.62719099498 1267.96522654484 790.057985646886 510.815512822779 600.007204009051 2122.36248937193 1457.99823129277 1615.69898851176 1369.00805585345 1575.96456641116 1551.41325496512 1760.97320702931 1032.85736240788 1860.9601864716
-3.4e+38 -3.4e+38 -3.4e+38 -3.4e+38 -3.4e+38 -3.4e+38 -3.4e+38 -3.4e+38 -3.4e+38 -3.4e+38 -3.4e+38 -3.4e+38 -3.4e+38 264.081340584962 635.928654069147 674.93788887985 85.5084478664138 100.746870221284 1024.05538354112 1994.095661396 1574.17492133917 1571.93906685743 1271.62826225773 1028.26454188152 1074.2778561158 1011.6271374532 1019.80429408846 965.204958054495 1515.43745815891 1064.13665356583 829.721582237182 917.528515980287 917.864049001657 707.678077114551 1247.7460817409 1682.25017933867 1458.04648622389 1963.30215528751 1800.6960315328 723.407243854107 694.550624644987 1716.77485720756 1262.55729147826 1160.72587783082 2046.98878874691 1500.06235663832 1548.71724330378 1650.44884645429 1818.18332480029 1809.22576301589
-3.4e+38 -3.4e+38 -3.4e+38 -3.4e+38 -3.4e+38 -3.4e+38 -3.4e+38 -3.4e+38 -3.4e+38 -3.4e+38 -3.4e+38 -3.4e+38 -3.4e+38 -3.4e+38 456.527271457845 449.349358625759 913.603334484684 850.444432744226 410.014136616209 1401.74898095194 2239.86819416562 1878.6214954441 1677.23318033828 2507.99184046716 1174.75357616101 680.883724750663 825.008196327056 1157.77486399259 694.057579557404 1070.91583196014 1035.26730233706 1007.47938535418 623.709978537443 1331.49219519284 1526.14530906889 1182.45877336164 1531.61926459806 978.513492836679 1567.67343037598 1139.76425561197 1342.35460216182 1534.85279896456 892.857321876078 1323.65281008626 1461.50499695639 1475.92476914481 1252.71488943066 1041.94432503354 1507.10390346438 1822.66395383742
-3.4e+38 -3.4e+38 -3.4e+38 -3.4e+38 -3.4e+38 -3.4e+38 -3.4e+38 -3.4e+38 -3.4e+38 -3.4e+38 -3.4e+38 -3.4e+38 -3.4e+38 -3.4e+38 -3.4e+38 750.484429081189 1022.56514234612 956.639240669486 117.153707791297 662.056972229774 2287.10686982167 2790.59873408769 2471.21904815415 2728.47007617314 1633.01226922953 1471.88384392282 863.500504983946 1096.23335143886 1009.67703985202 1179.11048203907 1354.35344665272 1203.80542153621 1567.75004663959 2084.00570294157 1147.28175393252 1205.47699663669 887.319801486142 1141.78552245208 1753.0063165118 723.551363955514 661.0028905177 370.386744958842 1084.83223566487 1799.52844730006 1613.66911092305 1707.92086782964 1477.91320364575 1437.30471019375 394.155974286098 1655.67885564504
-3.4e+38 -3.4e+38 -3.4e+38 -3.4e+38 -3.4e+38 -3.4e+38 -3.4e+38 -3.4e+38 -3.4e+38 -3.4e+38 -3.4e+38 -3.4e+38 -3.4e+38 -3.4e+38 -3.4e+38 74.7185866436824 881.307838352405 1026.24761583471 945.175352260373 141.131916968886 253.420772101448 2139.12343409025 2887.68333611477 2846.51570842214 2538.37646939798 2178.46723488149 1610.41170766792 1231.90944581972 745.538026790326 1702.97380319169 1142.65797437128 1722.78158698341 1555.25425723594 982.344335608591 698.214918720131 1205.5834239235 1181.25788808612 849.808688314202 851.430381436792 822.95485010454 344.251363656915 1207.63262082704 619.338020656943 469.616273923348 424.108700333848 546.299231830392 810.470222266853 901.070491594041 1175.05219791088 1421.58725424595
-3.4e+38 -3.4e+38 -3.4e+38 -3.4e+38 -3.4e+38 -3.4e+38 -3.4e+38 -3.4e+38 -3.4e+38 -3.4e+38 -3.4e+38 -3.4e+38 -3.4e+38 -3.4e+38 -3.4e+38 -3.4e+38 1162.28406787851 1175.00887384813 1227.61154904457 941.17225573802 53.7245837326417 241.527816348984 3048.85100499827 2404.40278027047 1273.39871470494 2385.50337214891 1811.48494818397 885.758250247363 2059.98523083266 1392.98921726449 975.929757910816 1050.53317032464 1636.72144581293 1402.99093814181 1126.64481868952 2048.09164256464 1603.20415915473 637.42221687499 637.447555578503 487.540026514107 725.607100369138 1103.62894786218 1130.83001394239 307.972040940876 349.060949256927 358.234976484667 1202.49464489312 1381.01423641892 1676.91769640848 1299.54319209084
-3.4e+38 -3.4e+38 -3.4e+38 -3.4e+38 -3.4e+38 -3.4e+38 -3.4e+38 -3.4e+38 -3.4e+38 -3.4e+38 -3.4e+38 -3.4e+38 -3.4e+38 -3.4e+38 -3.4e+38 -3.4e+38 -3.4e+38 949.731887933451 614.825408457807 842.195190715129 586.459998740408 240.30266978649 2115.73703050497 2072.13539685177 1492.25185643065 1508.81318049991 1460.05203377758 1534.13164489892 1474.69726468788 1340.52572471559 1065.32787122598 1243.29400011408 1217.4793067187 1620.96572827946 512.506921881626 570.604259093033 901.973227756584 541.622257183058 407.882713906269 461.165553937278 466.754377168361 562.996731172022 996.33286168994 626.141311251313 429.454525471684 690.349908948076 1347.62249365618 1438.88519407861 1753.68204199344 1101.13220399597
-3.4e+38 -3.4e+38 -3.4e+38 -3.4e+38 -3.4e+38 -3.4e+38 -3.4e+38 -3.4e+38 -3.4e+38 -3.4e+38 -3.4e+38 -3.4e+38 -3.4e+38 -3.4e+38 -3.4e+38 -3.4e+38 -3.4e+38 -3.4e+38 624.772756899703 1050.68662686055 988.889534764215 643.004220845509 1881.74771311372 1627.92694258575 747.411461865619 719.826854294609 750.957380771951 1256.2373156058 1313.12708849796 1015.1639972359 1077.955652878 1162.44075349618 1167.41814118955 615.716788739168 629.234022982734 838.807846948422 1704.35443405866 815.217134286993 255.948334818292 442.725256634242 366.929007979094 488.176656726372 590.381178901984 588.035022684102 1117.64916725021 1054.8446597338 445.016849635924 1204.14921847929 472.400471903319 688.643331746845
-3.4e+38 -3.4e+38 -3.4e+38 -3.4e+38 -3.4e+38 -3.4e+38 -3.4e+38 -3.4e+38 -3.4e+38 -3.4e+38 -3.4e+38 -3.4e+38 -3.4e+38 -3.4e+38 -3.4e+38 -3.4e+38 -3.4e+38 -3.4e+38 365.774141691801 919.656830069807 1417.79090103196 1813.83682702476 2030.68988153875 788.925126080803 389.274362170444 717.601046705769 1079.70458667188 837.635517988426 1403.11381591559 1075.26835693694 689.460856126007 1049.18180905888 1313.31070100202 1200.2330328791 1196.19148280571 1123.80622229524 1346.67788248678 616.254385004159 655.488187553814 363.645125337184 304.614392077509 354.411107751166 380.790990268777 354.991376420041 627.115550727497 698.267618122223 294.493861018337 953.787277913535 345.244727578266 404.959227621989
-3.4e+38 -3.4e+38 -3.4e+38 -3.4e+38 -3.4e+38 -3.4e+38 -3.4e+38 -3.4e+38 -3.4e+38 -3.4e+38 -3.4e+38 -3.4e+38 -3.4e+38 -3.4e+38 -3.4e+38 -3.4e+38 -3.4e+38 -3.4e+38 -3.4e+38 169.099396044211 929.913535381732 1405.6048690066 1053.98635153231 1842.24569538439 2316.09299937904 1809.11874934266 2278.24069316774 1006.6357629092 910.78857801101 949.880711115879 801.107572587698 842.872963243171 635.420093696156 864.138244450822 1160.91349224771 1510.69316570432 1238.37772864178 1446.2211662927 829.132609420104 599.035501468168 1125.14059669566 955.818302451515 758.85164330547 539.369498361651 756.217600913176 1014.07409409164 599.027518326243 508.329444089324 525.218660801729 440.610057403148
-3.4e+38 -3.4e+38 -3.4e+38 -3.4e+38 -3.4e+38 -3.4e+38 -3.4e+38 -3.4e+38 -3.4e+38 -3.4e+38 -3.4e+38 -3.4e+38 -3.4e+38 -3.4e+38 -3.4e+38 -3.4e+38 -3.4e+38 -3.4e+38 -3.4e+38 198.026820918751 132.081430360529 -3.4e+38 -3.4e+38 313.319652790984 1088.62878306148 817.004134809097 2429.51542747576 2477.69800878229 1325.98431949022 955.126054818707 691.531316915975 687.649971762266 850.854957381606 903.407496032556 720.444980697477 774.353242376374 1244.3055261255 1515.45651625904 1502.51113833394 888.178483801001 1622.90307599194 1212.68294764452 1134.26453290738 738.345587589508 834.057814997256 1524.43075767165 424.098747945869 861.497423882888 914.024563638027 1168.76428987724
-3.4e+38 -3.4e+38 -3.4e+38 -3.4e+38 -3.4e+38 -3.4e+38 -3.4e+38 -3.4e+38 -3.4e+38 -3.4e+38 -3.4e+38 -3.4e+38 -3.4e+38 -3.4e+38 -3.4e+38 -3.4e+38 -3.4e+38 -3.4e+38 -3.4e+38 -3.4e+38 64.812150297767 0 100.494450894882 298.021114678027 300.696142400718 936.978512656659 1479.76713292543 1797.51152610884 879.677925818771 810.793007899166 457.902703557494 869.091410429617 772.998845601818 451.883474163123 382.914560077605 725.986476846958 320.171442230061 1138.70146354223 1483.24994580249 1307.00150523227 1329.46854443939 1115.52417594397 1459.30719201935 1038.90079777678 1132.12502466922 679.742776004848 1083.91138499275 588.771341916472 1632.84205079311 754.294436463067
-3.4e+38 -3.4e+38 -3.4e+38 -3.4e+38 -3.4e+38 -3.4e+38 -3.4e+38 -3.4e+38 -3.4e+38 -3.4e+38 -3.4e+38 -3.4e+38 -3.4e+38 -3.4e+38 -3.4e+38 -3.4e+38 -3.4e+38 -3.4e+38 -3.4e+38 -3.4e+38 -3.4e+38 -3.4e+38 96.8814383913577 349.326697007595 -3.4e+38 260.705825198224 1460.51201012124 1658.35672783159 867.164060200597 165.375085752711 329.259924442991 578.39339002921 460.375028724285 263.5668155734 624.900796044154 588.162526174603 326.15772868121 747.733551507755 1088.40528640667 1197.31719645642 1977.53431924671 679.073497409034 912.684533495875 998.591243084135 1333.72115316244 767.05493304594 757.75404361957 715.875146160093 1671.15972056088 683.990367017877
-3.4e+38 -3.4e+38 -3.4e+38 -3.4e+38 -3.4e+38 -3.4e+38 -3.4e+38 -3.4e+38 -3.4e+38 -3.4e+38 -3.4e+38 -3.4e+38 -3.4e+38 -3.4e+38 -3.4e+38 -3.4e+38 -3.4e+38 -3.4e+38 -3.4e+38 -3.4e+38 -3.4e+38 -3.4e+38 -3.4e+38 -3.4e+38 -3.4e+38 254.841396254256 924.093411813091 1179.82997781984 1740.83998322018 667.224434231851 77.2681362502421 465.201908860135 383.002125586557 502.278928064749 549.82235619335 385.418013665782 724.997020515476 482.614580936047 1623.93885682317 1140.00832448625 1008.64679101928 950.606477346925 648.412792897808 577.851665256679 732.79782440074 425.202250279634 1011.14200810891 424.186473635151 534.342927358658 872.324692622456
-3.4e+38 -3.4e+38 -3.4e+38 -3.4e+38 -3.4e+38 -3.4e+38 -3.4e+38 -3.4e+38 -3.4e+38 -3.4e+38 -3.4e+38 -3.4e+38 -3.4e+38 -3.4e+38 -3.4e+38 -3.4e+38 -3.4e+38 -3.4e+38 -3.4e+38 -3.4e+38 -3.4e+38 -3.4e+38 -3.4e+38 -3.4e+38 -3.4e+38 -3.4e+38 705.756576284965 1276.87047512608 1578.1576774662 827.592977900621 109.424578007949 122.764459188989 707.66261257949 722.790852246896 772.474403944576 526.820177361414 1002.66270614666 764.313729223895 1393.69851768262 1026.2413085698 726.305601829196 1564.53863615706 1001.71994804428 631.277635204802 496.415804625809 340.826849941472 378.397114044714 517.233272631961 465.304021933641 503.819512177146
-3.4e+38 -3.4e+38 -3.4e+38 -3.4e+38 -3.4e+38 -3.4e+38 -3.4e+38 -3.4e+38 -3.4e+38 -3.4e+38 -3.4e+38 -3.4e+38 -3.4e+38 -3.4e+38 -3.4e+38 -3.4e+38 -3.4e+38 -3.4e+38 -3.4e+38 -3.4e+38 -3.4e+38 -3.4e+38 -3.4e+38 -3.4e+38 -3.4e+38 -3.4e+38 61.5723463024677 1078.19321614792 1997.93083613015 2440.02874961262 658.885867045307 -3.4e+38 35.0744771542243 252.510029345801 747.36489149868 649.261824161321 725.515291920652 848.400935514713 897.005641721695 930.461448838711 745.785406326044 1172.59222916466 848.439758400893 444.220894865068 813.894998167996 471.708337031545 394.073271533119 520.437164961889 739.558357191359 492.439573113397
-3.4e+38 -3.4e+38 -3.4e+38 -3.4e+38 -3.4e+38 -3.4e+38 -3.4e+38 -3.4e+38 -3.4e+38 -3.4e+38 -3.4e+38 -3.4e+38 -3.4e+38 -3.4e+38 -3.4e+38 -3.4e+38 -3.4e+38 -3.4e+38 -3.4e+38 -3.4e+38 -3.4e+38 -3.4e+38 -3.4e+38 -3.4e+38 -3.4e+38 -3.4e+38 -3.4e+38 231.857340971205 2426.09368887962 2276.10502140827 781.461767441458 -3.4e+38 -3.4e+38 14.966995131773 606.996238658519 841.642363021313 490.540428793881 812.952465702381 1096.90346968656 1012.8338070868 1101.02657780151 1392.48867003859 1306.8136212421 764.397442222816 894.589927318778 341.201363992109 427.091499591695 523.517244131736 788.616950311105 983.140265697431
-3.4e+38 -3.4e+38 -3.4e+38 -3.4e+38 -3.4e+38 -3.4e+38 -3.4e+38 -3.4e+38 -3.4e+38 -3.4e+38 -3.4e+38 -3.4e+38 -3.4e+38 -3.4e+38 -3.4e+38 -3.4e+38 -3.4e+38 -3.4e+38 -3.4e+38 -3.4e+38 -3.4e+38 -3.4e+38 -3.4e+38 -3.4e+38 -3.4e+38 -3.4e+38 -3.4e+38 77.0865653125828 764.07866303603 1042.61761943995 1054.60436923777 -3.4e+38 -3.4e+38 -3.4e+38 628.72566779717 558.721487717916 724.757003561916 534.004972082039 913.776512971372 1193.55622369384 960.810087544278 1384.06190001805 1342.96834141547 928.233957502277 812.020286414806 409.565653528264 778.537382295785 405.711935422891 481.574681192173 644.380811973884
-3.4e+38 -3.4e+38 -3.4e+38 -3.4e+38 -3.4e+38 -3.4e+38 -3.4e+38 -3.4e+38 -3.4e+38 -3.4e+38 -3.4e+38 -3.4e+38 -3.4e+38 -3.4e+38 -3.4e+38 -3.4e+38 -3.4e+38 -3.4e+38 -3.4e+38 -3.4e+38 -3.4e+38 -3.4e+38 -3.4e+38 -3.4e+38 -3.4e+38 -3.4e+38 -3.4e+38 -3.4e+38 371.156105207563 776.689547613408 929.614282769073 970.009134728394 161.259207740133 0 252.514412562561 535.354462428958 787.347164339403 495.398124086462 719.439624484421 1157.13619626191 1398.89846026208 1637.3284142541 1489.87920169699 801.804028261934 1292.51329634171 1008.24696474595 1263.81208118943 680.67814931027 489.02705711187 850.344161509853
-3.4e+38 -3.4e+38 -3.4e+38 -3.4e+38 -3.4e+38 -3.4e+38 -3.4e+38 -3.4e+38 -3.4e+38 -3.4e+38 -3.4e+38 -3.4e+38 -3.4e+38 -3.4e+38 -3.4e+38 -3.4e+38 -3.4e+38 -3.4e+38 -3.4e+38 -3.4e+38 -3.4e+38 -3.4e+38 -3.4e+38 605.129822789624 -3.4e+38 -3.4e+38 -3.4e+38 -3.4e+38 -3.4e+38 187.553247875274 884.697600859595 1188.9730993965 898.669872953485 733.401638139348 -3.4e+38 467.960534543679 291.376377844548 530.60947749681 461.86771345607 943.685035305631 1083.84150012206 1035.31915547248 1494.11118703761 1346.43866553874 782.429422702095 808.040465047392 779.558899566829 1125.8363853198 459.525803591194 884.54247279787
