Data/Covariate_Data/Formatted/Relief/Relief_0.5.asc
NCOLS 166 
NROWS 101 
XLLCORNER -155 
YLLCORNER 22.5 
CELLSIZE 0.5 
NODATA_value -3.4e+38 
[rows 22 to 43 of 101, columns 50 to 99 of 166]
927.736746573005 1121.16224900447 1062.402816369 1082.32018182013 1368.82556018843 1666.77206492426 1489.69413621373 1213.27945448652 1219.49493648592 1175.73645796042 823.93291540073 895.689926053558 828.941166113943 956.4977256526 177.5188798128 455.648475941207 328.815058558705 134.560732083188 271.739775609297 593.808621631679 640.616836315998 551.999199617791 436.566376300575 89.0930200958138 48.1227368790362 55.3828324622088 46.5690281270041 48.2636137022532 84.9896897433522 55.7850834602451 24.2283697994034 5.6843418860808e-14 3.06515966573514 26.989863637376 111.966392117536 114.12435104417 104.833465030623 122.176244447108 75.448062098196 67.8000104273411 90.8605061696177 98.2649806798929 124.903517979956 134.587100753151 142.718915750689 97.2331823889687 69.0961928493016 67.5202715602651 67.0874620263488 49.8285194420832
1000.55663126528 840.325068940239 967.593727560466 1055.4920946676 886.783646652824 957.431772848632 960.97656993321 870.465705172246 1003.62999248066 1110.54956662931 1274.22615052955 1286.05992874799 1023.22235357746 946.112712744956 270.248265259654 221.535358836108 355.213227557171 283.171615746195 254.817156271232 146.317216425466 153.699294390225 131.253701904816 130.37193996594 143.807388707598 117.853532755092 99.1638860471124 51.7312566909204 47.6282456369882 42.0339816143224 5.6843418860808e-14 5.6843418860808e-14 5.6843418860808e-14 4.02216322587321 4.95494707784269 26.1460110299749 52.7112463518817 98.7054578497968 96.0767045636389 65.060738047335 68.105696907178 96.2888093906192 127.741334397366 136.972700160818 112.600611438279 93.8805781468224 83.641091361624 82.138695409193 86.5210814692605 55.1277300671626 46.3430350229169
815.118010847124 588.566748809698 896.657426587744 934.187469150331 826.517244822183 662.35993749717 546.993421446676 741.455748984263 505.952066083255 646.278744985235 878.412867580344 1257.74254150266 1224.81952042657 264.836607401208 459.158291916932 247.327660623116 199.99064983878 125.575186703079 272.892583636252 466.888319084805 473.603142243735 93.8116252789828 68.7845007643213 109.47969371857 79.7557930924942 109.9277753783 130.997575272251 126.981835564545 100.35329681101 126.905874608595 112.577766650145 106.87306480746 53.4124461442725 34.9815795704721 17.745458891467 41.1765368768353 86.3607734339625 69.6090040767694 62.6505314306075 59.8558896826011 89.9699381035559 151.590050099313 117.614427329402 103.069059010533 86.8195346630132 72.5649002715519 69.8525975783452 61.8636989174803 62.4429397467459 75.0901998618046
612.869028162923 478.07039672945 606.211228113819 747.924058393262 852.733541218191 585.040030310244 707.642723006214 612.208122717313 611.261267231746 756.36120610221 962.184719090912 1107.60645907736 912.474460427807 329.060305772105 235.304863432267 324.129755258848 248.952395731341 205.227557310603 200.53667640018 286.383573594672 257.533642407672 302.756478598558 348.085448424996 482.765838606879 584.742274907315 583.678967297917 101.803783613632 39.6284985335445 31.5519174306955 46.150137661393 40.1213732600725 69.119332240264 108.269097633065 107.049933375257 76.1393493529709 45.7218642710208 60.0000000000001 79.2017784346601 78.1617318336577 76.902627764364 91.166396377019 117.072640691455 97.9740578354217 101.112246049682 77.7063379744557 55.4061074920412 71.7864364308851 47.382072739091 56.0457036840339 70.4083266443055
1056.86322607191 754.612162785674 709.462733810349 682.585205363043 612.033220761002 653.335451670176 628.856135187298 876.154417528535 612.00076737223 964.521200890733 872.091774832698 533.22636172371 348.539500963668 262.665612155941 321.197771349014 289.912552533027 255.405039434008 222.61207629477 203.849807033404 111.068236533013 295.340244519883 143.091117246825 256.238617529357 220.200756111081 388.847448336985 434.297520190045 85.0519087849683 204.51737455412 579.655639383054 648.948993123296 588.693341987231 388.10971537499 44.9220427135451 57.7771513653801 88.9897704368929 115.254514297506 71.4404091142768 103.924734119801 76.7880852914868 89.7187374454375 178.861129301245 218.95424110353 236.63057694873 226.811698876786 200.52345090905 105.224695682062 92.1280210122367 111.222536449569 100.737433110291 109.752794726137
1233.62003869532 1135.1743122147 1190.31423117776 984.304809741124 855.227695512007 735.110121147875 1024.31548021569 1433.34362378525 1396.55644008587 1257.93012594985 801.764154890082 605.41056846457 643.428848057782 348.228294881743 342.520587318972 416.087832019642 274.94292218837 195.460823536667 235.072787503804 308.258076561844 385.110096354877 367.919056334986 412.163856482588 323.127488306897 213.499232955189 125.316500203773 281.326232253223 475.770326115207 392.900480267544 225.683793998081 269.309461288917 553.519444474181 484.778458121811 81.0411927473889 103.365437620069 111.022373201131 47.5144849325233 52.8806618575778 100.85506891881 118.720845897208 88.2840376433085 55.8385337998185 114.807402543811 96.8938067072777 192.309502421098 211.279113726398 212.303506902259 252.046991057001 204.006153379123 192.487352376913
917.908886772009 894.31069176339 882.312669568172 1210.72163914705 1328.08479396548 1392.98100593956 1263.75360863272 883.032996077072 1242.90029724631 1504.22320137348 1533.87046525366 827.362039174331 760.278689704065 509.65132814139 260.454402923007 200.449511892879 199.091583163069 228.729621602835 299.788736552766 204.557759164739 203.329494426073 345.968681318026 223.17441530862 84.7604219378346 300.034802151289 360.178047029352 259.699864714602 570.279040738425 620.142216942322 672.972520499885 715.472120381312 649.216141135863 306.06944764595 31.0341704968101 52.5341061823199 44.3458220977269 18.3290047590885 82.4812672064989 75.0387678855294 73.5442235901944 112.501068637299 117.583134207832 149.093913116292 109.755850916034 142.031668682777 146.228968948544 116.997257445563 152.65895781749 96.3347347875755 130.68984740501
1188.96872756221 926.510894310537 962.845800812598 1047.60246619801 1006.62227783604 1232.79021831469 1330.82656107508 1185.71658223248 1405.5931852442 1334.9440689402 1571.39553286972 1486.59232815541 1037.11503495496 885.750440457874 552.903325923002 536.215733292784 277.995681003287 105.851967531034 162.505648288676 283.061812545904 299.701874770417 291.412387806602 306.73721574648 308.703085826752 81.1794715073479 53.6893880817868 75.8927682189519 80.1184018642778 71.8772620056069 71.3559251332092 78.1101703465671 68.6226134180243 145.767093951175 358.764937741824 537.620806606806 552.106233475167 131.951286423018 64.9560520366834 101.872003226523 150.802565475644 199.736774619323 208.487586121284 126.745009852308 97.9163865356679 103.777360573341 80.2391126193216 177.937426968925 172.886157992645 147.044655107795 121.123808237229
1295.3528012947 1259.83007728919 1216.28246392038 1083.57800740824 844.673820356619 860.286914975809 1302.4485526041 1077.93953886249 1053.8406512932 1322.6551906157 1507.15113734072 1332.84003928032 1389.81835501706 1022.5988308576 615.530801764588 568.732156832288 497.680590638138 384.925997410992 269.507937259561 344.599095034713 362.080070498955 369.403450846924 265.596500866241 506.920525064402 472.744188296265 435.135365913557 441.924464670683 432.715137340611 578.69581680448 489.511217962241 193.973492579953 244.976514442322 431.036793076633 326.112922647884 172.38455416774 487.372009540566 603.890240796074 79.902723188074 171.982998241042 272.73580466365 156.176727751936 73.0351271326632 72.1952618442419 60.4123373511103 108.599077355647 186.030365976488 179.633210921198 85.8656671247486 167.494900182593 112.823801514505
978.15368440441 1132.15978603643 858.30822615338 954.248569972922 744.302140176513 725.036298896477 1072.25672553892 962.224940733127 1220.03921515398 1089.48409967964 1140.50958567935 1420.2592555044 1051.92780573905 813.015812092485 747.327082048986 321.11203943903 271.596930004121 221.235155688189 278.885713063506 230.735286374069 202.88096632716 413.686507639744 327.068562433549 281.029775621042 338.026983599267 382.851671424504 307.164263645049 234.788179991715 297.982930081269 125.515531198043 151.81740351816 293.27154805069 249.412274185031 290.764150198796 354.937943157531 474.317815028054 469.85575550369 265.430996162757 312.277916048231 183.705152629868 72.4266469902896 118.508129218551 93.2951576477264 82.5454472256854 73.0802638761834 61.9277274742519 90.1596890338169 119.628512578621 78.1606585773886 62.6781094566519
1335.67014925751 1165.84111964317 1111.98516945038 1221.88444257882 1260.08669906642 1179.13230220216 1002.29022474352 961.549605097044 1210.93004842725 1213.18983036125 1119.68335855605 1351.40661516117 1299.40351332076 994.481345248214 744.512933403563 376.534155494345 339.787398980142 177.425582829045 212.789724317885 268.22266745038 428.09342461474 421.012546580088 351.533698675087 282.495018069607 301.942472134965 304.534128896685 215.009982067543 211.815309103168 254.542454777773 155.599370822938 255.208981553333 308.209238948304 207.34825741115 82.8775693890223 58.054016138974 174.456369930858 228.207232552574 248.753525312445 346.037806203403 274.69189497861 253.309819970158 179.785732336888 74.284402740974 63.4519912648238 76.9115162394822 106.906928004959 96.473896443292 98.5520081005034 70.2101313212062 70.700170524408
2110.99688421914 1466.48576828206 1530.82954812415 1211.36888704696 1192.75148516311 1414.49578482776 1050.05090973476 874.354927747876 1013.23229816596 1009.59616014607 1151.42746079719 1045.60403312423 1184.07840616701 1248.65470747738 991.728791559836 852.011176043658 399.793998928463 411.680236032443 392.43419060551 346.44059122998 402.22924838892 343.775385781638 419.95848093867 272.739405266152 448.010931081451 345.267971697588 182.158676049473 171.857852971069 188.305888082142 163.154765811988 163.979170962093 202.223351197668 123.129970232299 72.6694098616208 221.164278912959 178.654045174667 293.231254237159 310.550019668856 278.476673685051 99.483006621103 83.1011939238545 118.34974138118 54.8350572012481 60.6658054372476 87.9405699329104 98.7850667291303 150.194693987488 142.218566480928 165.834899321759 145.034470184989
2059.81230773199 1556.43387239941 1449.72096709696 1288.88717096446 1541.11568456192 1549.20235975042 1224.94815327992 1059.57040670657 921.564918872488 993.503086898739 1007.74912991825 1213.51316358559 1056.33332647452 1121.99692369436 866.751531854842 1041.87409762596 683.171638939058 620.108373735154 401.084789786694 342.241410196363 384.174884847405 362.281267447039 385.549352691935 307.525634046166 283.616640466037 203.695287227482 158.913119400414 160.410155013183 109.690606486572 176.602466640885 360.316882092211 340.672938037945 390.729360486214 331.631971913548 308.457916072112 279.735975831515 100.520963738843 191.854537882978 176.144954366703 208.40914098172 175.690522182574 233.17843481322 64.7130966065631 35.8549562468123 61.5785053022525 139.658590793126 82.3281876694273 128.577849165192 135.635788812418 125.092548223577
1731.8331980733 1700.23603062278 1830.62182981586 1536.49858461359 1513.69815967651 1602.25081166008 1368.58699043232 912.041497973503 1103.29921860473 965.977958250214 787.896690349405 789.275654528149 716.78373788717 851.265407679566 854.483150806338 758.53513529361 1117.83466798951 1107.12441532129 470.874738873108 362.118716301249 206.382157548413 236.761604590664 415.153317082632 294.90468505952 227.805003267013 385.448917021643 337.164713630905 319.376730116126 504.93526571182 530.509270042196 501.345757469299 286.39646673191 276.215574193229 135.437829887991 253.279844860662 240.553046076709 180.065126845181 133.876806030939 148.261843505528 146.727077069016 137.343199796191 177.049615732479 240.914643878477 58.1038336505468 75.2619285905009 84.8901985379974 132.441235985121 70.5550842368367 64.9305464450841 103.77357747981
1502.63287155323 1396.95958195929 1652.49827945454 1741.07033567519 1400.72643481162 1315.96841989293 1463.12690506139 803.64938984127 932.436373429697 826.967859034726 440.763513392861 597.242393630533 559.478521123041 533.337296802698 518.853902038397 909.541822272777 1067.60424784534 1194.11796137008 956.234486853853 732.69198416444 765.123616345869 683.209851292975 465.08662835257 312.121154865316 349.26351400576 229.781894770716 262.005507115579 501.969638239145 465.547569548176 495.621284355875 285.698543774809 122.242759395795 127.652923448729 140.315828927132 178.490824216187 97.0587893249359 120.085368086669 215.729975103792 157.872386366535 196.21341132907 142.170374583838 106.233128633001 255.665131831442 204.051104653327 85.3665793666655 123.604450216786 180.782698145236 250.235876516833 234.055503077208 143.995415791587
1437.36590451339 1855.55532001792 1581.85837621124 1545.0984678625 1783.26275893336 1284.25058960509 1071.47401367099 848.336354410771 593.818339876248 772.086781500709 789.727292776329 480.226147942139 253.887322784745 240.04519330752 440.632079249199 653.054704394324 1036.17514921889 1125.09114241606 1539.0637475117 1147.22913849344 1121.80385407464 1053.60190405254 722.259013631965 602.392196444794 478.963489030904 410.765429493802 366.8943854269 386.117813988077 480.290378756179 401.525019916396 202.005147996439 112.305583054267 93.6875350983403 87.0064763630766 108.830893895343 123.921908302394 126.314054017402 124.47245683044 220.248711769511 184.167012701764 150.266852951208 90.0007532717947 109.64121903456 92.0001213665956 101.926618389484 76.7200582612272 119.605710146184 162.020173184929 126.841075386586 148.801415333008
1222.02900267042 1379.95985550576 1221.28799266293 1887.68852752954 1674.28859575615 1064.58881180247 840.399285587205 1157.08312704572 481.065624595094 593.787123391991 514.12567035374 743.154196381187 536.788963357117 672.222871642162 389.360169038557 939.34246767125 1041.89397608474 1180.00369568129 1235.51175253937 1674.15403154688 820.37737121256 1248.64540799553 1253.20910443952 999.147981260818 454.765932998432 581.397369374515 461.860890979843 393.525647574761 344.163872478993 227.345705961647 143.918809380267 131.739605539442 119.678760972799 137.624597282363 152.554528051288 87.6925333758767 133.476122804364 143.24575568345 177.045082392296 134.138524130161 163.45162267204 149.718832538665 195.606225211496 198.500876779041 173.388308226642 169.719803713956 214.291092162794 234.954126764618 80.1295423122034 104.985308680375
575.512867659715 524.440259369284 995.797195847351 1524.27616639955 1931.06135412031 1661.75614269842 1481.91471310317 1069.12618091558 460.061955859277 786.557323126997 687.07674522494 401.984331602527 574.172285472408 637.460099355673 597.703683413274 807.703466646954 819.857253741591 997.652473977017 1635.90810455664 1843.25400980134 1867.62161485779 1892.68287435787 1119.06061921702 1330.08606692219 1184.18207845366 1248.178563159 603.879769301916 362.068402058854 311.661248444155 258.976547654911 246.833351338291 240.871993807978 254.362167023499 97.5258431544588 107.032992873365 90.2779213521953 59.5935281238711 124.758866436321 112.618671733648 158.789165577366 122.655863734915 154.147002269428 200.759793343883 197.049396239007 198.265127169289 279.781883145316 99.4906264404617 109.277994936201 86.1368747130301 115.385395305427
22.0651973301552 369.755955067258 679.476440602227 1155.66614483702 1727.29832066885 1668.31166458216 1982.73790097821 1212.10961941676 1258.09248684864 949.869775957616 949.712037075357 506.643676205871 580.228401666122 550.161007271781 737.298684344932 782.48537853062 915.776123210106 1230.23964556471 1821.00910104152 1696.81886757583 2029.16806189397 1561.79286860467 1744.6517699525 1664.01347114275 1356.60145311103 1384.62709283247 1086.17612657299 1201.45005387134 545.297176593168 285.817767612788 232.857327832225 145.648457289741 186.228379585114 201.895184300085 129.809059446334 69.9002411562811 108.287208649737 150.309625147142 101.676905026501 195.583854251964 157.235436477538 173.676936214125 214.003029859107 260.480193263328 247.60697198582 217.581316996327 115.256993499771 65.3580686728108 132.143185157655 129.431407764483
-3.4e+38 -3.4e+38 291.233542647964 453.135226093912 1119.17986310855 1600.88824200003 1923.25715796949 2291.07284937085 1828.02965513903 1002.3890658368 716.013645935846 453.962264493643 667.545413728659 598.523538307479 637.730203104011 639.920391843061 527.678371925475 955.715570333799 1256.09118706808 1488.19788261702 1561.24778545035 1698.30127964121 2114.22659577091 2011.07334303098 1805.15154223079 2061.40537895197 1357.10862247955 1248.40476262643 916.827861583505 801.881274303702 295.599594898483 144.244167989908 157.654229904717 173.655651931969 149.716777742318 193.710544917877 161.531655547311 169.792076879711 148.8031038433 112.686559643865 143.193121775689 141.618194308314 101.341864940687 101.773698069334 265.719146282156 103.551843978069 59.5053591758401 113.071721052697 85.0666536628814 59.4633510901075
-3.4e+38 -3.4e+38 -3.4e+38 538.705413307483 889.831010508 1447.45497986315 1798.41964904964 2269.64052277682 2009.16713675737 1733.43456916988 1662.16512366679 1342.70427707793 969.489532117252 1199.1074737586 1177.61476789767 1143.9399086579 524.24221276465 511.787287907737 906.919391074539 1248.58267985909 1649.67978697467 1507.1472862434 1877.9971412257 1967.65896784377 2118.7396017007 2208.52644498384 1903.81858279529 1321.49337660442 1087.64821236749 943.175962442733 479.390690061654 249.583754554833 136.643129674845 189.070445409465 176.419589253098 250.878123490846 94.2184723539481 51.6073155284148 142.679446956624 92.6217095950467 95.4847620264526 62.1994724191258 141.537904377771 155.874340579055 156.892976326686 72.1912720427141 92.037883618425 155.098818902003 136.914265435952 54.2062897416397
-3.4e+38 -3.4e+38 -3.4e+38 24.9227061949041 659.419092065079 1040.76535792809 1651.08381703591 2108.00557977734 2088.86803818057 3082.68022996796 2464.11799034746 1765.00630053241 1484.67372847146 1171.76329999108 1369.75762873154 1625.25214900363 1498.10131254715 796.798571596852 774.723077711198 1610.44752461628 1569.87449627684 1585.24993165057 1919.37290094373 1793.89096356905 1875.85613447797 1947.30539724265 1720.94684674503 1657.07194867379 1558.39672655694 1358.75059274985 685.310376332285 220.588838506284 210.863520220821 199.384087251436 297.660405888281 314.058544267437 212.236614430428 143.759159207093 76.9537615852533 144.632970894443 181.101899630024 158.147786659378 125.038073673087 151.534241244635 185.020776698697 250.689394680482 113.514080847234 114.112164594024 126.980091272948 51.1554453236316
