Prepped_data/Covariate_Data/All_data/0.5deg/MGVF_0.5.asc
NCOLS 166 
NROWS 101 
XLLCORNER -155 
YLLCORNER 22.5 
CELLSIZE 0.5 
NODATA_value -9999 
[rows 0 to 26 of 101, columns 60 to 119 of 166]
68.999996120498 74.4999990301245 73.5000087288794 78.0000023971617 77.9999928720526 63.0000058192529 55.999998060249 53 57.250003737621 67.5000043919667 52.000001939751 38.0000038795019 21.5000029096265 0 18.7499919170109 47.999998060249 50.0000038795019 38.5000029096265 51.7499993456463 45.7500029964436 40 0 0 34.2499993456419 22.5000056456229 17.000001939751 25.9999941807471 0 0 0 7.49999515062257 0 0 0 0 1.99999612049805 14.9999922409961 22.9999855069455 15.5000059928659 0.999998060249027 0 0 0 0 0 3 41.5000002837823 0.750001797859807 0 42.4999951506226 34.4999912711206 30.2499914681058 56.0000058192529 44.2499998581049 63.0000077590039 58.5000106686304 36.4999934395668 0 0 2.99999806024903
72.7499995743609 71.999996120498 75.5000184276342 80.5000030282281 68.5000067891284 62.4999990301245 62.2499938652168 55.4999990301245 59.9999941807471 40.9999747832373 20.2500017978718 0 0 0 61.4999932108716 53.4999951506226 62.0000146031966 51.2500042500883 51.5000048493774 30.0000174577588 57.7499998581174 41.5000067891284 21.000001939751 36.2499991720106 30.999997035306 63.5000067891284 28.9999922409961 2.00000142727812 9.50000290962646 6.50000096987549 16.9999894415191 7.50000165597887 60.4999912711206 0 0 31.9999961204981 13.4999932108716 25.0000310994723 10.0000074201429 46.9999806024903 0 0 0 0 0 0 0 0 53.9999872180056 23.5000300661401 19.7500042500917 21.9999939520511 12.4999970903735 27.5000087288794 18.0000058192529 51.7500008830753 57 0 0 0
0 40.4999970903735 72.9999922409961 61.0000096987549 51.5000015458776 37.7500062999498 17.9999883614942 32.0000058192529 27.5000048493774 0 0 0 42.5000067891284 44.5000029096265 68.2499941489821 47.0000038795019 56.5000126083813 24.4999990301245 0 60.0000004107847 45.4999970903735 21.4999815723658 40.5000067891284 42.5000126083813 4.24999072690344 31.5000067891284 17.5000009698755 29.5000029096265 32.7499954026478 23.2500039663148 22.5000223071362 29.9999941807471 37.2499967197864 47.9999927534715 0.500000969875487 40.9999941807471 7.49999903012452 37.7499952925112 43.9999970352888 36.2500019163879 41.999998060249 0 0 0 0 0 0 0 0 0 0 37.9999779766513 18.4999970903735 36.7500080194041 40.4999970903735 32.5000048493774 0 0 0 40.5000106686304
0 0 0 43.7500049912567 34.5000048493774 0 0 0 0 0 0 0 0 0 0 0 47.5000048493774 33.7500133262432 34.9999903012451 34.5000106686304 37.999998060249 44.2500011117607 35.9999728434864 32.0000077590039 15.2500155413257 27.7499899306584 0 10.0000042183453 23.4999978315457 34 21.0000038795019 40.4999940071214 58.500003824431 49.0000193975097 36.2500000868086 40.7499967748633 0 38.4999912711206 33.74998804599 48.2500110943 62.0000213372607 0 0 0 0 0 0 0 0 0 0 0 0 0 0 0 0 41.5000067891284 64.5000031383207 56.0000089024753
0 0 0 0 0 0 0 0 0 0 0 0 0 0 53.999998060249 46.5000067891284 43.000006789128 47.7500124664965 32.4999970903735 23.4999854518677 29.0000012536425 35.5000026809236 27.5000029096265 16.5000087288794 13.5000029096265 30.2500035639828 28.5000065604273 33.9999844819922 38.4999970903735 39.0000041082031 49.2500006543597 39.5000029096265 46.999998060249 0.499999030124513 65.249998430837 53.4999965228138 49 44.4999893313697 49.9999842532936 26.000001655969 22.4999565843008 64.0000077590039 0 0 0 0 0 0 0 0 0 0 0 0 0 0 0 45.9999936131671 0 54.4999942358455
0 0 0 0 0 0 0 0 0 0 0 0 0 0 0 0 0 0 0 23.0000116385058 17.0000023971549 14.4999992588265 36.0000077590039 40.9999941807471 8.74998382763281 51.5000048493774 66.4999738133619 55.499993778416 59.5000002837696 77.9999883614942 54.0000155180078 55.0000109524051 39.7500013404627 52.5000087288794 36.9999998814641 61.2499992821709 58.750006931017 7.99998448199222 26.4999723310063 45.25000641854 48.4999990301245 57.000003879502 51.7499996844959 33.0000423356604 27.0000368552685 53.9999995426046 38.0000025073156 0 0 0 0 0 0 0 0 0 0 33.7500145798376 39.7499976896589 51
59.000003879502 0 0 0 79.4999990301245 55.0000213372607 44.4999990301245 0 0 0 0 0 0 0 0 0 34.0000128370819 28.5000029096265 26.5000048493774 42.7500078458232 31.5000060479571 34 47.0000077590039 42.999998060249 54.0000063317267 46.2500012219038 40.0000038795019 41.9999941807471 47.9999941807471 42.7499988882371 42.5000009698755 59.0000193975097 52.4999898989139 65.0000107237083 77.5000087288794 0 69.4999854518677 59.5000016559684 51.9999961204981 67.5000029096265 60.9999978315505 57.0000071914443 64.7500008279843 59.9999941807471 49.5000067891284 0 34.9999701074686 21.9999993222537 0 0 0 0 0 0 18.7500281581 0 0 0 18.7499955212127 26.4999661728555
57.5000009698755 76.5000009698755 57.5000067891284 42.9999818561216 62.9999941807471 62.0000174577588 46.5000048493774 38.5000144380191 37.5000067891284 47.0000038795019 40.4999975477825 45.2499949452024 0 0 0 0 0 0 0 0 0 0 61.0000050780799 51.2499986595378 54.5000009698755 50.9999903012451 46.5000016559805 47.7499976896623 58.9999903012451 47.0000075303037 54.5000009698755 33.7499901593591 28.5000067891284 59.4999983356387 74.0000090126593 74.4999964042753 0 74.9999958917995 0 65.750011496616 62.999996120498 53.9999994324351 46.7500083032097 50.4999953793211 60.4999990301245 59.5000031383241 0 0 0 0 0 0 0 44.750005961148 43.7499968933884 44.0000038795019 51.0000104950345 12.7499985493371 0 0
48.4999970903735 72.7500084133479 70.5000009698755 50.999998060249 44.5000009698755 57.9999997162394 52.000001939751 46.0000135782568 27.5000533431518 51.4999966329645 38 48.4999912711206 61.9999941807471 59.4999963492039 53.9999941807471 58.4999990301245 26 48.5000103848629 49.5000436443969 24.5000009698755 34.9999730721892 0 0 45 44.2499986595378 47.4999958917965 56.0000038795019 60.999996120498 72.0000084451098 53.5000019948246 62 65.9999941807471 0 0 0 0 86.749997689661 64.2500159353044 67.5000067891284 0 0 0 0 0 0 0 56 0 0 0 0 0 0 5.49998681572327 45.4999932108716 63.2499964910882 68.9999954344126 51.4999957182079 18.9999941807471 0
71 67.4999968616673 64.5000009698755 57.0000135782568 64.4999854518677 50.2500008830502 48.5000023971587 59.0000135782568 35 55.2500100142847 25.2499495347086 61.5000029096265 63.999998060249 51.7499967197876 65.5000014272819 67.0000096987549 0 50.4999854518677 39.2500088157014 56.5000087288794 40.0000116385058 68.5000048493774 0 7.74999095560143 0 0 9.00001745775876 0 0 0 0 0 27.5000286939333 66.4999873916187 0 0 0 75.0000077590039 44.9999786627393 62.4999985727291 56.7499649425926 0 0 0 0 0 0 0 0 0 0 0 0 73.249992501403 52.249982912831 69.4999912711206 67.0000082163924 0 0 0
72.000001939751 71.0000213372607 85.0000022235091 76 70.9999941807471 72.4999990301245 68.5000026809211 61.0000155180078 62.4999990301245 61.7499984308345 12.2499826205901 62.999998060249 62.999998060249 66.0000031933901 53.5000126083813 71 78.000001939751 82.2499991720093 77.4999990301245 73.9999941807471 68.7500013404609 0 0 0 0 0 49.4999679941089 74.0000025072972 67.7499984308362 69.5000067891284 68.2499896468859 0 0 0 71.2500064269286 78.7500012853826 73.9999941807471 69.4999988014251 62.0000114098082 61.5000016559685 70.4999951506226 63.25000641854 59.9999932659563 64.4999970903735 61.7499979183591 0 11.5000114648972 0 52.000034796989 59.7499977447479 48.4999970903735 22.2500073249925 25.4999714162189 55.9999941807471 0 38.9999810598806 64.9999985176376 76.7500052750664 51.749978631034 69.5000026809313
78.5000019397497 82.9999978865946 70.5000029096265 73.999996120498 72.999998060249 80.2499974609581 72.7500027677455 74 74.4999970903736 71.4999970903736 61.2499994557644 69.9999922409961 62.999998060249 74.9999883614942 70.5000071279538 73.9999988564782 73.4999988014208 68.0000058192529 72.4999951506226 78.2500056773681 61.7500017978666 65.000002964694 60.000003879502 35.000001939751 80.0000089025094 72.0000017661179 64.4999953793245 63.9999903012451 66.5000029096265 67.4999951506226 65.9999995425995 64.5000014272778 76.999996120498 83.4999990301245 0 68.7499959786068 65.000001939751 68.0000096987549 83.999996120498 66.2500032802154 57.9999974926895 69.249996262388 63.5000029096265 64.2500072782455 69.749995237429 64.0000052516934 68.249994551336 70.5000029096265 68.5000011985723 34.999998627819 61.4999893397144 72.5000002837874 66.4999893313696 70.0000125449712 53.4999841982021 61.2500166848731 36.7500099976186 62.5000087288794 64.2499892445717 2.99999326596999
77.5000048493774 51.0000271565136 75.249999913173 79.000001939751 78 74.5000024522157 75.7500042500874 0 0 0 0 73.7500000868257 71.500000741171 71 60.5000029096265 77.749995063799 83.0000038795019 82.000003879502 79.7500000868194 76.4999970903735 69.999998060249 69.2499984308358 63.5000046206763 66.000001939751 56.7499996294133 58.999995891797 65.0000058192529 62.4999904748796 69.4999975477757 58.5000048493774 58.7500015691638 58.5000072465289 58.4999932108716 41.7499989433116 36.9999225117506 71.000001939751 68.9999987463473 64.499993439571 63.2499998581088 60 62.2499984308375 65.5000070178261 70.5000048493774 2.50000599287029 67.2500025941223 67.4999970903736 25.9999990768499 60.000003879502 61.4999873916187 55.9999914447337 57.4999910424246 74.0000027360263 59.5000220784402 69.2500017978559 32.7500097387751 62.750000425685 64.4999912711206 63.0000002286943 70.2499967197834 62.9999995426097
0 0 0 0 40.4999214400856 41.9999185304591 0 0 0 0 0 0 0 0 83.7500015691655 79 78 78.5000067891284 83.5000014272794 77.2500024839729 78.2500044787911 80.999998060249 76.999998060249 0 91.0000160939689 51.2499989433077 61.999998060249 77 71.9999903012451 73.5000106686304 63.4999936682721 63.2499938101612 69.4999997162279 54.0000009148011 55.5000029096265 77.9999941807471 65.4999992588231 68.7499991720131 62.7500015691625 67.7500035089135 63.5000029096265 59.7499984308379 66.2500024839528 51.4999988014268 74.9999982889476 57.7500037376121 42.4999912711206 58.4999920673874 55.7499967197842 60.7499992271052 63.5000087288794 63.9999989750331 63.4999970903735 57.2500144696474 25.5000203757004 76.0000002286943 64.7499966646885 67.7499986044395 58.999996120498 57.7500003705906
74.0000058192529 74.250010242993 89.2499969484943 50.499967994109 85.5000002287041 86.000003879502 0 0 0 0 62.2500112509658 81.5000029096265 0 78.7499988882414 81.0000077590039 85.4999970903735 85.7499984308354 78.5000048493774 78.250002767743 74.2499957499113 76.5000048493774 76.2500023103368 82.5000029096265 73.000001939751 69.5000186012611 74 82.000000457404 68.4999951506226 74.5000029096265 77.0000073016016 68.2499862798558 73.999996120498 67.5000011985766 61.2500000868107 66 67.5000007411778 68.499998801426 68.5000011985749 68.7500000868078 66 61.4999977764693 55.7499986595356 54.4999990301245 56.2499945513355 52.2499979183578 63.999998060249 57 62.2500006543743 61.5000029096265 69.5000033670219 66.2500059060551 63.999997374161 61.0000144930373 69.2499991720196 76.5000055354655 64.2500039662999 63.999998060249 58.2500049361776 50.2500035089113 52.4999970903735
70.5000029096265 76.2500045338464 61.749993920267 77.5000017110443 0 0 0 85.5000009698755 86.5000009698755 0 81.9999971454292 73.2500056773746 28.2499860596165 67.5000184276342 53.9999961204981 71.4999970903735 78.999998060249 76.5000029096265 74.0000060479549 73.2499958049785 72.2499962623824 76.2499960336808 25.7499684832626 73.4999835121167 78.4999990301245 71.5000009698755 68.2500013404627 76.5000050780785 72.7499993456424 74.9999954343947 72.7499934628996 69.5000048493774 62.4999990301245 72.5000009698755 69.249995521211 67.7500042500904 65.2499991720127 72.2499978632826 77.9999995426029 70.000001939751 72.5000029096265 72 57.2499948351184 66.5000011985732 61.9999976028537 65.7499935814601 59.50000051248 58.2500005992866 51.7500110392192 60.9999883614942 66.7499911292268 59.4999990301245 55.5000022235411 76.4999912711206 59.7500067023261 67.7499962072982 66.0000010249703 64.4999990301245 75.5000089575737 62.2499976896584
88.999996120498 80.7500005992895 83.0000077590039 74.7500025390405 78.5000106686304 76.5000014272863 73.7500003155294 80.5000029096265 78.4999994875362 81.000001939751 85.749997689664 76.500003138331 79.4999970903736 0 64.5000223071362 79.250004478792 61.999969768667 67.4999873916187 74.7499978633001 69 74.4999968616707 56.5000411371015 77.000001939751 74.250007159712 67.4999970903736 83.7500011117603 78 73.5000048493774 57.7499671661196 66.999996120498 77.2499923828822 45.2500274636246 50.7500595329919 83.9999982889484 64.0000096987549 58.0000002286994 62.250001797861 68.5000292698862 80.7500042500909 68.4999990301245 62.7500055037506 68.7500020816422 65.7499981470577 62 63.4999932108716 69.7499956948262 71.7499962623906 62.5000061030353 51.750002767734 52.2499845137142 54.7499967197838 63.999998060249 61.2499962623918 59.4999949219274 0 80.7500022001448 74.000003879502 68.7499974609637 70.2500076171076 70.5000024522361
79.000001939751 85.4999990301245 78.999998060249 78.4999990301245 83.4999990301245 83.4999990301245 75.4999985727155 69.2500020265745 72.5000022235121 73.7499974609586 80.249999858119 72.4999997162389 65.2500012854036 50.7499736164236 80.0000006861136 0 83.5000067891284 61.9999941807471 82.4999990301245 0 71.2500087521977 72.7500023103382 69.750012356353 66.7500005992883 76.4999944094469 74.000000228702 74.7499974609603 76.5000005124715 80.2499984308358 76.7500030515125 75.000001939751 82.5000029096265 72.4999951506226 79.4999990301245 76.9999844819922 62.2499975711247 74.4999791752177 71 75.2500015691621 77.5000015374386 68.7499993456296 61.5000026809279 67.749997460962 66 78.2499984308375 66.9999963491966 56.5000087288794 73 75.5000048493774 71.4999992588213 74.7499984308388 21.0000407347704 73 66.7499878173038 67.2500030515215 77.7499957499079 67.7499974609637 59.2500199967951 0 0
90.2500006543436 87.4999990301245 89.4999977764949 83.000001939751 78.500003193388 74.0000096987549 81.4999973190789 85.000001939751 72.7499991720042 76.2499914130016 77.999998060249 78.0000095335847 74.5000048493774 65.2499908454783 77.999998060249 74.7500047074952 78.9999883614942 86.5000005124716 77.9999941807471 72.5000046206746 79.0000021684529 76.2500025390397 75.5000029096265 66.9999914531868 46.7500453405362 71.999998060249 39.7500612524633 79.9999864217432 83.2499979734318 24.9999515062257 50.2500631371212 73.5000009698755 71.4999944645192 72.499995379322 73.2499932976824 81.7500020816409 70.2499988882359 77.2499944962542 67.2500061898414 69.5000018846662 62.4999815723658 65.9999982889467 49.4999815723658 70.7499996294116 65.9999903012451 53.7500029413539 75.4999946932289 58.9999767229883 71.0000087839676 56.9999987463422 72.250008989286 77.5000065604324 74.9999985176393 72.7500017978573 78.2499996294098 70.9999903012451 69.4999936682619 70.4999975477621 73.2499872497237 52.7499705799425
88.000000283759 85.4999973190789 82.5000044470168 79.750000086827 84.2499960336732 78.499999313886 70.0000000550561 82.4999956080316 78.0000002287063 79.5000050780819 77.2500035089156 78.2500054486675 55.4999958917949 70.7499998581173 0 79.7500023103369 86.0000023971566 88.4999954343891 58.999970319309 66.4999925247631 72.4999904664376 84.9999958917961 56.2500045889258 34.5000369271995 70.4999936682756 77.000002397155 68.2499968299219 75.5000026809245 74.7499998581152 68.7499955212097 73.4999973190747 76.2499967197864 56.9999893780234 66.4999988014242 0 74.2500072147942 46.7499299169208 0 62.4999995976841 62.7499979183591 59.7500039663106 67.7499935814601 68.0000060479515 60.499996861675 64.5000067891284 66.7500041950092 0 0 72.5000053067729 71.2499780167274 77.2500018529465 76.4999988014285 76.2499988882308 37.000071313394 78.9999987463371 82.5000128370765 15.0000222354098 80.0000009147806 71.50000028379 77.7500008830753
82 93.0000014272866 93 89.2500011117534 90.5000009698755 85.5000009698746 81.5000009698755 75.49999880142 55.9999553857276 71.7500015691659 77 73.249999858119 62.7499707618545 73.9999997712964 71.7499981470726 73.2500008830541 40.4999813521228 77.0000116385058 77.0000053618473 75.4999990301245 73.2499967197854 30.5000203673852 38.999965211474 69.9999922409961 49.9999906316629 79.4999990301245 72.2500081295906 0 67.7499850812805 0 64.4999938969723 0 73.7499969484862 61.9999965778986 60.2499991720145 56.7500035089139 0 59.4999917285195 59.000001939751 51.5000101010708 58.5000048493774 64.7499996294124 63.0000058192529 65.2499996294111 75.2500003705885 78.2500052199663 72.7499972322647 0 77.4999988014268 81.2499994007138 63.999966219622 75.2500035089118 78.5000009698755 0 0 79.9999924696904 75.7499976896589 76.2500067023305 46.4999531705024 77.4999970903736
70.7499952374482 84.999998060249 77.0000096987549 86.0000058192529 90.0000058192529 90.5000009698755 77.5000009698755 87.5000009698755 83.7500073884189 76.7500052199625 74.749999629415 74.9999982889544 77.2499986595382 88.9999980602481 82.7500012854041 76.4999951506226 81.5000008597469 69.9999914447549 70.9999864217432 0 0 0 82.9999922409961 52.2500262818871 84.2500001418848 82.4999951506226 72.7499642396283 65.7499883297534 81.4999997162296 79.0000055905518 80.0000045656027 78.0000043369024 76.7499945513347 69.5000029096265 21.7499526646993 62.4999990301245 69.4999951506226 63 49.7499844502647 57.999996459359 46.7499991720144 64.7499976896606 86.9999925882308 71.7499506782401 0 40.7499210694967 0 73.7499897570471 80.2500013404648 87.7500031066071 4.99998801428535 41.5000804996654 81.2500023103407 75.7499926666773 77.7499989433222 78.2500098406499 75.2499945513373 65.2499996845047 72.4999914998158 71
68.9999747832373 85.0000043369127 97.7499996294154 90.4999990301245 0 95.4999932108716 90.0000041082065 94.7499935814566 86.5000029096265 83.4999877304301 85 81.2500015691655 87.5000046206729 91.4999970903735 90.999997090374 79.4999990301245 78.4999992588273 45.9999411298085 76.4999970903735 0 0 0 0 0 20.749987605419 0 80.9999982889501 77.2499896468888 64.0000058192529 82.2500000868146 0 81.7499982021364 88.0000014823487 61.4999912711206 65.74999334438 74.4999985727257 68.4999953793211 64.7500061347632 38.0000504335253 60.2499938652425 63.499998801426 60.7499988882333 66.2500179468834 76.9999997713023 65.2499955212115 0 61.000001939751 63.5000041632843 71.4999970903735 78.5000050780743 85.4999956080163 46.7499943309573 80.2500027677327 78.7500027677314 30.999983134767 78.4999970903735 81.5000009698755 82.9999898438548 82.4999964042907 73.7499790333299
88.9999903012451 98.999998060249 92.5000029096265 96.7499996294154 98.5000005124656 86.7499837641033 88.9999961204981 88 69.0000446142724 85.9999941807471 86.5000007411701 83.75000539361 92.749996491084 79.2500120641526 82.4999990301245 95.4999951506226 61.9999592652296 0 0 0 0 0 41.499962174856 86.4999989199894 86.5000058743205 76.2499993456419 78.0000041632728 80.2500037376159 71.750005385178 58.999998060249 86.4999970903735 81.5000009698755 82.2499964910852 37.2500719126733 69.7499960336895 69.0000028545451 65.999998060249 52.750036255981 77.25000641854 76.250000599287 60.5000283934582 71.0000116385058 79.5000018846662 66.5000048493774 75.750001340464 45.5000572226537 76.2500047074863 69.500001482356 72.2500052199668 71.5000029096265 85.7500178283485 87.2499950087288 75.7499952925163 88.5000007411795 81.000001939751 9.50001842763425 77.4999936682601 87.2499974609642 76.7500015691608 79.0000017110558
79.5000009698755 92 95.5000024522149 89.7500035089173 89.4999970903735 88.9999995425901 84.7499994007096 43.0000834092918 84.7499982021291 83.249989536793 92.5000009698755 85.4999990301245 83.9999997162359 84.4999990301245 86.9999922409961 84.0000029646873 82.5000009698755 83.7500005992887 82.750001111759 90.5000009698755 84.7500023103377 80.2500035089183 91.5000009698755 92.7500066472423 92.7500010566931 84.2499976345947 80.4999912711206 73.7499887320814 85.2500010566927 75.9999709037354 71.25002311832 70.7499848059257 85.4999970903735 78.0000062766517 72.0000041082014 55.500037825144 71.9999995426029 35.0000672051858 55.7499601650439 62.9999938418799 71.2499960971448 81.2499988882346 66.4999798613125 45.499979150107 11.4999776928638 86.0000023971463 77.2499957499087 83.7500045338732 69.5000026809296 60.4999988014277 61.2500023103403 0 69.0000014823607 70.2500005992858 68.4999918470258 82.4999992588188 74.9999939520519 74.9999995426097 61.7500001418963 70.7499935814618
93.5000009698755 90.4999912711206 91.2500016242177 98.2500003705846 86.2500015691655 88.4999912711206 87.2499964910831 89.4999995425905 81.4999970903735 94.9999961204981 83.5000029096265 89.0000009698742 84.4999937868697 89.0000002287037 95.999998060249 85.5000009698755 86.7499974609594 79.9999997712981 0 0 0.24999962941323 83.4999994875267 57.4999946932204 73.4999970903736 83.2499943226318 82.7500029964423 92.5000011985766 93.5000009698755 72.2500193106925 84.74999574991 79.2499994007121 82.0000002287002 88 75.4999872814699 75.2499972322635 63.249990277891 72.5000087288794 73.0000026258492 79.7500001418903 77.2500135548938 73.5000088390489 76.0000021684496 82.5000026809279 72.750001742775 72.749989985741 51.5000184443818 85.7500052199663 71.000001939751 49.5000572226537 28.2499370832975 32.7500682151301 70.7500030515202 67.2499938101569 65 75.5000014272675 72.9999877855984 71.5000085001851 62.2499920990998 66.2500044787873 71.0000014823607
98.4999990301245 94.2499955212076 94.7499989432975 89.7499943861802 89.5000029096265 90 90.5000023971595 81.0000019397519 84.7499991720042 90.000001939751 84.250003280212 78.750008239699 0 85 72.9999764942847 88.49999880142 86.5000035957366 85.0000004574057 92.9999941807471 91.7499964910848 85.2499998581161 78.999988708763 85.5000029096265 87.000002168452 79.0000054169223 86.2499988882398 97 79.2500087522066 83.2499974609607 89.2499974609603 86.4999992588257 0 0 75.5000024522268 83.0000079877033 82.4999997162228 50.9999825422412 84.9999958917995 44.5000147852046 83.9999978315505 89.0000055905552 71.2500048727405 84.2499984308375 72.7500000868087 85.4999973190721 67.2500264303402 79.750000827983 81.2499988882333 83.9999948668402 82.249999172017 80.2500037376082 77.000003879502 71.7499998581063 67.4999987463349 74.2499935814618 74.5000055354603 74.9999985176393 63.7500006543802 66.2500000867979 69.2500011117718
