Prepped_data/Covariate_Data/All_data/0.5deg/MGVF_0.5.asc
NCOLS 166 
NROWS 101 
XLLCORNER -155 
YLLCORNER 22.5 
CELLSIZE 0.5 
NODATA_value -9999 
[rows 0 to 26 of 101, columns 0 to 59 of 166]
0.000000000000000 0 0 0 0 0 0 0 0 0 0 0 0 0 0 0 0 0 0 0 0 0 0 0 0 0 0 0 0 0 0 0 0 0 0 0 0 0 0 0 0 0 0 0 0 0 0 0 0 0 0 0 0 0 0 0 0 0 0 0
0 0 0 0 0 0 0 0 0 0 0 0 0 0 0 0 0 0 0 0 0 0 0 0 0 0 0 0 0 0 0 0 0 0 0 0 0 0 0 0 0 0 0 0 0 0 0 0 0 0 0 0 0 0 0 0 0 0 0 59.0000043369161
0 0 0 0 0 0 0 0 0 0 0 0 0 0 0 0 0 0 0 0 0 0 0 0 0 0 0 0 0 0 0 0 0 0 0 0 0 0 0 0 0 0 0 0 0 0 0 0 0 0 0 0 0 0 0 0 0 0 0 0
0 0 0 0 0 0 0 0 0 0 0 0 0 0 0 0 0 0 0 0 0 0 0 0 0 0 0 0 0 0 0 0 0 0 0 0 0 0 0 0 0 0 0 0 0 0 0 0 0 0 0 0 0 0 0 0 0 0 0 0
75.7499996294218 77.2499837726896 93.0000002287182 90.5000067891284 60.7499964360769 0 0 0 0 0 0 0 0 0 0 0 0 0 0 0 0 0 0 0 0 0 0 0 0 0 0 0 0 0 0 0 0 0 0 0 0 0 0 0 0 0 0 0 0 0 0 0 0 0 0 0 0 0 0 0
87.7500059061128 71.2499752088189 63.4999699338599 70.2500187432131 90.000001939751 87.2500054486743 79.9999941807471 93.5000009698755 87.5000085001629 86.0000002287164 87.4999990301245 80.7499853650164 80.2499962073472 45.4999893313696 0 0 0 0 0 0 0 0 0 0 0 0 0 0 0 0 0 0 0 0 0 0 0 0 0 0 0 0 0 0 0 0 0 0 0 0 0 0 0 0 62.5000591624047 82.5000016559985 0 0 0 0
75.5000009698755 69.999998060249 70.0000065054074 78.7499907268227 70.4999990301245 66.999996120498 72.499999258841 64.5000087288794 72.4999988014072 67 66.7500003705804 64.5000106686304 63.5000024521952 67 72.7499984308294 69.2500011117411 76.7499998581357 72.0000017110354 75 73.7500057324038 77.7499996294201 75.5000009698755 76.4999990301245 61.0000050230756 72.5000009698755 70.0000041082159 0 0 0 0 0 0 0 0 0 0 0 0 0 0 0 0 0 0 0 0 96.7500032802098 82.9999922409961 94.0000077590039 0 96.7499959786235 81.9999941807471 99 81.000001939751 77.7499918704132 84.4999990301245 84.4999912711206 0 0 0
79.000001939751 85.5000009698755 81.5000026809083 77.7500013404537 60.2500068759882 79 81.500000741159 78 77 77.249999400704 79.2500013404559 78.5000011985911 60.2500025390465 71.7500027677608 77.999998060249 80.4999994875558 51.4999764392597 54.2500242787197 50.0000058192529 10.7500094382009 28.5000065604128 1.00000193975097 2.99999418074708 12.2499979733977 64.0000011435687 9.24999894327968 74.4999835121167 39.4999977765153 51.2500017428514 58.2499927852593 74.0000077590039 79.9999954343614 77.4999932108716 0 0 0 0 0 35.0000038795019 91.7500015691685 82.5000046206678 85.5000048493774 81.4999951506226 86.2500003705825 34.7500340410067 24.9999515062257 81.4999951506226 86.9999975477907 85.0000070728802 85.5000048493774 85.999998060249 84.249997918374 87.4999988014166 61.4999990301245 81.4999990301245 76.4999990301245 67.9999767229883 74.4999970903736 72.5000048493774 59.000005133137
77.000001939751 83.2499996294214 77.4999970903736 83.7499994007027 86 82.50000165603 80.5000009698755 77.4999968616562 77.000003879502 84.2500054486734 74.9999922409961 60.499998005236 73.999998060249 43.2499987145607 52.0000090212717 24.0000059379426 70.0000174577588 65.2500247361492 36.9999958917824 51.7500129789613 64.9999922409961 57.9999986363602 60.7499917517265 44.9999874466317 46.5000087288794 72.5000009698755 74.999996120498 60.999992698424 51.4999970903735 79.2500015691689 55.499985561921 63.999998060249 83 81.7499967197915 85.7500013404571 79 86.4999951506226 90.2500028227859 85.7500132076752 90.000001939751 65.0000426745214 82.4999936682908 81.4999990301245 48.5000940779222 90.0000077590039 89.7499986595407 83.7499957499147 81.999996120498 85.4999990301245 88.2499994007083 77.5000029096265 72 75 79.5000019397505 74.2500001418758 73 72 79.5000000000005 75.2500008279997 69.5000009698755
3.24999478004434 47.0000232770117 52.4999946931863 72.5000184276342 57.0000107236297 41.5000156917275 66.2500211953976 66.0000167716094 11.4999854518677 50.749990049371 10.0000023971804 36.5000092963419 26.4999485965992 34.0000151792662 20.4999812249694 70.7499971772227 63.000001939751 62.0000021684666 75.9999922409961 71.7499984308294 83 80.9999972640762 72.5000029096265 75.2499991719902 71.9999922409961 78.999998060249 83 77.9999995425739 75.000001939751 61.5000223071362 71.9999888275243 81.750001056717 84.7500023103331 72.000001939751 79.4999990301245 73.2500010567183 85.2500056773822 82.4999990301245 79.5000029096265 90.2499855301295 77.0000070264063 75.9999767229883 74.999996120498 83.7500032802089 81.9999999999991 79.9999997712921 77.0000058192529 81 77.2500022552927 88.2499998581241 82.000005819253 66.5000009698755 71.7500003705838 69.999999030125 76.999998060249 75.000003879502 87.2499986595408 79.4999961204994 69.4999990301245 0
51.4999854518677 63.2500154861531 59.2500209116831 78.7499902693847 78.2500020266086 87.5000007411573 71.5000041632254 63.4999951506226 62.7499863348898 77.7500108104921 80.0000049043904 49.0000135782568 69.7500025390461 80.4999985726933 72 80.7500005992951 71.5000084451441 78.4999990301245 81.4999951506226 76.7499950087569 80.2500085870151 81 75.2500037376363 87.2499982021133 83.2500025390457 81.999996120498 85.4999992588375 88.2500027677596 89.5000009698755 86.000001939751 86.7499986595425 79.250002767757 87.4999990301245 91 86.999999030125 67.999998060249 66.9999922409961 72.4999886452357 88.4999959468125 88.4999951506226 97.5000011985851 18.7500275442419 91.999996120498 84.4999990301245 25.4999525947214 85.9999978315402 54.500037825144 86.4999990301245 86.7500017978765 80.4999970903736 77.9999941807471 77.7500003705838 70.5000009698755 86.4999990301245 75.4999990301245 77.2500015691668 84.0000058192529 80.4999951506226 65.7500206914403 57.4999448822381
74.2500024203279 71.5000029096265 92.2500073884252 82.2499955212012 88.7500039663618 84.5000042819407 92.5000009698755 83.2500112679263 86.7499969485105 86.5000035957784 89.9999978315334 81.000001939751 76.2499957499177 87.4999951506226 88.5000009698755 91.000003879502 83.7500042500823 86.2499976896687 83.4999990301245 79.4999970903736 78.999998060249 72.2499991719902 80.2499998581344 85.999998060249 86 85.2499986595437 90.7499976896682 82.0000036507889 84.5000009698755 85 84 87.2500015691707 85.7499967197915 83.0000058192529 80.000001939751 77.9999976028246 86.0000021684632 64.2500069309992 90.000001939751 92.5000009698755 83.500000741165 87.5000009698755 80.4999970903735 83.5000029096265 93.5000009698755 81.2499984308333 79.7500011667925 63.5000514034008 90.4999970903736 86.9999961204981 76.7500015691676 86.5000009698755 77.5000029096265 71.5000009698755 72.000001939751 19.0000096607612 60.4999671343186 81 12.4999757531128 74.5000029096265
94.4999985726865 84.2500013404542 87.5000029096265 91.2499969485144 92.5000031383446 91.2499974609522 77.5000065604111 82.5000009698755 74.9999973740997 79.7499976896699 76.4999932108716 95.2499976896687 86.4999985726933 83.5000029096265 71.2499899306648 78.4999953793382 75.4999990301245 76.9999978315343 81.5000026809108 86.4999970903735 86.7499986595441 75.9999940620637 86.5000007411599 89.4999990301245 88.9999965779232 79.9999997712861 81.5000009698755 84.4999949219095 77.5000097537815 84.9999961204981 87.4999990301245 69.5000047307185 79.9999941807471 84.4999968616622 87.2500003705817 88.000003879502 83 64.750010243023 88 83.5000048493774 87.5000013172269 86.4999990301245 62.9999767229883 75.5000167165902 84.4999990301245 80.4999970903736 76.9999992588329 84.7500015691676 79.999998060249 82.2499952924984 71.7500168584666 72.5000009698755 77.5000048493774 73.7499981470824 53.0000387950195 76.0000135782568 80.4999973741274 68.5000261866381 73.5000009698755 12.2499818413527
85 94.2500015691723 87.7500075534339 89.4999970903735 99 81.7500015691728 93.2499986595454 90.0000021684674 77.500000741159 89.4999951506226 85.7499974609535 84.7500030514908 85.9999985176803 63.2500514438819 52.0000061752979 86.999998060249 88.4999968616579 91.5000007411599 81.999998060249 85.5000026809117 34.9999589264817 85.4999990301245 89.4999932108716 87.2499928402917 95.4999978315355 96.5000009698755 83.7500001418682 83.5000029096265 85.4999990301245 92.7499950637798 60.2500005992974 76.5000011985868 81.7499982021198 82.4999990301245 88.000001939751 90.499997547798 81.4999988014123 87.2500056773813 61.2500028227859 86.4999990301245 86.4999990301245 79.7499972322455 82.2500012854218 78.9999997712904 73.5000011985834 80.000001939751 86.999998060249 83.4999951506226 76.9999968066236 92.4999949219138 80.0000004574158 79.000001939751 88.5000048493774 76.9999941807471 78.2499998581229 75.4999980602495 80.999996120498 81.9999941807471 73.0000096987549 78.999998060249
88.2500005992973 84.2500003705782 88.5000009698755 93.7500052199557 89.4999990301245 82.4999992588427 80.7499916416997 80.4999912711206 84.2500063635392 94.5000026809091 92.7500013954724 86.0000002287148 86.7499994007045 92.4999951506226 87 90 90.7500029964756 88.7499976896691 84.9999941807471 83.2500037376363 83.5000005124442 89.4999970903735 83.4999992588393 86.0000036507863 82.4999970903735 83.9999990301249 87.7500017978841 78.5000016560146 78.2499988882533 81.4999873916187 78.7500016241991 77.7500011117449 84.0000058192529 83.5000011985868 82.4999992588367 85.000001939751 82.2500013404567 87.0000017110388 91.4999990301245 84.7499986595407 85.0000096987549 79.000001939751 88.0000026258807 84.4999990301245 75.5000007411676 83.4999946932067 86.4999990301245 89.250002026583 91.0000055905441 81.4999951506226 75.5000002287084 86.9999961204981 5.50000096987549 92.2499933527466 82.000001939751 69.5000048493774 80.2500037376257 88.000003879502 77.4999990301245 62.7500029414067
85.5000009698755 72.5000053068155 90.4999990301245 96.5000007411564 96.2499988882653 90.7499967197949 98.749998659545 66.4999408375953 91.999996120498 87.0000096987549 95.2500044787975 94.000001939751 90.4999985726933 96.4999990301245 85.9999995425705 80.7500133727261 76.9999961204981 83.000001939751 78 78.000001939751 87.750001569171 88.5000033670559 86.4999970903735 84.9999961204981 90.5000009698755 94.4999990301245 83.999998060249 85.000005590539 77.5000075853183 76.2499974609556 78.9999992588354 77.2499994007066 79.4999970903735 77.999996120498 76.5000009698755 68.9999786627393 74.9999989750979 76.000001939751 44.5000101475803 59.249994386219 80.7500080109512 74.9999941807471 43.9999767229883 67.000001939751 61.7500377383097 62.0000138155053 43.2500003791257 57.0000114097979 76.250007617128 32.999998060249 45.5000106686304 74.0000058192529 72.0000058192529 82.0000000550416 71.7499996844604 89.0000083900827 0.499998801417451 74.9999903012451 91.5000029096265 79.5000048493774
92.999999771281 90.5000011985937 85.9999982889681 83.4999992588427 88.7500005992968 85.0000017110319 84.2500056773898 80.2500001418617 73.7499794907517 90.7499801132062 83.000001939751 87.9999997712853 86.7499996294201 96.5000031383412 95.9999997712844 85.5000029096265 91.250004415132 91.0000002287156 94.499998572695 86.0000034220707 94.4999990301245 91.7499984308294 79.7500032802064 76.7500033352234 76.7500036189608 85.4999990301245 70.0000016473901 87.4999951506226 59.2500143340502 79.5000167165955 77.0000213372607 47.0000162127403 63.4999990301245 78.4999973190849 85.0000043369264 80.000001939751 73.9999973190853 76.4999815723658 72.5000171740173 58.4999796326148 24.9999941807471 66.2500076721671 63.9999844819922 80.9999939520374 52.0000237258816 7.99999806024903 68.000003824455 23.4999970903735 19.9999834570738 62.5000067891284 53.000001939751 55.5000142558475 30.4999932108716 69.7499822902897 50.4999854518677 75.4999970903735 81.9999988564629 84.5000029096265 81.2500156513646 61.5000494636498
89.4999994875608 97.0000014823147 86.5000048493774 89.4999970903735 90.9999944094661 92.4999970903736 88.000001939751 89.4999840882564 85.5000009698755 88.2499984308281 84.250004652497 84.5000108973451 75.7500057324038 86.2500013404559 74.2500013491045 90.2500015691706 73.0000155180078 40.5000436443969 93.999996120498 83.5000048493774 94 87.7499996294201 77.7499947250297 88.5000007411599 88.0000007411629 77.750007562115 78.7500028227812 89.4999990301245 77.4999988014132 89.2500015691689 45.9999107714552 82 77.9999903012451 89.4999970903735 93.000001939751 87.5000029096265 83.4999916184918 81.4999973190858 81.749994102498 79.4999924146714 86.2499986045063 66.2500130425544 85.4999999999995 79.499992982162 68.9999922409961 41.0000232770117 19.5000009698755 66.4999679941089 82.000003879502 89.0000058192529 71.4999970903736 21.000001939751 59.2499927767149 67.7500088157114 79.2499987145858 91.4999952056667 67.2500041399912 88.999999030125 87.7500035089182 68.9999767229883
76.99999783153 79.9999956630618 78.7499948350437 94.7499979733914 90.999999771281 80.9999976028127 80.000001939751 86.999998060249 93.7500011117381 71.4999912711206 95.2499996294196 55.499967994109 91.2499957499177 83.4999994875558 88.2499988332423 0 93.2500073884235 83.9999995425688 92.999998060249 89.9999952056356 84.0000213372607 80.2499855850715 89.4999951506226 81.2499840477365 83.0000077590039 88.7500008280073 82.999996120498 89.0000058192529 78.5000061029918 84.9999982889604 78.4999933295306 84.000003879502 83.9999973190853 84.4999912711206 84.7499982021189 85.5000009698755 90.2500008280052 83.4999912711206 86.0000126083809 89.999998060249 91.2499873047824 90.5000029096265 86.0000017110413 89.999995663077 88.5000106686304 88.7500010567084 85.5000009698755 81.4999939520396 79.5000009698755 73.2499956312842 71.0000096987549 73.999990246208 73.000001939751 53.4999743723248 82.999998060249 78.0000077590039 72.5000083265085 74.4999873916187 92.000001655998 93.4999970903735
95.7499989432647 97.5000007411565 89.7499998581408 95.7500011117347 85.7499994007027 89.2499984308273 89.9999971453797 85.2500005992964 49.5000227645708 0 99.0000002287156 91.7500011117398 72.5000005124443 89.2499999131487 93.2499988882602 68.4999771167429 88.7499962073494 86.5000009698755 86.2500005992956 0 0 73.500003934515 67.2499702494269 97.5000011985911 90.5000011985894 84.7499972322404 84.999998060249 88.2499982021159 95.2500001418694 88.7499938101654 97.2499964910797 86.0000077590039 85.7500097305679 89.0000029096269 92.9999985176726 88.7499989432817 72.0000000550298 88.2500049362185 88.4999994875472 90.7500030514975 91.5000028545917 83.7500063549464 91.5000014823295 86.7500037926638 89.5000004574163 89.2499986595421 87.7500003705838 82.9999985727074 88.7499967197907 80.5000103213022 84.5000026258761 72.250025477261 63.7500112850117 77.7500146349652 29.7499622616868 45.2500088622313 64.4999966965243 51.2500265021729 58.0000053533136 85.499998344005
86.7500001418605 90.999995891779 93.2500035089233 88.7499996294218 88.499989788806 23.7500153761486 0 0 3.49999400704036 100 99.2500017978853 80.5000067891284 95.5000038795015 81.0000116385059 83.7499740739158 96.4999992588393 87.750005448673 91.000001939751 93.2500005992956 88.9999997712853 91.7500071597083 92.5000000550166 95.2499996844331 92.2500035089216 94.000001939751 92.0000013722817 75.5000009698755 77 85.4999912711206 96.7499964910801 84.5000009698755 93.4999999999996 87.5000145481323 91.9999970903731 70.9999825422412 77.749991531649 81.5000029096265 82.499991847204 79.2500059060935 77.000003879502 75.2499983757967 82.9999922409961 91.5000053067967 89.9999922409961 82.7499761787405 92 84.0000019947926 87.4999932108716 91.7500023103348 90.0000077590039 88.7499991719991 86.5000009698755 86.9999997712921 69.9999941807471 65.4999843083297 50.5000087288794 86.5000029096265 58.2500043601731 43.5000048493774 63.2499977532209
72.5000067891284 18.9999922409961 36.9999926897259 73.7500050462409 28.5000111173601 89.0000151705773 95.4999994875574 92.7500001418631 99.7499996294209 94.0000014273079 99.000001939751 96.749996436065 57.0000163141806 65.4999960654851 72.7500015691711 80.999998060249 83.000003879502 85 84.5000029096265 88.7500005992951 91.7499986595441 0 73.9999823135265 80.2499912392858 32.2499712915642 0.499999258837545 90.000000741162 93.4999956080504 83.5000050780897 87.5000031383387 69.0000174577588 78.999998060249 82.000001939751 78.4999951506226 83.9999941807471 79.000003879502 87.5000026809152 84 95.7499983758031 91.000000969875 91.49999828896 93.249999794525 83.9999997712895 92.9999921859622 80.0000017110422 79 87.5000048493774 86.000003879502 91.000001939751 90.4999990301245 69.4999990301245 67.4999835121167 84 18.4999904113341 93.2499935814558 36.9999773540645 70.7500022467667 32.50002299326 47.0000061115293 35.2500089893654
96.4999970903735 0 0.249999400703183 82.2500029964863 83.7500291368277 0 89.2500072147136 98.0000031933526 95.0000017110336 90.7499870760475 95.999998060249 99.7499994007045 99.5000009698755 43.750005558699 84.7499948437228 43.499962174856 54.4999687989455 94.7500020816166 53.0000581925292 91.7499956949029 82.5000009698755 89.4999805474773 76.750002429013 0 0 0 78.7500177733197 86.2499979183808 87 83.0000017660667 85.000001939751 51.4999781674996 86.7500023103331 82.4999912711206 82.4999953243042 79 82.2499959786291 90.000001253617 90.4999970903736 29.7500176460884 94.5000009698755 87.2499926751892 84.7500101794118 77.4999776928638 71.2499844587428 88.000003879502 88.9999997712912 82.7499986595407 86.000001939751 89.2499944962897 90.9999961204981 90.4999857992048 90.7500005992908 88.4999990301245 92.2500010567076 79.999998060249 91.4999999449545 73.5000122610617 78.5000029096265 66.7499845603018
86.0000005124379 57.7500092181779 84.2500234188709 4.75001115792892 79.9999883614942 24.9999677016813 100 99.7499996294209 42.0000816982582 0 84.9999874466317 95.4999990301245 0 0 0 0 0 0 72 100 12.2499813841322 50.9999197840632 48.7499959872912 99.4999992588401 98.4999990301245 55.5000009698755 0 0 0 85.2499944412737 6.49999788656345 81.999998060249 0 46.5000261866381 81.7500050462784 85.2499869660082 80.9999999449712 79.5000069077874 86.000001939751 0 88.000001939751 91 72.2500162359426 87.2499887956855 83.9999910974495 91.5000009698755 92 91.4999970903735 89.4999932108716 86.5000009698746 90.9999995425842 80.4999957095828 60.5000106686304 76.5000067891284 54.4999970903735 80.4999990301245 89.00000051246 80.7500000868312 85.2499969484968 97.7500005992908
88.7500027677659 87.7500032802047 2.2500029964863 65.5000144120068 0 100 96.999998060249 96.4999951506225 89.7499972322353 91.7499984308286 88.000001939751 99.4999990301245 3.999994070714 35.9999767229883 0 0 0 98.0000002287156 53.2499750437895 0 0 66.0000040995655 0 0 0 54.2499585386494 0 0 0 0 0 0 0.999998060249027 87.7499974609552 52.749996372423 92.4999990301245 76.7500135550464 73.250019255639 83.4999970903735 92.999996120498 88.249999171996 85.5000029096265 80.9999806024903 86.0000005124567 94.5000009698755 90.4999990301245 78.999984363364 76.0000075388268 88.000001939751 90.4999982889574 90.5000036507927 0 84.5000062130923 87.2499941024588 87.4999970903735 89.7500025390423 89.9999975477881 88.999996120498 79.5000029096265 84.7500001418784
98.2500035089233 0 28.0000068441278 56.9999592652296 100 0 0 94.2500003705791 96 89.2499987145547 62.2500377555982 34.2499978547081 0 30.2499386923136 24.7499633125429 0 0 0 0 0 39.7500160622904 98.000001939751 90.000014154368 42.4999913724989 52.0000068527829 0 0 0 0 0 0 0 0 0 12.5000087288794 93 79.2499925015209 68.2500130339958 81.9999922409961 57.5000087288794 78.5000040531737 89.4999985727035 88.999996120498 94.5000009698755 98 92.7500013404597 86.2500165111389 87.000001939751 78.5000242468872 88.7500037926699 91.5000014823347 83.999996120498 95.5000009698755 85.7500013404588 97.7500003705851 99.5000009698755 84.4999932108716 95 91.2500015691677 95.0000017110448
0 76.5000438905282 97.2499994007032 100 0 0 94.2499989432711 99.5000009698755 87.249981100467 0 6.24999073549062 0 0 0 0 0 0 0 0 0 0 0 0 0 0 0 0 0 95.2500070410595 100 0 0 0 0 11.5000223071362 97.7500023653628 0 94.9999922409961 85.4999776928638 87.7499883382658 76.0000034306523 12.5000057177516 91.4999990301245 78.9999864217432 89.5000002287084 23.5000097794169 94.5000029096265 84.9999883614942 76.2500139403049 92.2499938101633 90.4999992588333 85.999996120498 91 96.0000011985838 92.7500013404593 94.4999990301245 93.5000009698755 94.7499974609573 96.2500008279988 94.2500003705842
