Prepped_data/Covariate_Data/All_data/0.5deg/SLOPE_0.5.asc
NCOLS 166 
NROWS 101 
XLLCORNER -155 
YLLCORNER 22.5 
CELLSIZE 0.5 
NODATA_value -9999 
[rows 0 to 22 of 101, columns 0 to 50 of 166]
-9999.000000000000000 -9999 -9999 -9999 -9999 -9999 -9999 -9999 -9999 -9999 -9999 -9999 -9999 -9999 -9999 -9999 -9999 -9999 -9999 -9999 -9999 -9999 -9999 -9999 -9999 -9999 -9999 -9999 -9999 -9999 -9999 -9999 -9999 -9999 -9999 -9999 -9999 -9999 -9999 -9999 -9999 -9999 -9999 -9999 -9999 -9999 -9999 -9999 -9999 -9999 -9999
-9999 -9999 -9999 -9999 -9999 -9999 -9999 -9999 -9999 -9999 -9999 -9999 -9999 -9999 -9999 -9999 -9999 -9999 -9999 -9999 -9999 -9999 -9999 -9999 -9999 -9999 -9999 -9999 -9999 -9999 -9999 -9999 -9999 -9999 -9999 -9999 -9999 -9999 -9999 -9999 -9999 -9999 -9999 -9999 -9999 -9999 -9999 -9999 -9999 -9999 -9999
-9999 -9999 -9999 -9999 -9999 -9999 -9999 -9999 -9999 -9999 -9999 -9999 -9999 -9999 -9999 -9999 -9999 -9999 -9999 -9999 -9999 -9999 -9999 -9999 -9999 -9999 -9999 -9999 -9999 -9999 -9999 -9999 -9999 -9999 -9999 -9999 -9999 -9999 -9999 -9999 -9999 -9999 -9999 -9999 -9999 -9999 -9999 -9999 -9999 -9999 -9999
-9999 -9999 -9999 -9999 -9999 -9999 -9999 -9999 -9999 -9999 -9999 -9999 -9999 -9999 -9999 -9999 -9999 -9999 -9999 -9999 -9999 -9999 -9999 -9999 -9999 -9999 -9999 -9999 -9999 -9999 -9999 -9999 -9999 -9999 -9999 -9999 -9999 -9999 -9999 -9999 -9999 -9999 -9999 -9999 -9999 -9999 -9999 -9999 -9999 -9999 -9999
-9999 -9999 -9999 -9999 -9999 -9999 -9999 -9999 -9999 -9999 -9999 -9999 -9999 -9999 -9999 -9999 -9999 -9999 -9999 -9999 -9999 -9999 -9999 -9999 -9999 -9999 -9999 -9999 -9999 -9999 -9999 -9999 -9999 -9999 -9999 -9999 -9999 -9999 -9999 -9999 -9999 -9999 -9999 -9999 -9999 -9999 -9999 -9999 -9999 -9999 -9999
-9999 0.034170349172394 0.0391386909061615 0.0445876800193428 -9999 -9999 -9999 -9999 -9999 -9999 -9999 -9999 -9999 -9999 -9999 -9999 -9999 -9999 -9999 -9999 -9999 -9999 -9999 -9999 -9999 -9999 -9999 -9999 -9999 -9999 -9999 -9999 -9999 -9999 -9999 -9999 -9999 -9999 -9999 -9999 -9999 -9999 -9999 -9999 -9999 -9999 -9999 -9999 -9999 -9999 -9999
-9999 0.0598233987928323 0.0700924618887017 0.0621393345203385 0.0686243786295392 0.0763026112929455 0.0919857832459049 0.0868008642197186 0.124118087558706 0.0961968212502414 0.114121426203557 0.12913712348673 0.144789046040262 -9999 -9999 -9999 -9999 -9999 -9999 -9999 -9999 -9999 -9999 -9999 -9999 -9999 -9999 -9999 -9999 -9999 -9999 -9999 -9999 -9999 -9999 -9999 -9999 -9999 -9999 -9999 -9999 -9999 -9999 -9999 -9999 -9999 -9999 -9999 -9999 -9999 -9999
-9999 0.1735356761116 0.194659848414549 0.199779797388578 0.222118345542198 0.232116167135732 0.227195883146212 0.215436353659924 0.238589823740263 0.306083847053563 0.398085655256357 0.387180326942232 0.325003041209743 0.562319048081904 0.585610824979676 0.656259756075279 0.741404935277742 0.556422796304276 0.602962661556096 0.462976821045993 0.559480205541252 0.660365460221305 0.616439263295224 0.619051764749706 0.605781864114676 0.960617505937444 -9999 -9999 -9999 -9999 -9999 -9999 -9999 -9999 -9999 -9999 -9999 -9999 -9999 -9999 -9999 -9999 -9999 -9999 -9999 -9999 -9999 0.0498238535712526 -9999 -9999 -9999
-9999 0.698743894327074 0.563375124197602 0.505308798963471 0.567510501289748 0.57167518646604 0.544296978420921 0.549767145861393 0.728191065212641 0.806229942007364 0.830814108037064 0.796991023746294 0.568292328263312 0.901435242561717 0.517624374020157 0.320788681309807 0.37333708339689 0.110980847078003 0.0817648312312494 0.378624072244456 0.510025434121497 0.537584397141789 0.645515912391519 0.491034767731354 0.46571000778624 0.68040094044422 0.353233478793648 0.410804233283926 0.586043507347046 0.14700515469369 0.108731297938385 0.510790839112936 -9999 -9999 -9999 -9999 -9999 -9999 -9999 0.0749435959699382 0.0177834933097766 0.0407992451200223 0.00408524162676995 0.0688835645283516 0.141936299758948 0.134179119385332 0.122507203304995 0.0960185192756911 0.101261953954482 0.122851146939117 0.050001609991282
-9999 0.532963078625082 0.397853726307075 0.257575823473941 0.299445700010289 0.219608975300411 0.333722197660596 0.479271125038636 0.606542176105911 0.230377714521565 0.294763621992321 0.316157392763769 0.536363876381519 0.236304620139802 0.364243870555124 0.284680331685667 0.326763648103877 0.405594849613357 0.373833895529907 0.230634428008303 0.182612838846644 0.350319198094252 0.519500696062308 0.401776154452172 0.42005844706888 0.411924311744813 0.237822270756837 0.285128201217041 0.320289027460361 0.0571988475728202 0.149138437466965 0.229815379910097 0.0723862067865684 0.223122541576673 0.405604303002756 0.378601129804162 0.605319895651562 0.409737067793814 0.493005513641419 0.341206153006406 0.00505998532009874 0.0422972121774945 0.0493619704525266 0.210849002522288 0.241949183495129 0.0792158741629767 0.0652814101067854 0.101819108953119 0.0842663314994367 0.0673935916210781 0.132545611648397
-9999 0.548526654604246 0.600599607519752 0.393318986124915 0.422864563808549 0.308153999575127 0.218734116635647 0.253556316426064 0.512205404768301 0.671680200049273 0.657966569588874 0.606704189451807 0.701288086735115 0.6016348668118 0.436285108396391 0.271533164002198 0.292000417532898 0.54184682739293 0.333143908307132 0.316775940390497 0.335567733033579 0.537140877465903 0.281337463889153 0.256318649371316 0.278620099017609 0.144853590439212 0.163840679645269 0.0858616408884517 0.164555484092013 0.246379100488569 0.0853739204654027 0.084933250534512 0.106306834922318 0.129072723048138 0.519895117799556 0.24965533596563 0.171875868667237 0.322527519175168 0.785745735071665 0.611915857639985 0.113303578173182 0.055229491559656 0.0957621546450103 0.197156401021745 0.169007232833612 0.0779693877699733 0.078553819551862 0.0271608818355322 0.0707427536124587 0.0310593999204628 0.0522011230329729
-9999 0.612126933749583 0.657561538790226 0.328918527171182 0.488519425330896 0.383911333299028 0.448425058309942 0.461872600814569 0.500565064311258 0.328455280785343 0.4043203230809 0.325059165993183 0.643546872235674 0.415694754154706 0.239311048601465 0.29356219281718 0.369097774145621 0.418670969346903 0.321777629162442 0.380193905819642 0.387135671891466 0.322056183368508 0.194398744424048 0.199794106794832 0.122255727636949 0.0982695476061699 0.189095081841305 0.239915482213396 0.0719550500416448 0.178989347622726 0.159977021051899 0.213460405004911 0.20696397910745 0.224124918566991 0.148846092357922 0.306712786811403 0.551740578342006 0.0254187695510732 0.845066308177343 0.649361334658258 0.27083436842405 0.0576222539876987 0.0336410182254887 0.0825395290692825 0.0830215222252356 0.0764750449531319 0.156104936153639 0.073007424233445 0.184189413545062 0.0511740051729689 0.187348009132056
-9999 0.413839204543371 0.281374121073186 0.0583998602662047 0.1882372862223 0.248004945447803 0.269518816612648 0.254480901202971 0.0614944924392278 0.275041883664538 0.21520701995807 0.577632658679484 0.387846901282388 0.25077021265867 0.284885883367608 0.298375526102369 0.28764529840487 0.240033625767493 0.156428135763556 0.0745097473536935 0.0583164325167143 0.0599937141903768 0.177329958385721 0.187485662653609 0.0683681031094031 0.054704395042447 0.209711484782105 0.419201335456605 0.185857813487655 0.225212696723257 0.204979668646934 0.0962705916334499 0.357247710494652 0.268814565168078 0.0757381241620308 0.156870125865967 0.597926124668917 0.209924421751363 0.594426104633837 0.592485226014328 0.351464963179319 0.223568179179695 0.136488287865235 0.0505238627682645 0.0718128031772987 0.0810872302689507 0.067649785493873 0.0739158566617917 0.14690720037995 0.0923151383561478 0.181361644859367
-9999 0.151990403146922 0.04874966376455 0.09727238005057 0.0374672778222025 0.248461683316722 0.394907628044429 0.408231319161555 0.301058450316579 0.340748926213359 0.375262075157187 0.286845373581538 0.114803674092463 0.115554258397177 0.149453781266083 0.160108978486103 0.201531057518249 0.230696016843646 0.220848239147628 0.255208309639166 0.241909040871187 0.126134187289008 0.139689399700904 0.153780664429998 0.108112272928003 0.0144218035988637 0.13633215677184 0.474163593401601 0.535589861671533 0.207522126768891 0.245490307267543 0.284851376635053 0.417376994684113 0.174970848057856 0.078087932169756 0.0925131220939939 0.192240353049343 0.352360396710893 0.237173733571911 0.48185757139013 0.163484428078726 0.28629745615523 0.289472324860377 0.210563457124013 0.296081969204001 0.264342063179417 0.229028391672135 0.217354698001083 0.252669157800207 0.190777205595877 0.0113822169001235
-9999 0.33679434496535 0.144715496515153 0.0793731161484528 0.0477947600395079 0.41744466322468 0.295705880728931 0.0542614271181223 0.0955609824835938 0.435816933712037 0.477912530891169 0.205748875064741 0.108099153183486 0.335345840455875 0.212320325147903 0.224067527708848 0.382555712455414 0.319188677351369 0.324534855268078 0.291242559427119 0.342167344702209 0.296606492407049 0.267513482987891 0.219680114461958 0.0462862577122593 0.202778631208641 0.150380765840934 0.485666916639239 0.677853542677224 0.0849292792786252 0.225209113309573 0.233303648702215 0.364823114121081 0.286093109472798 0.182120279735183 0.206000323562763 0.188330916560861 0.360110145137829 0.192691075039189 0.448416638630038 0.332244729221942 0.475861150051781 0.628170152523412 0.612372319981348 0.640422211834643 0.622668213205408 0.596205679567171 0.47109884692424 0.4606809466397 0.579973234571173 0.57284889942164
-9999 0.292538902242593 0.190569501483588 0.062331322673829 0.101523109617103 0.250458334272857 0.402241278981896 0.410192131356037 0.399233387180291 0.2747645362561 0.388504266956379 0.304423223440099 0.170276814479165 0.401743566600737 0.197864692472771 0.14185784991038 0.439579466556532 0.190208565905632 0.196772803140689 0.130720537055559 0.135911278774793 0.316854460296767 0.435374170371016 0.593283118622475 0.532567395928805 0.5411963243011 0.369392328573592 0.148494066119472 0.517595028962531 0.200938866813606 0.189863861371157 0.270113543044696 0.359533571816205 0.452878504273613 0.389694183073304 0.34281512822134 0.359737427353088 0.47711429926136 0.45267489906814 0.646344941667526 0.711525278549927 0.750751528973451 0.546899237790545 0.46829334208694 0.600166602937309 0.532476345626401 0.66854086793358 0.583219442841184 0.65061234125409 0.599380850484319 0.570993668217285
-9999 0.224227815488402 0.143444518447007 0.122373647331239 0.114995155165508 0.0632979344797111 0.105683387297097 0.133767368992386 0.110284216382125 0.197990638912933 0.206596178995478 0.0943450670483639 0.122320885866583 0.16433111036708 0.0939404243619906 0.203174363627364 0.313873564296291 0.301657097903954 0.17765387293465 0.175644643204085 0.373129062127884 0.571670806437082 0.377997841511239 0.348743816972741 0.405144680143809 0.282244495290655 0.484406233032934 0.383874089167728 0.454596654651657 0.510476043015192 0.171130347386992 0.268058454034572 0.266655616744385 0.373140273853227 0.234354214056241 0.132004051910331 0.168234428467679 0.309967160067423 0.301117361857684 0.394846086496725 0.0715105241277469 0.407555773993276 0.195676248878472 0.102264083750745 0.572184453507253 0.134362369172974 0.425856070899346 0.382083178562658 0.366202686061764 0.593510883490572 0.233393072934509
-9999 0.228931736265026 0.200022446846338 0.0682271356292687 0.0548713858880847 0.117638247017327 0.0347978287440801 0.182583702514427 0.136753456081879 0.269238412809934 0.457838026785071 0.499212298524875 0.474975771184375 0.477709761758486 0.725407931614794 0.750936308072366 0.594427040220734 0.223443489456453 0.248738103893322 0.150993970100364 0.190553656905174 0.767951570872754 0.413536625986542 0.281889230169779 0.244817085586246 0.38406192962494 0.468706189718983 0.166108290333885 0.266642824209809 0.127352344848192 0.426766944253603 0.775793328592789 0.558960691663496 0.468137830323422 0.297395037117385 0.220539769637529 0.159257484592743 0.0892146929720939 0.27190802840468 0.29646410626358 0.254805306195424 0.153179138478036 0.297704380052991 0.487673544349282 0.62844523653513 0.273934167485453 0.252981202003996 0.259075257034289 0.173900341340721 0.448290217919292 0.454126965884033
-9999 0.219021408945342 0.0210082192451093 0.124926224009786 0.024902583218086 0.125074170477413 0.140763630973223 0.406776558863059 0.778910638132112 0.712330979695876 0.473255282791971 0.394120051823555 0.443450826327739 0.404396786648508 0.877630822786997 0.474381878346609 0.966145614561772 0.473665298911588 0.579995237711567 0.60448774903214 0.621005451514161 0.476358484745095 0.113640606449758 0.413130304069386 0.261326098923259 0.213613689706386 0.0812122236690529 0.247907628719358 0.13916001825332 0.419365431155008 0.279963825363789 0.428966171656582 0.53268831459863 0.390109308274531 0.309509887664421 0.490450208590091 0.147722108734105 0.240400928368811 0.147057908174041 0.190826015715189 0.123189654689653 0.483642146623445 0.122652574509629 0.544186860025898 0.408355813284951 0.238845909171273 0.362133437002173 0.2351624177786 0.468899640158173 0.0860205425760325 0.234841097932021
-9999 0.118038072500092 0.147289532895648 0.219310337138359 0.44316237153684 0.596773381383249 0.785908259154888 0.638446084941866 0.332996533892816 0.297680456613883 0.358455538288169 0.368593874701754 0.235201886794031 0.173553990415608 0.540785343775115 0.459928060955196 0.600108921321554 0.0649168951197668 0.372712660045194 0.237683629046935 0.224940679316762 0.228638669637399 0.393893832653423 0.486949945356777 0.17213309413964 0.0929630204322535 0.19455881877555 0.257643891612948 0.255495930907156 0.07634664151118 0.213894136524622 0.305538037355251 0.218313043919014 0.112972348123784 0.277621076237176 0.335533772153091 0.264315619300334 0.231331935979127 0.212710762530642 0.303779259693208 0.25931029169584 0.288198258013738 0.170837432278333 0.550650007141469 0.155652299737933 0.271283713592833 0.272697068172707 0.311261277246011 0.520188786413199 0.260726838060969 0.200223463898819
-9999 0.518418374777782 0.554554558615528 0.611954112513434 0.599020290008647 0.200349147512536 0.293363168761452 0.429273970459554 0.83959385589407 0.6788208121829 0.381494406823258 0.468510708937602 0.442207933846588 0.213376146238469 0.238427943480345 0.0961884448841288 0.306149769535646 0.251654707168333 0.40436438180867 0.549093988352623 0.841140906857806 0.147551836968902 0.747326832657274 0.244103017304097 0.575358209538501 0.754178572057105 0.529853063098879 0.124590242483444 0.118502987001455 0.153649024613108 0.283366096885109 0.231741773840691 0.261270301244661 0.286892468019024 0.238007096561466 0.133727708089797 0.0582897623191502 0.0531737382739708 0.134032532965709 0.102970771627209 0.426675796653136 0.225319635392271 0.113157236697999 0.434161910912117 0.161555784347462 0.524787351928356 0.104324447236264 0.331873819039943 0.399215216911923 0.276901420435338 0.0701839044120591
-9999 1.22300895305952 0.706704455354485 0.360464932603348 0.30659059320719 0.45943657123662 0.513237585356183 0.557490289454081 0.801893624465027 0.238724325134487 0.639655386662432 0.455001808429711 0.774593925639577 0.241270663149751 0.253157413778141 0.333726150185357 0.461706668163984 0.327563247320738 0.223713406451916 0.131448653678934 1.42032225492148 0.393956631693936 0.474974877650902 1.13717361969673 0.839568926837079 0.95964166572567 1.01592076468463 0.327612420787448 0.341960177652682 0.206960579027923 0.258069239327682 0.272702555171188 0.154388268276719 0.206819626344469 0.26010048993015 0.320063418353845 0.343829753543196 0.214619050481938 0.105066164433458 0.233732736178506 0.585635287741456 0.0580970260072582 0.162284319664608 0.267410065051206 0.186302126044971 0.503973831478091 0.224164078035523 0.327130047880014 0.36584837626746 0.217227978380244 0.132278155962707
-9999 1.10708581625051 0.458352630265862 0.527069178292614 0.1035197740128 0.374289404961474 0.841370749683163 0.486245923090593 -9999 -9999 -9999 0.459928998276062 1.07482604436259 -9999 -9999 -9999 0.510489118265538 0.532842659540247 0.57643226207535 0.279843062912567 0.819883078084804 0.64296367826165 1.00551381180269 0.604218178821625 0.564769162520801 0.542099439376727 0.63620738173052 0.842239514053746 0.991332883228927 0.869291113859377 0.661349887721058 0.434509938214908 0.416201494201943 0.471213018768782 0.317603550215452 0.281702011820241 0.383671992460266 0.351483910885643 0.214453929728279 0.261920435557876 0.444285704103702 0.321508924040156 0.281585676961031 0.114185256749702 0.176458628759565 0.545107799382897 0.417521369941995 0.228687195832484 0.351857732565323 0.0426740016594602 0.140011513541473
