Prepped_data/Covariate_Data/All_data/0.5deg/SLOPE_0.5.asc
NCOLS 166 
NROWS 101 
XLLCORNER -155 
YLLCORNER 22.5 
CELLSIZE 0.5 
NODATA_value -9999 
[rows 46 to 68 of 101, columns 51 to 101 of 166]
-9999 -9999 -9999 -9999 -9999 -9999 -9999 -9999 -9999 -9999 -9999 -9999 -9999 0.999839620654237 0.932369755407112 0.681094569443172 0.182346299158303 0.242298343601487 0.2319151877261 0.244837657719484 0.306085019045883 0.176330390957243 0.438417144065794 0.351144361778842 0.168458824542608 0.141910766865753 0.325456188823704 0.432377152017955 0.63823289977961 0.220671460216559 0.594227428715082 0.408983056849074 0.250485146226077 0.181064401027344 0.194953219666775 0.106606402992693 0.0937426060950802 0.132634089194794 0.10207918610961 0.110550154632167 0.122624307906451 0.143933968204314 0.133237152352801 0.0688843194386128 0.0884858723450621 0.125772456538352 0.116413802229524 0.120842327939465 0.102990160315372 0.0960808397426832 0.0697927392688256
-9999 -9999 -9999 -9999 -9999 -9999 -9999 -9999 -9999 -9999 -9999 -9999 -9999 -9999 -9999 0.704830118331858 0.60914021525269 0.436136800004356 0.392004494907733 0.365398868721855 0.0344007885665154 0.33601356239719 0.438320611573201 0.410225372253058 0.278942392439874 0.411355672731569 0.34737711756419 0.251154511088649 0.204537407270858 0.28921164135748 0.266443055249793 0.274768436636811 0.365274846016223 0.257946332601572 0.26943338194243 0.159404107938422 0.12362243981503 0.0353291482501726 0.0538790453342556 0.0953075259766843 0.121050816064326 0.0853770979640919 0.128081307375434 0.0264491289918077 0.041784442123226 0.0371860267407834 0.0843800516885496 0.144254224042665 0.102214700175019 0.0514914372200949 0.0841411220380062
-9999 -9999 -9999 -9999 -9999 -9999 -9999 -9999 -9999 -9999 -9999 -9999 -9999 -9999 -9999 0.686770694013236 0.715838766928541 0.321738204760546 0.498046912406469 0.610660002204732 0.33440303063911 0.235527853166925 0.240314768571112 0.439051943278592 0.382069436688009 0.278943063458162 0.382734783873615 0.078322199521762 0.0612758235086584 0.125662114600587 0.177025967050645 0.352627055181854 0.461774852647024 0.375703193181781 0.237943329043239 0.0999593669613871 0.074653648897838 0.130781792606392 0.0314206469901632 0.121859967968743 0.124254422465215 0.0917187539348323 0.11123644123779 0.0641957401961181 0.109066292794675 0.153596909749901 0.102329067360523 0.111342684439916 0.133445676998067 0.0736541876162584 0.0253898250043809
-9999 -9999 -9999 -9999 -9999 -9999 -9999 -9999 -9999 -9999 -9999 -9999 -9999 -9999 -9999 0.65942523827889 0.577386372735673 0.47737043385041 0.768202957133982 0.519352858707466 0.320882569243402 0.202345917064684 0.210691583666968 0.283928031175456 0.350899929579472 0.318822609810249 0.500258456941818 0.144532033070235 0.0379927048394072 0.26137482355077 0.160446613091824 0.779310453102368 0.237805233060968 0.708432973250043 0.397964383699718 0.132495565809556 0.133924851514829 0.114452552416623 0.111691539380076 0.175470004955378 0.102522859274816 0.221118541374949 0.0944551378250767 0.0311428159861279 0.080641069390022 0.0499393280491471 0.10907980238696 0.0871833655416323 0.103554039669713 0.0445671428293217 0.0262173592905625
-9999 -9999 -9999 -9999 -9999 -9999 -9999 -9999 -9999 -9999 -9999 -9999 -9999 -9999 -9999 0.718796028258676 0.338713690088726 0.123312763691362 0.432245589850126 0.331229401125418 0.197463606981207 0.233754421320509 0.102291110758695 0.0237649388147243 0.0711988373573137 0.354490939152892 0.437465449470409 0.384609678547785 0.191409781966443 0.428707776230579 0.13777270217923 0.86113357424884 0.368359028173812 0.77964748705604 0.722577366689502 0.136289711850702 0.176295293776397 0.238166400470534 0.143853587887678 0.122399990604204 0.0690483542489999 0.255226928286154 0.111162451620372 0.0431826264272665 0.0921251504944031 0.10245271808826 0.0745882536411812 0.0506596873717566 0.0921158222283569 0.0788382799375257 0.0443965136588495
-9999 -9999 -9999 -9999 -9999 -9999 -9999 -9999 -9999 -9999 -9999 -9999 -9999 -9999 -9999 0.836666434803913 0.224014415483484 0.179287310018116 0.395736808646034 0.415239863260273 0.141770790220548 0.164241251425439 0.191277103207348 0.151934403921233 0.11489491251917 0.20621051798008 0.225599680741892 0.50668574154298 0.387635765799407 0.36424246045058 0.063538356731111 0.691151088634614 0.40922947033874 0.567162447001073 0.688633833144111 0.179946886962804 0.322647554591649 0.485662590021324 0.560401543707404 0.440794712051621 0.431749467517682 0.534843675057006 0.180718686421147 0.0658111326824315 0.059261909484227 0.102161579779121 0.0847916952652377 0.0517576205936175 0.068451865816559 0.0435421697956551 0.0765500486181629
-9999 -9999 -9999 -9999 -9999 -9999 -9999 -9999 -9999 -9999 -9999 -9999 -9999 0.308939204463119 0.853839897458658 0.705462457203435 0.252425222197215 0.489101938315791 0.514583607871383 0.339176713565104 0.147904731593597 0.145181349881404 0.275414137972154 0.306324972577879 0.179668287539037 0.153415556144587 0.134797635661997 0.469648089938957 0.499309319977619 0.274862056308662 0.228491255981083 0.499453872320891 0.0775898546356514 0.270324447790977 0.244512796104357 0.398891936390184 0.360514880071607 0.380282320108214 0.473473633605781 0.172688879104319 0.098697970535758 0.566195609385188 0.200548097894903 0.100901359749382 0.0483321668598802 0.030250758153334 0.0234417836941872 0.0513820213779039 0.0499521955333255 0.0857182723508018 0.127242981530864
-9999 -9999 -9999 -9999 -9999 -9999 -9999 -9999 -9999 -9999 -9999 -9999 -9999 0.440059533189551 0.681072872592941 0.388623058608844 0.489137785129916 0.490551528291995 0.492357260369058 0.162139361411788 0.0969410334025312 0.270750055585209 0.575373450111441 0.406457543780085 0.212436343296793 0.0429575041057228 0.228742578112658 0.560478559230736 0.426731471828881 0.0717904262606267 0.376364868560165 0.504864471820651 0.493590640023472 0.201504520596942 0.14011410717348 0.147870980791223 0.153254677327411 0.214034401292827 0.483680744789099 0.400255182269873 0.310690739056752 0.311129227161373 0.126048457054139 0.139242927207325 0.0758739364107436 0.0798360321683308 0.0656762584477185 0.0697782529582224 0.111845891111188 0.178057251400958 0.106833325724442
-9999 -9999 -9999 -9999 -9999 -9999 -9999 -9999 -9999 -9999 -9999 -9999 -9999 0.45351225749999 0.559721676772323 0.261348732719648 0.159236701355088 0.111684635547574 0.401364365643401 0.4055648342368 0.617946557809322 0.658137803268798 0.529530655565988 0.504985610785007 0.507905230965432 0.494092421377103 0.63680047376488 0.66506852789504 0.387586657120139 0.213636631223651 0.317258761844696 0.27163146257337 0.431792032548178 0.312883242829025 0.060443858240041 0.17663842005619 0.306118878907437 0.188774293845023 0.433523330679891 0.59451142394049 0.509001523832348 0.230916604253953 0.191492522012793 0.160739174965579 0.130994977325786 0.167978294856955 0.189407756690714 0.170588337218585 0.157868829307189 0.132299488100869 0.0556651805656731
-9999 -9999 -9999 -9999 -9999 -9999 -9999 -9999 -9999 -9999 -9999 -9999 0.162592470759702 0.401443520016519 0.700649650397316 0.306466080254005 0.239190395499242 0.1176308426812 0.182328614051181 0.513375443488877 0.659319260526136 0.546423600733547 0.378065939260808 0.351154384289943 0.17065111319482 0.507698127314468 0.698559914570072 0.481115952292146 0.405172159567567 0.382224429008129 0.199273914074235 0.246113246839349 0.274475406152256 0.191057886050306 0.366670486987951 0.473665853769011 0.413742240653223 0.397445815576179 0.563009079702868 0.755486007130636 0.829903392300124 0.22631041538329 0.370799480435281 0.650553333183281 0.585710644643507 0.228289149266041 0.123712781242411 0.1428142415729 0.131801782736736 0.0991184167795554 0.149931582260477
-9999 -9999 -9999 -9999 -9999 -9999 -9999 -9999 -9999 -9999 -9999 -9999 0.0316294448359937 0.548592766732793 0.913148811535444 0.326666163051602 0.463966489135688 0.333869718897674 0.350464743979041 0.407671609064177 0.398961631156173 0.191087337027606 0.24618765417704 0.310632605716559 0.575144759266264 0.672529540940574 0.4732136403356 0.276136294303352 0.24024386357396 0.0997097079870874 0.200605692259988 0.312676557028462 0.363530009384672 0.0955925154985296 0.127797193515172 0.19465771778597 0.2934904718132 0.489938655613275 0.408021138428148 0.508036361418708 1.09295204530558 0.521889424659683 0.431751374265421 0.49813809158529 0.760381677084355 0.655540902470554 0.171833439199549 0.159256823412672 0.156427693487896 0.162905115949577 0.308076615248438
-9999 -9999 -9999 -9999 -9999 -9999 -9999 -9999 -9999 -9999 -9999 -9999 0.23429686711651 0.6348403175881 0.801683098570249 0.262217287735401 0.59810618923225 0.541229332302553 0.426904334520834 0.287846099337962 0.297018902163049 0.0702122413544907 0.370561642974557 0.519195093745505 0.192381537932311 0.587519877278177 0.878990368638355 0.635701450072159 0.196806094527138 0.0332409104018132 0.0832188299761094 0.257188644105354 0.440029158526785 0.533933219811212 0.378309410269018 0.315545619011917 0.456315166542621 0.55540330445974 0.419750828819686 0.42900648497042 1.181665970527 1.09123495689135 0.11380843634003 0.781760694186016 0.19142037389186 0.763385837570877 0.166178870909719 0.139715670246601 0.154576967304506 0.0596301971668255 0.267847283988436
-9999 -9999 -9999 -9999 -9999 -9999 -9999 -9999 -9999 -9999 -9999 -9999 0.454903475312059 0.663425699856954 0.478838588339766 0.504019695752703 0.195506022429879 0.181476894167096 0.0628053664832861 0.0847210561253811 0.151803025563588 0.196866874235552 0.305028679221358 0.226922329851814 0.40932211424809 0.2153667341058 0.712396496926556 0.903429765085605 0.465375326693743 0.376890294245555 0.417801765587627 0.529706198688961 0.662647310755181 0.693932940550919 0.17858396883656 0.327843452362017 0.476558766103049 0.518123290415684 0.617261429390514 0.268127706298038 1.07300468540039 1.12626340369913 0.260951133352014 0.489366380316342 0.239072585929256 0.514007286757572 0.108837809112067 0.10019775317654 0.176941989293446 0.0994504606747466 0.304821584199614
-9999 -9999 -9999 -9999 -9999 -9999 -9999 -9999 -9999 -9999 -9999 -9999 0.380870518038511 0.701072374345146 0.334346801415611 0.300482615949104 0.200908358205593 0.30878246929681 0.127614744854517 0.0789455857351054 0.0310871055071489 0.0598546167702098 0.204327870698642 0.138299752360457 0.262081660151827 0.507114191526968 0.116200243750752 0.594989207813182 0.699981516689798 0.65200695450458 0.620202153590427 0.593188064428602 0.45178844753283 0.260388690065544 0.258917985069374 0.505710901342318 0.458828634863332 0.268684000871071 0.486343653814196 0.41628007709651 0.834730890283184 0.817923161737206 0.247271631174762 0.417023841858069 0.214017885914395 0.312569414734081 0.315152481911975 0.279826719900237 0.221299882252839 0.184484929032809 0.0779201910930431
-9999 -9999 -9999 -9999 -9999 -9999 -9999 -9999 -9999 -9999 -9999 0.205644802818775 0.0319222746352892 0.811751954548301 0.386266168474268 0.0542936501678528 0.0508291365379445 0.129751992068678 0.198969812338292 0.160988385167767 0.183281221067602 0.117591977872906 0.22610759207688 0.12875282243949 0.212326856545276 0.187466335477463 0.460061535229718 0.207172724086967 0.133751637340539 0.0689466111873225 0.116921816666043 0.0609145926784277 0.083279491511169 0.0662658403288226 0.209210838669444 0.457991139308027 0.527966555854355 0.115843200158002 0.235862846471162 0.439349791082003 0.268263252533368 0.638391119971453 0.323580260152467 0.501028304210481 0.329381307979073 0.29593694400777 0.279429080840084 0.464158136463664 0.359711570447237 0.128438584203294 0.133198643778432
-9999 -9999 -9999 -9999 -9999 -9999 -9999 -9999 -9999 -9999 -9999 -9999 0.326444720558714 0.648934133408858 0.412890434785356 0.128794850301954 0.0575443286331269 0.222243080683858 0.237211209638914 0.214612587037515 0.0879402818719314 0.202955904811953 0.116362646340906 0.205752983939152 0.195258663993498 0.0278531368620289 0.18465718597935 0.509202170164655 0.613944124205289 0.446184625189379 0.386805570693778 0.33457444969392 0.162643490449439 0.0674944392493644 0.13551182368557 0.345623729367052 0.568572403988774 0.207398371359491 0.336414293560478 0.281762177018395 0.361546952881181 0.270065872976963 0.0939510844581449 0.310758567639575 0.126212252688359 0.183468155187155 0.170936814002795 0.352238461437154 0.513711053552735 0.235785772054307 0.0733968600883689
-9999 -9999 -9999 -9999 -9999 -9999 -9999 -9999 -9999 -9999 -9999 -9999 0.293301516459654 0.433108948480084 0.0686395177235874 0.128017399620192 0.168468132448409 0.35866970082415 0.095420705544848 0.143548881398004 0.196629215588344 0.31843638352272 0.118327098714618 0.304352915860804 0.122749728720295 0.11483045729061 0.182705050727912 0.24946015792862 0.147840583082371 0.252147007616748 0.0302844469765695 0.236561683915796 0.315352339514319 0.141101191037065 0.200170361421926 0.419170708424512 0.457656728173625 0.047097857322627 0.22268592109592 0.0385933807210613 0.120400456746795 0.0148142016742193 0.0632421698399379 0.213427873280226 0.104582661048876 0.127817893674486 0.245667830135049 0.327337096510616 0.464126099611939 0.434612680873363 0.223064526911582
-9999 -9999 -9999 -9999 -9999 -9999 -9999 -9999 -9999 -9999 -9999 -9999 0.553262750997809 0.336761551144581 0.275777069611259 0.38816556374839 0.244761340245217 0.373376382194725 0.0792673638034042 0.273993727869491 0.345672812015366 0.219582577142887 0.243153073646566 0.259549469330256 0.0943266651788238 0.0997952096444565 0.0909503745954754 0.233241490704374 0.0558432163577685 0.289419155333359 0.27826480429777 0.355969179462582 0.232418820374653 0.0758310617478152 0.265961790886626 0.575144839170717 0.644057617520487 0.540146433125508 0.669976918121459 0.509925778267043 0.215146137484654 0.088607769244831 0.0372127471041495 0.22117295085916 0.268578048034277 0.358441295772513 0.295056734292044 0.48442173217309 0.481448701831099 0.358654161566642 0.224450414974886
-9999 -9999 -9999 -9999 -9999 -9999 -9999 -9999 -9999 -9999 -9999 -9999 0.162524882785038 0.515287550368629 0.550306073446982 0.78594938800551 0.191362726445307 0.2840328490982 0.312776729936393 0.417933231405046 0.14894034149096 0.213834142195971 0.192746228654227 0.161614615926094 0.185580304947464 0.0935845944547486 0.0556538856240237 0.298378990312197 0.0464882640739692 0.307750742359968 0.364525423201996 0.384368482865158 0.0478809799524669 0.111184534894013 0.270849613181603 0.658669230699498 0.767523660795447 0.185229943895108 0.34188079138305 0.400407194093753 0.401699685223884 0.200131843154747 0.162514977899175 0.406056491473885 0.433672767991346 0.238839576948847 0.279403742565723 0.560388773980711 0.898574927297044 0.335025131983097 0.199004880394038
-9999 -9999 -9999 -9999 -9999 -9999 -9999 -9999 -9999 -9999 -9999 -9999 0.118596813622665 0.581311134352166 0.329391326899106 0.983636820148701 0.564753105665579 0.0901714518279619 0.202194095365167 0.158520371078756 0.0670074379167398 0.177103667996877 0.0480243644566097 0.256576064557616 0.189374609918791 0.035366135689376 0.0269909126011604 0.269017135485282 0.12543408630428 0.162141579000523 0.331427655127487 0.467113637648656 0.0988469547032818 0.177245048432063 0.239813654414947 0.700923390814812 0.554174180978586 0.416733576890627 0.714336116035189 0.584943954810582 0.217651136070986 0.114339843860373 0.301381686811911 0.570760321677569 0.348564776549466 0.0802651164648004 0.426381526476641 0.69945014062838 1.18777356903418 0.250079190711063 0.128339973785969
-9999 -9999 -9999 -9999 -9999 -9999 -9999 -9999 -9999 -9999 -9999 -9999 0.398195876783854 0.419636583007727 0.325115429144785 0.736114329236731 1.02503294298512 0.412930843758903 0.329945725611043 0.245540504698085 0.0783950518464834 0.225918503076218 0.351833947758961 0.321051984866507 0.120850389256831 0.16871400892024 0.193563811428489 0.154400255873425 0.172365965718241 0.31984035634943 0.521652862013884 0.630582704188665 0.157203389450332 0.223469240400673 0.328904781887058 0.616928766871873 0.257563016605533 0.499389286582053 0.241258428743509 0.281530765352223 0.0749263103224808 0.212683416270642 0.380267805888284 0.545637448741417 0.132167631836614 0.256882449628837 0.417428313395556 0.842838494940982 1.03493016391204 0.328791009744834 0.306456267916144
-9999 -9999 -9999 -9999 -9999 -9999 -9999 -9999 -9999 -9999 -9999 -9999 -9999 0.165548022217087 0.589565739319956 0.226695613029027 1.00351686915393 1.06146413497632 0.192918034130321 0.280625133673942 0.278003575360501 0.0765838876407532 0.523661770735343 0.441863837961874 0.206325499440446 0.172830764136614 0.123396308226078 0.0374952178500182 0.284391361444135 0.367176264683753 0.433893745379949 0.668859755761458 0.290705970100642 0.360325207656596 0.465849393337028 0.26728431748439 0.218056683649274 0.610261706274912 0.322585347745896 0.231312176571419 0.225931950256117 0.126531132248199 0.438679650070096 0.74405657033057 0.305713002610592 0.531487891916235 0.298549496963599 0.904513149458664 0.793548256510287 0.258957053473056 0.232411546092928
-9999 -9999 -9999 -9999 -9999 -9999 -9999 -9999 -9999 -9999 -9999 -9999 -9999 -9999 0.46054944436047 0.131813283527846 0.577598582237219 1.13184941835904 0.731409749813327 0.189008720052654 0.461338351568723 0.402732586218833 0.382243133296758 0.348928743422541 0.151755869079547 0.250536534817359 0.27993931151513 0.265829988512557 0.430814134491681 0.471405560601017 0.340851529183773 0.516635748616288 0.332672654196432 0.441013224966529 0.493242724664191 0.124488081352305 0.312751451351755 0.391791711026244 0.189661824117476 0.283417943473886 0.114153663482498 0.225699166985432 0.205125378110998 0.67708707910437 0.538034597253245 0.53438145553391 0.208049432168118 0.765490950212827 0.898289838358102 0.476224555643071 0.298509194404401
