Prepped_data/Covariate_Data/All_data/0.5deg/SLOPE_0.5.asc
NCOLS 166 
NROWS 101 
XLLCORNER -155 
YLLCORNER 22.5 
CELLSIZE 0.5 
NODATA_value -9999 
[rows 23 to 45 of 101, columns 51 to 101 of 166]
0.28222411298965 0.123590158355635 0.123598642296793 0.165207427856243 0.190940585074513 0.281321102300435 0.0680503343996659 0.107132697425224 0.231717256861851 0.0710498800402538 0.629480998432986 0.570737322495295 0.15364960762687 0.0661930078434465 0.11576918492319 0.231324597215273 0.186760078162777 0.17084994534722 0.152667601746453 0.100941805579071 0.0515757934733316 0.0525343259905387 0.0662888020481708 0.0521547687570097 0.0344181176627232 0.018457697072811 0.0329527687891498 0.0232835873748664 0.0124459768000655 0.030928190597839 0.0288499152095344 0.0190238322082317 0.00706391554351214 0.0299506624526278 0.0847896629562604 0.0985796205440967 0.095908273530797 0.0725259906349676 0.038200761773233 0.0501215146075831 0.0670120208507741 0.0480174334659305 0.0300402150813008 0.0299941571204556 0.035542954498235 0.0274215880028706 0.0272125178108191 0.00914046166835999 0.0287225848375073 0.0311843451538706 0.0199627842414038
0.223152590939997 0.478879059356005 0.250766331060437 0.203816011158777 0.162607851856122 0.22357411144656 0.148179062580018 0.0937242280726061 0.251134315100348 0.281659875803613 0.509236835966068 0.857439000306252 0.0800697570776261 0.235012216016943 0.0904421997219462 0.13493760321532 0.177605032266195 0.205212735298373 0.266205292641814 0.221291079359724 0.177801346209368 0.17618539336506 0.168235619904043 0.228957437048088 0.244943895688089 0.2164687100466 0.0842207199971207 0.060190684775954 0.0657259846064611 0.0650038182011533 0.0668385531261284 0.0683895569404331 0.0432137149199129 0.0117671565876143 0.0642074732462815 0.0936957307177541 0.0950437708939413 0.0676582116886115 0.063204880835284 0.0943987668216955 0.0921988124082027 0.0280824933993067 0.0145255366310112 0.0407205115327789 0.0372129957356358 0.0470689548395269 0.0601726418393692 0.0319574545190684 0.0462066442629467 0.0542414256457745 0.0357970391255177
0.0479000291389797 0.220352373016503 0.207288326386961 0.163061428416885 0.155839908469698 0.144346801095715 0.104017193031212 0.196557668028658 0.310237452159852 0.25128264428931 0.500666076376031 0.44518882403985 0.0782136118950262 0.19800636639705 0.0804528983270783 0.081574145133904 0.0761592878230125 0.0123915871479906 0.132023698248 0.129391895306584 0.123067326034777 0.141238618404968 0.188103812831126 0.172724018801613 0.239775443074767 0.280029468764678 0.0753614656468672 0.0970019855987428 0.103929879444008 0.0817560863761197 0.0737170167318605 0.0883194527054833 0.0864576207839208 0.0540885411660093 0.0348910869175907 0.055819569645039 0.0906897691561297 0.0863738298889362 0.0762895527845441 0.0955271575252638 0.0856486916276917 0.0370794140092836 0.0300470517005795 0.0559078465428982 0.0246926688335008 0.00928661526740431 0.0408921966445334 0.022548078229469 0.0430922502594688 0.0652743443823324 0.0419333720259482
0.281461759706725 0.28383267131955 0.306840927865766 0.0405372244029528 0.0808400583221404 0.334422610052265 0.273298505556076 0.422315176065555 0.509766510079785 0.29076378562171 0.228199453626161 0.0848529636322962 0.0547850569630884 0.0807474351447213 0.0463029676374237 0.0901010114685384 0.0684639410544157 0.0557979449500774 0.0575170813908799 0.0368156199049513 0.0469461995779342 0.0318107098437934 0.0295291844200176 0.17517310393903 0.247620501115215 0.0500729914595692 0.27174734930813 0.309003672139718 0.297291049672917 0.277270163692207 0.261620998109987 0.20328559660223 0.073681370795201 0.0529640132033683 0.0435906990310911 0.0206247464328149 0.0789181891528908 0.091007431505514 0.0588620893276237 0.0707003014906391 0.110509324375931 0.125138983202019 0.122232608923961 0.126538984468133 0.137272674876725 0.1391495575861 0.126897694215762 0.115210352645504 0.0910691674564329 0.0576019299258793 0.0428352597612531
0.357774641128112 0.338215134529994 0.68482912180285 0.281300564068536 0.242585796064656 0.644759315938449 0.141736717976739 0.67940914182501 0.278438340662129 0.373088575913019 0.383891756934763 0.135324875749959 0.0411483852057049 0.082805683765892 0.129322506474772 0.134124703045757 0.0207835966854572 0.146739537135791 0.0774603776238507 0.126925985014466 0.124027897347797 0.148958607987641 0.190553108796407 0.166839377683552 0.0334882059296308 0.273937248809552 0.324171614837965 0.186920090133339 0.191156931656504 0.19854146902669 0.363712798288102 0.306090806728849 0.0440954665416612 0.0341322202993622 0.0286176716254796 0.020974087121326 0.0522377949098266 0.0732694705167562 0.0504051170140992 0.052826510139961 0.029587656833577 0.0304475892131701 0.0570474870404998 0.0317342208995114 0.0180842219771452 0.0181459810473243 0.0537319470362109 0.0642608485414756 0.0933559370866881 0.0389684435754621 0.0314776316857446
0.427716464535577 0.148602123413094 0.661482944296328 0.595776585995476 0.249153757823949 0.750408114956687 0.180632463181597 0.580829806844225 0.685755521475295 0.787091137653903 0.908078238492264 0.283666366329325 0.319478125562845 0.183057937521393 0.0955854257871525 0.143084999604093 0.10954548293456 0.146971924930048 0.0346152206658277 0.030282939855968 0.0185976742373974 0.0278479003523815 0.0762606595501379 0.0628674349073221 0.0289782477883475 0.198901903169323 0.339626217498789 0.339313595584617 0.294424510817701 0.357355898857137 0.416566289908252 0.201391962460386 0.017777948122234 0.027777896465245 0.0284895820123751 0.00126196817581368 0.0368665148658771 0.0445926548508313 0.0261854508353051 0.0722434028598377 0.117008938089599 0.127013341682604 0.145590261377327 0.147767613475688 0.147083096976506 0.142791420724553 0.120294088917682 0.0802505970641071 0.121593570478212 0.0775819637939635 0.0637676850930635
0.275083357419658 0.0870262868169997 0.236339538776575 0.575608858356372 0.212170090149194 0.651561923695804 0.119594951261869 0.216416725161212 0.530648085131663 0.485244849285063 0.965410114487346 0.319136075854185 0.461834586032262 0.363294985077761 0.155268855023412 0.110616604466328 0.0922163670947274 0.111781043301752 0.220284317692975 0.254841984188682 0.244413160273732 0.155643831564861 0.144476410279198 0.186531233384505 0.0309736201687696 0.110276522255066 0.164248577687522 0.0297477429290766 0.166762834772435 0.16397440029243 0.0911739674366117 0.153257425704638 0.209680605418331 0.232154615819243 0.23231545116357 0.146866631241195 0.053629915686128 0.0755070269399506 0.111748172274513 0.161413548445591 0.146334251156792 0.11339374784311 0.092183578238306 0.0667025356280392 0.0438003814789277 0.118265448197919 0.0979464543703399 0.118520035171767 0.10713883676147 0.0649254079245164 0.0389744950008787
0.201031122665017 0.111831744202059 0.104862708846693 0.324369515121452 0.139538224264251 0.523353637946669 0.0746048572912225 0.445697938193401 0.364077294651869 0.112557322479852 0.580361512805136 0.482057595978884 0.530761146039399 0.349690785334179 0.251999969593659 0.199636419659653 0.181571912037496 0.180468388933149 0.244097304045934 0.122459616128902 0.200495365141208 0.139129379378086 0.201942581434973 0.288019998846526 0.096745277266452 0.229369010645578 0.306450331592549 0.293230559670234 0.292469504060892 0.156009596293658 0.232846083068701 0.293128827966686 0.251943892784664 0.203704194438899 0.278248444819369 0.273441180826304 0.0982358378242347 0.144654618418246 0.138103898544575 0.133251102655596 0.0461889662762399 0.0196474482984767 0.018018480742464 0.00871774040664298 0.0324259059505088 0.060289512274599 0.0645495142639261 0.089165753359474 0.0398579882796446 0.061138175417663 0.0636121279842652
0.337163269406127 0.107537223900153 0.054880381873714 0.220702032217133 0.102969732702744 0.440491340750064 0.0635915893682655 0.568892920136506 0.0425283850903702 0.560168357376745 0.101515125865601 0.565609152369571 0.606283943786146 0.41936341979795 0.183198439614997 0.108783000153441 0.0642406175930685 0.0487616327238795 0.14356970922977 0.0572869199040164 0.127378174411864 0.147416372258413 0.243162957025801 0.300108320485651 0.106305525043069 0.245906007047318 0.280658598815563 0.198294525445926 0.227240041674703 0.220416161028332 0.151582859504069 0.0778012936291798 0.0812444166087226 0.151418725782249 0.23822663045483 0.230055765867329 0.139466622450342 0.140058067423478 0.0512827823645334 0.0315974574360036 0.0502299612000633 0.049566018484329 0.0563354084700214 0.0313412361295585 0.0161673583191845 0.0257994666709675 0.0255334339759519 0.00592372708703975 0.0264264261943644 0.0823154855068857 0.0890763006587375
0.404605966051172 0.34110105812139 0.185742016049602 0.320242995365944 0.397714646029334 0.364897502670945 0.390457871895148 0.34784109372494 0.0536327455763982 0.312414330709425 0.517826375110455 0.149506758654967 0.469731608407083 0.587124291976492 0.290177022005963 0.203712335295727 0.121354769241292 0.10615195827299 0.147353541520062 0.100477388373981 0.0592839098684479 0.122236386349131 0.194578717366056 0.265893055351509 0.0750990383864829 0.248671386700635 0.116951437204599 0.149614095125431 0.0514153773594363 0.158283639914089 0.0718152732182987 0.101778888710348 0.0924850377595321 0.096990915936134 0.0658690740889803 0.133294290916946 0.127791523058409 0.039864880201454 0.0156284298429778 0.033162035772553 0.0469519978858394 0.0179350083737149 0.0459207026492449 0.0354079615426085 0.0407572170150525 0.0447945484737601 0.00893886010287048 0.0153776732866529 0.0366688797025567 0.0743884238724708 0.0784485881606604
0.345799985594157 0.501788404148866 0.509175607387341 0.450172292204593 0.487349974538067 0.371102473926062 0.570412108810359 0.224019816885242 0.135965690711302 0.107929587258012 0.159053349130894 0.469721716027082 0.160992901476971 0.548586982357377 0.429685901228013 0.290067926708693 0.11999830059579 0.0831860457940466 0.0625165209907351 0.117917057435759 0.130161654877136 0.14877693566015 0.117874417545762 0.157140552536217 0.0554068487278213 0.195581862606623 0.00603412898198977 0.102738752570146 0.0369698392927578 0.0448985143383993 0.106407406003762 0.0633565102154986 0.0425076497917432 0.0500440733804417 0.0848786076773495 0.105108020883266 0.116375363635601 0.109843135936004 0.0420151096243015 0.0613284869475022 0.0477210284675 0.0132696331858431 0.00788888746393357 0.0318695343457175 0.0518857773677302 0.0608000690453152 0.0639183928892285 0.0601346032362422 0.0618493828454355 0.0599318087639087 0.0319809458918492
0.374312546050903 0.436202740950575 0.446272401478537 0.421244721124746 0.480698851381496 0.167635685268639 0.583321910595041 0.247504734183705 0.344377456806491 0.121771394334116 0.308189881721543 0.204211964456411 0.448836593071904 0.269239077676446 0.400902567161977 0.271912318433544 0.273838291833339 0.21815139923157 0.160604934574761 0.0919759087962411 0.113554783756553 0.125232277263914 0.0187664468936965 0.0350775232891286 0.0840101879663858 0.090523255804344 0.0124536199465398 0.0438136741729932 0.0678650979584457 0.0685011626027445 0.0481459534170293 0.0274865479303393 0.0381503343713599 0.0138159689263757 0.0736594330125169 0.0465376040240879 0.047763187273562 0.094839686647981 0.113034473708676 0.124929964204438 0.121098193448003 0.0751112360718544 0.0288160517154302 0.018192551723294 0.0157287272971352 0.0449261433905209 0.0594028652008422 0.0627691210739935 0.0581131011528609 0.0469110582366815 0.0325836673930063
0.204030912687694 0.330783201212171 0.345662466369666 0.183336502764458 0.427576910241562 0.167278301254808 0.476062022128997 0.0310912099744292 0.253200119546824 0.228869481489053 0.276120428746691 0.123675616974131 0.357854005203534 0.226685711963405 0.236984799035804 0.226123544036149 0.206620002530363 0.325904746849228 0.412802416511724 0.165332841773613 0.122823631450909 0.162746429682092 0.0974869398808991 0.09966279436392 0.0719107185313879 0.068674899004933 0.151939031724501 0.252253546663992 0.250185601105452 0.2413571437964 0.0196197910139671 0.0193321805949566 0.06028450779595 0.0155889234316789 0.0515992050355492 0.0454252066987739 0.0291433433005083 0.0333140549989908 0.0433715831953286 0.0638088796050922 0.109229681205161 0.169590304566652 0.108623090339685 0.0182020177057858 0.0204423944281327 0.0479241175464109 0.0427113528817252 0.0374032154165296 0.0246701259684845 0.0553287910591691 0.0517234117896755
0.157274699409813 0.190638908637494 0.446942861945142 0.681306514392248 0.259558333513699 0.227941077513701 0.446198559795212 0.123544026875851 0.123170972970833 0.0988587638914674 0.127257783302816 0.0843816907951203 0.128061807451095 0.430257943746284 0.223420522625117 0.0691735623165435 0.557986697257292 0.264858741498893 0.490789412941383 0.356043752967011 0.270123432287027 0.195220534205134 0.257039557668793 0.234041278571939 0.175638025429321 0.118237580321992 0.187021157458815 0.15637400436945 0.258359783631009 0.306271591837606 0.0486128880933252 0.0222691563500132 0.0550111845345208 0.0499896750421964 0.0378505250015298 0.0209690650495763 0.0444758963031258 0.0677587534132202 0.0839154243458074 0.073821535323835 0.0505792190471122 0.126706765697844 0.144411970762987 0.020303625386083 0.0398891542652366 0.0562158099307174 0.075756521156069 0.0784269445900783 0.097869940431999 0.115595596532515 0.103530508176405
0.146196342649754 0.365330401339235 0.826705439029283 0.796283664032566 0.117138201464014 0.210198998404156 0.367831689915151 0.0835794082986682 0.113841292716819 0.171852176648098 0.173648413130187 0.116648957911115 0.110667743125674 0.160334443007645 0.203198972149605 0.4245369383337 0.621272954465319 0.110196559595053 0.213819500355683 0.487016145054573 0.65009177856489 0.461014282376019 0.34066514161044 0.327297496394688 0.258669731511911 0.175539137221708 0.0107719121953457 0.135352794771163 0.215866020677178 0.170004057396803 0.0634978366969843 0.039749004861915 0.0406714421347905 0.0346047993933361 0.0386090174439241 0.0421256609396991 0.0193547086521566 0.0181071696486038 0.00957139354327124 0.0205277876724466 0.00855794868966856 0.0571376784079467 0.101787549978796 0.0656921780771573 0.0377117757584123 0.0566326648678534 0.0354441146661317 0.0422185569374791 0.036072253463085 0.0352951086152392 0.157488755698224
-9999 0.11963505240229 1.01689452074447 0.650438552186693 0.371792502363443 0.4348803823654 0.242855914703088 0.0715952650614793 0.0794688018286906 0.0154157355698809 0.104224899605971 0.25263792711134 0.143313141365727 0.0409408803134132 0.197893622722998 0.502966067718356 0.519655688402185 0.161889976302773 0.401468180864777 0.377730387741202 0.498872133889453 0.595096890807604 0.428202243080706 0.258735674723275 0.189293709709311 0.207089976266365 0.201793190118785 0.123018635167518 0.127679162681737 0.105145960339529 0.0640074615910634 0.046308507441793 0.0492448282337973 0.0469001616372916 0.0601445709906731 0.0603315099780283 0.037334610187368 0.0405106572347312 0.0471448925611489 0.0391669577771284 0.0422130235566609 0.0592316868475312 0.103713404655664 0.133389097671134 0.0970391473093919 0.0148033146609385 0.0302257987327452 0.067248855063743 0.0653270317372426 0.0995201769254444 0.123104710990388
-9999 0.49322841228229 0.988052514397804 0.483903885427666 0.266668187935229 0.449071031141193 0.20362116049123 0.550382317994746 0.475437548304226 0.368387037364802 0.26818495444348 0.335770785858813 0.298288078356394 0.234321241239947 0.281479292699875 0.301244126771975 0.442374339046215 0.556770962512603 0.55566794114062 0.2748417990756 0.162590336256355 0.132830954797107 0.734207760475457 0.492168943827235 0.486991758034244 0.478771456712752 0.31559465746885 0.180758577343499 0.163469055909889 0.162256878178348 0.125673691500538 0.0871747288961969 0.0653400718026356 0.075197857656824 0.0842380218662984 0.0513321763985541 0.0462284569536587 0.0263193766311858 0.0153320494670573 0.0230284562849899 0.0238825690092966 0.0377310850421367 0.0658030661148589 0.0408828249721403 0.145353653914307 0.0706108565702275 0.0300687737663563 0.0374872058874084 0.033400567262136 0.0425951201994268 0.0651084935837661
-9999 -9999 -9999 -9999 -9999 0.169901229281245 0.394858076328364 0.416726001954324 0.0892310016883036 0.240055271263696 0.233699538733791 0.168719061535263 0.183862320235608 0.22875136726937 0.0888204873948496 0.35325104506316 0.306645518540947 0.546816431117941 0.767988496739795 0.66611831472743 0.347243948924216 0.808181754890412 0.28025161407679 0.453450345444153 0.577776052191613 0.840897784178888 0.671560739806451 0.323588084310667 0.216752552225342 0.17018355074344 0.133011144153382 0.110275751765534 0.0552508966200728 0.0552921928065002 0.0947924970465552 0.05825677326944 0.0516305265486399 0.049995187944293 0.0455804541152609 0.0461792073302002 0.0507911674266173 0.0450996064914341 0.0407877107796519 0.0500908002974171 0.1423751898409 0.0664982471953883 0.0380508497257829 0.055067732493794 0.0715438565077767 0.0756190160360976 0.084378463404141
-9999 -9999 -9999 -9999 -9999 0.940606676846414 0.238678664113833 0.165130626204671 0.264747740272551 0.316213903342209 0.264185052880208 0.122917892901188 0.0975693134294171 0.361876883959398 0.12081352024861 0.373677310649673 0.224722145529065 0.221848253011978 0.61826589432147 0.263093503979698 0.285643148616697 0.752792297116169 0.529145180043974 0.133338315598238 0.127836102055292 0.369491199548246 0.836859748019338 0.892347914012768 0.599142789550802 0.252654409017719 0.135782103175695 0.129142261078169 0.0947308940511596 0.0541031536632555 0.0782323796051421 0.0769461300448546 0.0635022262888199 0.069926637109938 0.0403697070962168 0.04470478832374 0.0576230268994939 0.0490037926437655 0.0414624786118256 0.0901526872430415 0.109384238257816 0.0234127088250531 0.0589952819161099 0.0150489189143993 0.0130415364975295 0.0204042732682949 0.0253418475794869
-9999 -9999 -9999 -9999 -9999 1.06099107783526 0.407392886041733 0.240841713379868 0.399980780138341 0.357091816635294 0.400809525397904 0.386587726791182 0.409951730956029 0.532181529491816 0.360607384109109 0.184224011534686 0.16516763379542 0.129296327888978 0.267087447276376 0.313102572960811 0.354205002064912 0.171793211055425 0.857027161862866 0.460142636140526 0.185993116270298 0.358647445955981 0.24116792101474 0.903870613707691 0.939171173953695 0.35999383033388 0.184424673855322 0.150298198060724 0.108838091864854 0.0687960115918744 0.050032557239363 0.0400360978532018 0.0376437830917779 0.0654399234593755 0.026893918724551 0.00619155436729783 0.05666436899591 0.0250722306775454 0.0405403685238223 0.088072654300972 0.077202197411594 0.0646005088883736 0.0385018109989026 0.0591919293718265 0.0184759416676874 0.069561164784507 0.0638959938429662
-9999 -9999 -9999 -9999 -9999 -9999 -9999 0.572283340923708 0.586418755833722 0.205213618582576 0.226265377283176 0.178496531178222 0.202290536022219 0.459011729086116 0.234416997590038 0.399399929679016 0.253590735430558 0.421346373964982 0.37923464745682 0.551038662685542 0.457171721801311 0.0739821590579988 0.484003179110151 0.661343615015962 0.153031750458818 0.147992834165749 0.711552086672755 0.453555415048286 0.820079013012249 0.514291405207751 0.358765706974082 0.183217380041591 0.12891478650027 0.108705054767222 0.0819186917818776 0.0330164269064414 0.00581790293837281 0.0470335843018829 0.0538195209296529 0.0227785513092128 0.032017630547331 0.038862768530475 0.0468994547019064 0.049258157919842 0.0627200055483546 0.048151139137838 0.0233471754483095 0.0725065545231539 0.0283170960579179 0.113808063871162 0.0373569737541361
-9999 -9999 -9999 -9999 -9999 -9999 -9999 0.533604162323638 0.897269155323013 0.838355820276163 0.436878114281795 0.264298865938937 0.0644053475819385 0.281182492008544 0.246356807487854 0.673344721884224 0.583448472412455 0.305339861805444 0.0760348188730654 0.314643795177727 0.374157569621488 1.01358770952117 0.107602073328265 0.29281895003465 0.698880314294431 0.515718621001397 0.332905956234097 0.29807283719455 0.228226588658905 0.532644912504233 0.678636365345779 0.246548451039709 0.169300669738221 0.130296585457655 0.0970744932918541 0.0078924342135535 0.0305643629624045 0.0236295888500506 0.0412924888462331 0.0413125034179642 0.0361685104792978 0.0419628336628973 0.0676489652785583 0.0875065220693589 0.0816968780536681 0.063078314568647 0.0721730768676421 0.0942161500453417 0.0625954970348864 0.063417396457684 0.0426727263380915
-9999 -9999 -9999 -9999 -9999 -9999 -9999 0.160104156083764 -9999 -9999 -9999 -9999 0.186684244524146 0.271054747328988 0.30115491400408 0.430429526310825 0.50336746265645 0.323985799664951 0.150157407241594 0.45876911961325 0.283654577673664 1.05128319782642 0.146785259089771 0.210795839927596 0.614990101800958 0.328967313181384 0.115080575619707 0.301441495938364 0.518276365999729 0.258121564997212 0.782077985484071 0.3547098273011 0.224924516160848 0.13499992203324 0.104810818616609 0.0422060142075855 0.048875579830321 0.0876142474765276 0.12557061285642 0.153560481314484 0.191625072933439 0.199820506311138 0.128669915849711 0.0804943084281713 0.0946872025276498 0.0737427404168262 0.0688918777642781 0.106964861134234 0.108285333585661 0.0559982205338802 0.0330991907967401
