Prepped_data/Covariate_Data/All_data/0.5deg/SLOPE_0.5.asc
NCOLS 166 
NROWS 101 
XLLCORNER -155 
YLLCORNER 22.5 
CELLSIZE 0.5 
NODATA_value -9999 
[rows 0 to 22 of 101, columns 51 to 101 of 166]
-9999 -9999 -9999 -9999 -9999 -9999 -9999 -9999 -9999 -9999 -9999 -9999 -9999 -9999 -9999 -9999 -9999 -9999 -9999 -9999 -9999 -9999 -9999 -9999 -9999 -9999 -9999 -9999 -9999 -9999 -9999 -9999 -9999 -9999 -9999 -9999 -9999 -9999 -9999 -9999 -9999 -9999 -9999 -9999 -9999 -9999 -9999 -9999 -9999 -9999 -9999
-9999 -9999 -9999 -9999 -9999 -9999 -9999 -9999 -9999 -9999 -9999 0.115861089246973 0.124671895045553 0.109004254082249 0.114181047105271 0.0976057009822146 0.149233719211325 -9999 -9999 -9999 -9999 -9999 -9999 -9999 -9999 0.0785577639006546 0.0354341263075778 0.102304873964287 0.0233566116615716 -9999 -9999 -9999 -9999 0.158084985382671 0.138783272107057 -9999 -9999 -9999 -9999 -9999 -9999 -9999 -9999 -9999 -9999 0.06086007648209 0.0893855055172812 -9999 -9999 -9999 -9999
-9999 -9999 -9999 -9999 -9999 -9999 -9999 -9999 -9999 -9999 -9999 -9999 -9999 0.107495663777999 -9999 -9999 -9999 -9999 -9999 -9999 -9999 -9999 -9999 -9999 -9999 -9999 0.0768804667612323 0.116732481290495 0.139745138041608 0.110918635088116 0.0374873235481775 0.0203118814720068 0.21298706028516 0.0978049937388823 0.0531756521846104 0.118576690263382 0.0408071712071287 0.074602983510516 0.100441788720347 0.237567547308106 0.345922626623925 -9999 -9999 -9999 -9999 0.0171286558353224 0.0186645646788735 0.0517334235005447 -9999 -9999 -9999
-9999 -9999 -9999 -9999 -9999 -9999 -9999 -9999 -9999 -9999 -9999 -9999 -9999 -9999 -9999 -9999 -9999 -9999 -9999 -9999 -9999 -9999 -9999 -9999 -9999 -9999 0.134580060950844 0.0663431343063316 0.0254686542533212 0.252805029805922 0.156132384838602 0.0973856432764501 0.221545982414897 0.197177410240117 0.127188556741756 0.128511217284076 0.123944049141329 0.0892169580294379 0.108121429225811 0.208671592940455 0.242663027205728 0.139862342752493 -9999 -9999 -9999 0.0392038695335653 0.0147783361795033 0.025384798989004 0.0842090651369197 -9999 -9999
-9999 -9999 -9999 -9999 -9999 -9999 -9999 -9999 -9999 -9999 -9999 -9999 -9999 -9999 -9999 -9999 -9999 -9999 -9999 -9999 -9999 -9999 -9999 -9999 -9999 -9999 -9999 -9999 -9999 0.173608395641182 0.197911754802377 0.1197835265505 -9999 -9999 -9999 0.157698270226535 0.152152851356185 0.137001770279606 0.10968965121297 0.0996138625928274 0.0873149927310035 0.0702555652903155 0.06142648030412 0.0454771379354624 0.0263743424162089 0.0603838477635456 0.0418393052255004 0.032685196893467 0.0715714263520189 -9999 -9999
-9999 -9999 -9999 -9999 -9999 -9999 -9999 -9999 -9999 -9999 -9999 -9999 -9999 -9999 -9999 -9999 -9999 -9999 -9999 -9999 -9999 -9999 -9999 -9999 -9999 -9999 -9999 -9999 -9999 0.113816270253685 0.164025354681122 0.185914912465392 -9999 0.0528171563599261 -9999 0.0352864613993213 0.0132793484618843 0.0515877683687298 0.0498215177145487 0.0343791916431985 0.0401998041560615 0.0318449132517802 0.0378844664973524 0.0356459330326488 0.045689028277275 0.0284550410315227 0.0130098759231441 0.0200542517544076 0.0595686959260394 0.0931597072765697 -9999
-9999 -9999 -9999 -9999 -9999 -9999 -9999 -9999 -9999 -9999 -9999 -9999 -9999 -9999 -9999 -9999 -9999 -9999 -9999 -9999 -9999 -9999 -9999 -9999 -9999 -9999 -9999 -9999 -9999 -9999 -9999 -9999 -9999 -9999 -9999 0.0908684781171566 0.100738050191649 0.0376518215448162 0.0392453756085124 0.0388100396372525 0.0248462934278729 0.0154932139600709 0.0290696351701766 0.0523884254419933 -9999 -9999 -9999 0.0545500023028483 0.088029879576521 0.0637533743282372 0.0274868774981648
0.134062740108267 0.173872477617276 0.114981940504334 0.279748671018722 0.090011324367202 -9999 -9999 -9999 -9999 -9999 -9999 -9999 -9999 -9999 0.367408863783979 -9999 -9999 -9999 -9999 -9999 -9999 -9999 -9999 -9999 -9999 -9999 -9999 -9999 -9999 -9999 -9999 -9999 -9999 0.0923261550258094 0.074585603156029 0.0667500241337779 0.0696122870253592 0.0062926753776728 0.0126097068821137 0.0436094200281527 -9999 -9999 -9999 -9999 -9999 -9999 -9999 -9999 -9999 -9999 -9999
0.0476522264225132 0.0643096084791332 0.0548522976157376 0.164164620177833 0.0226892218439463 0.024696463118269 0.0552765045194411 0.100716734528014 0.0525747277744477 0.150836979771103 0.183452363622455 0.227416589576374 0.233737680031417 0.190308954308993 0.211903447136441 0.168864170720373 0.102365981646875 0.0539256209847054 0.170664968997015 0.293371667710689 -9999 -9999 -9999 -9999 -9999 -9999 -9999 -9999 -9999 -9999 -9999 -9999 -9999 -9999 -9999 -9999 -9999 -9999 -9999 -9999 -9999 -9999 -9999 -9999 -9999 -9999 -9999 -9999 -9999 -9999 -9999
0.0424221762352239 0.0435401667417576 0.0983496234388071 0.10232630489487 0.0680867907954095 0.0352255105327332 0.0328556666633853 0.0561602002450296 0.0544340078759769 0.133658356291697 0.163370706901922 0.174439652897487 0.114137145075285 0.103398308261357 0.0807955459520358 0.124868824790916 0.166300417754143 0.16614926069747 0.10849425152006 0.150852789371889 0.270421000996321 0.377541508362658 0.123691175552124 0.132404499703045 0.161500885491859 0.105250644177772 0.086436306027962 0.103247505439832 0.081431891525712 -9999 -9999 -9999 -9999 -9999 -9999 -9999 -9999 -9999 -9999 -9999 -9999 -9999 -9999 -9999 -9999 -9999 -9999 -9999 -9999 -9999 -9999
0.116963430704252 0.0937449660621101 0.173401820010594 0.125890765588385 0.0530312445943811 0.033403467573939 0.0663786971672207 0.0372766304414558 0.0545566025296457 0.0195126407654928 0.113997803481085 0.15086246323544 0.138741346555805 0.114099444609841 0.0253101425888922 0.0354235277904004 0.0776860131086168 0.149881543129111 0.180301784033175 0.164746223033298 0.162941661097968 0.154644226288205 0.00803412188597107 0.0800373412251611 0.173441219552261 0.176095658521527 0.111983490905102 0.132448140098636 0.141257916519477 -9999 -9999 -9999 -9999 -9999 -9999 -9999 -9999 -9999 -9999 -9999 -9999 -9999 -9999 -9999 -9999 -9999 -9999 0.065306824495695 0.115985124579001 -9999 -9999
0.025539133859711 0.0280049239336818 0.129126558425136 0.0775418447493242 0.0302473867392788 0.0227741336812978 0.0363302933190079 0.0558826980259238 0.0447430724997215 0.0761105018474005 0.0481385519240247 0.106951222101889 0.182215977817881 0.171900447011192 0.0559846530409252 0.12677527131366 0.215121748631826 0.182320238125172 0.163405779597384 0.126249898367716 0.0766028709971987 0.0220221615520858 0.0324168087183019 0.0553499475254838 0.10680532867732 0.211243529783356 0.189721135542972 0.208929272002953 0.24787511782292 -9999 -9999 -9999 -9999 -9999 -9999 -9999 0.185547503732019 0.16825609633186 0.163220965912817 -9999 -9999 -9999 -9999 -9999 -9999 0.0758716957873078 0.076458996952445 0.0865211380314257 0.1065345467143 0.107952133497125 0.0897863868174859
0.113054724671652 0.0881834186558519 0.142878894653117 0.070244210654663 0.0753177168993751 0.099586424777485 0.0590718328859124 0.0551059542311723 0.0971129331793574 0.100483676408505 0.0629830335501021 0.104701881665946 0.219355848847068 0.194663509350077 0.201822007852698 0.325564464132529 0.221630073868051 0.10709379501496 0.0893839925239469 0.121559028932929 0.184025345346331 0.136471359660751 0.0655487072229729 0.0989167108384941 0.128890683268759 0.0280409165790795 0.0156306948183379 0.0903304956361219 0.127908119991061 0.0359436208995782 0.0468296810448984 0.0575915571723449 0.00317144994445743 0.122317521296464 0.0966802309186999 0.146622288216987 0.112171001329201 0.0622901800810829 0.0553804541676331 0.0748557483703129 0.239869530376179 0.184840895864167 -9999 -9999 -9999 0.102953166788745 0.064222873780062 0.0654247980528665 0.0750597968673448 0.0743122495384259 0.063249822569376
0.0430181651005932 0.0618559658344028 0.182969419323719 0.0439549790665552 0.014952613412511 0.172181682928748 0.136476357504773 0.0508130255240332 0.154899086267004 0.116708645356501 0.0176732137193919 0.0484494411294083 0.171471347501524 0.108980554374896 0.213594883410143 0.198951011601709 0.0507208545452775 0.000518165409460265 0.000298928602416493 0.043127088534597 0.0963864475935726 0.134271893400174 0.118637503168364 0.141748042079039 0.190611981087887 0.0902755271673346 0.0409348434827808 0.112764392809402 0.0917725634898688 0.0807120577661621 0.08274195061279 0.0314072858432321 0.0553852300937216 0.153083814844965 0.0787426579699189 0.116769960885617 0.0920041929552204 0.0436427367828308 0.0163940197375595 0.043774806726276 0.137617710293231 0.060728466713092 -9999 -9999 -9999 0.115495267756115 0.0187597354299637 0.0292539658847764 0.0472940302445309 0.0473019826261247 0.0438009287854517
0.473157118596474 0.327916842295994 0.136570960357893 0.051821927411219 0.100442112711955 0.358125647246075 0.285755944643518 0.240450701450696 0.172011233075682 0.0509727489059041 0.0661172816421063 0.0467105519058502 0.142134946091488 0.0217172148866275 0.189714870860873 0.0456349745043791 0.126831043563136 0.143587153432255 0.0510262076862903 0.0482116577992411 0.0309241746501652 0.0441606409112757 0.0633908687791953 0.110347629438509 0.193242281654879 0.0856189772485157 0.0729290935585421 0.106432152570813 0.0520571009441929 0.0592499356587929 0.0717795237702777 0.048737915362629 0.0925740607203303 0.0630533746608168 0.067542376035445 0.0612254435408549 0.0354126158576751 0.0391644023986747 0.0363838957792784 0.0228626735368949 0.100416693245938 0.0443190743041516 0.0519686142107814 0.205456823525132 0.0908792292746913 0.0243685973582016 0.0274933457483394 0.00713825452697067 0.0171610572147053 0.0348816076874834 0.0592644325032061
0.710368699951437 0.850500071028831 0.757317509362417 0.442891133240932 0.470723707407868 0.23012089173222 0.237958277187674 0.423105647896681 0.190573620269505 0.141346826856459 0.00840163314272013 0.0277384511188595 0.0520112951286292 0.0899450802200118 0.105958230470371 0.139366946226223 0.146697524311029 0.170778419550301 0.135398075634948 0.232772825434497 0.203546326904779 0.178173892942599 0.0132978523190787 0.115924048887144 0.151142258739671 0.0639040154690062 0.0692809760026741 0.109739385577274 0.0613305384382463 0.0112297650436064 0.0517276219282609 0.00970132528934855 0.0656690093031186 0.0487642388821314 0.0378627087702393 0.0675777694610384 0.0288880873254687 0.0263491603107453 0.0239355733366944 0.0313762480281543 0.0654726739259042 0.079574646110185 0.0691071089642745 0.0676942373181585 0.0518947782089426 0.0900858253895099 0.0498504106019966 0.0457497164169121 0.0484701247691496 0.0661876848400676 0.0383236500922614
0.535469931477289 0.773509502963473 0.833404504863955 0.420467396013433 0.649980532396882 0.44532985372912 0.196839230245616 0.364708692355931 0.247573089818564 0.254999689629694 0.245193309446367 0.188113122640491 0.162015407421311 0.0864307240392029 0.0890923823287343 0.0271865236314866 0.157924822138158 0.0634841179138249 0.159663418065221 0.197472143064899 0.149167506474351 0.28623896712762 0.147084170985579 0.0405880497789538 0.0850357701251 0.0898404708038243 0.0662988062017247 0.0880650984387641 0.097920302677724 0.0794608040777248 0.0267487472156133 0.0194824783255587 0.0091808126653327 0.0179554728207225 0.0376867392905693 0.0574657157090373 0.0263730161230324 0.0337861412487402 0.0312994391130662 0.0270882798225217 0.0428000688417487 0.0657652564619516 0.0620400323966661 0.0168455456930619 0.0246787017916461 0.0809137733158373 0.0596042764238991 0.0360897402407497 0.0918536300661329 0.0896371389379602 0.0202645019754844
0.37517676077515 0.695242531816211 0.47041072762749 0.308510597620111 0.380239326124365 0.538625619816866 0.526027848197037 0.431235921042803 0.488861500451061 0.238447577070622 0.376566868799674 0.13396995185059 0.301130821848732 0.143752253084977 0.0434152266968603 0.0779909731242598 0.116363461884665 0.0955166198122675 0.170694367603958 0.152083990720319 0.0605465906766474 0.200073894669619 0.15846970619667 0.117015933365983 0.0223761448576244 0.0768146091415135 0.0647751149096007 0.0600167543980862 0.081407735279555 0.107070462492804 0.0559596971388834 0.0354719634736136 0.0311714930251054 0.0499623501341192 0.0455982226738796 0.0131897835580578 0.026748251465183 0.0197130243683109 0.0345887475612622 0.0320705670297168 0.0243041302777909 0.0252809826370415 0.0332462973579424 0.0160916717808565 0.0130508687085607 0.0281863058233215 0.0239198958402537 0.0494538044811154 0.0850090945265325 0.0805610570030241 0.0611571505675025
0.182141234088844 0.391624903859081 0.236590998521695 0.423370652790815 0.519967515113485 0.593641711872953 0.453882591075393 0.38234717184973 0.651149078980229 0.279622475574588 0.0811093942298634 0.110657835128481 0.148679879112802 0.281583434427478 0.0403281037536294 0.06285452699122 0.0360921789150886 0.0353449379783748 0.0754269150823598 0.124750458797791 0.0642008807058064 0.165824001280225 0.14830047696182 0.0945088124628987 0.0811533774171969 0.030636627950309 0.062982910591415 0.0747525140534869 0.0965703518409319 0.088911865943757 0.0436333809248383 0.0379546411780256 0.058049345652937 0.0798333308466535 0.0357497632144252 0.0314450779054772 0.021933254216525 0.0305713388187087 0.0218588382517081 0.0262073470826268 0.0227514223278365 0.0131486339724827 0.0153617731892515 0.0273665193197829 0.0177929553068812 0.00549749139607301 0.0184820186672351 0.0508280750399947 0.0948307328506382 0.0661776895349998 0.0252874921080143
0.347274739004095 0.130683922058418 0.495316284949406 0.303831105902538 0.674032458279934 0.680206773049245 0.26505281072434 0.388610300708749 0.62059031412554 0.530804817600558 0.366368796568869 0.103035451565217 0.106603849397954 0.089956131536725 0.092328643782403 0.0831657999927129 0.0870306265982671 0.0662398539775253 0.0559944674403279 0.0940843776123396 0.138715308447796 0.129845398152242 0.0735494597321025 0.0150324755546814 0.0770357107747935 0.076207252494377 0.013731179966685 0.0672710748796089 0.123290037597107 0.0907425343286975 0.0730243675363671 0.0674144484633726 0.0851179433882659 0.0952659199070897 0.0569371553954327 0.0856414995006449 0.12911580410928 0.126442825232043 0.122468380638235 0.089744484494132 0.0900986974971393 0.0955419321526621 0.0148103369861508 0.0273667787880893 0.0144981400159996 0.0147869014768015 0.00702807544962747 0.0365214798705785 0.127622026175056 0.0395372843061896 0.114664878990299
0.214630235624373 0.394700795453524 0.52498221365489 0.341643148062388 0.566882811605409 0.583946771005087 0.302934059784146 0.391857404878184 0.602624623721801 0.597560441618981 0.390409168194284 0.439062193917014 0.296329273821816 0.236450135802261 0.0977596995066266 0.195380877433519 0.068572898537237 0.152322617348638 0.169824019423549 0.204567570429287 0.215123741682826 0.18501936967132 0.13707262757974 0.0214048119836764 0.0349232636942767 0.0705941814143043 0.0541491146873004 0.022745938504717 0.0646738199710312 0.0741001003291193 0.0817160262858171 0.0924212379739994 0.10277461389801 0.118593486647396 0.108439076662475 0.180254852828539 0.161787295712805 0.098571727678916 0.13538088978398 0.0249544941329394 0.00592296943413392 0.16020733438206 0.0377536764794117 0.0240619404015004 0.0235203381959903 0.0249134828402759 0.0126129418792572 0.0352083775796217 0.107704150924824 0.0419267869373617 0.10172182383075
0.115701206380039 0.201675158630754 0.374248318763415 0.452050948463111 0.273549849392954 0.485621239194698 0.198646292113704 0.241588256571011 0.415282095151289 0.699332366191586 0.412852412528454 0.36460291944475 0.453725703444671 0.12663211389811 0.0493065725850721 0.187497112947762 0.126463484373386 0.257130941451248 0.17243076998203 0.00231266920122767 0.0175947326862412 0.210406338397134 0.274581692758589 0.0719357471089317 0.0486378537340005 0.0263343270128739 0.0338321391216375 0.0687209044933718 0.0284688717088318 0.0339812350319902 0.0453405411283656 0.0614385694516179 0.0715012982753378 0.0934947727645354 0.088470296077994 0.0812203168403338 0.0321581905957228 0.149302094844257 0.135548417509805 0.054752355241955 0.0580223486677079 0.114279810380656 0.0158734299540598 0.0243391725559542 0.000986000041187993 0.0173304610895793 0.0227832751336917 0.0396352393043627 0.054937537497621 0.0572194497342663 0.0364100748196461
0.237877136841506 0.216986912323187 0.223659942602018 0.510742179287689 0.363375740273868 0.54425761225125 0.305063819445761 0.264417308866835 0.232916284895296 0.493867282018271 0.629165251849009 0.173058232725904 0.219386633440647 0.229669326958339 0.0682996849743264 0.226782573058998 0.0598429258763051 0.186619429659607 0.241671480615336 0.283347922797296 0.282533139318157 0.256204978538276 0.199060987821839 0.0506075128500335 0.0490435933321934 0.0383734626152451 0.0388890576087469 0.063656166970025 0.0447582640066349 0.00362715786147534 0.0098462813687298 0.0166564116430926 0.0221094854551488 0.0375704365743299 0.056001582709221 0.0661588743556935 0.105386565412992 0.124794780194361 0.0479568934216795 0.014724463620118 0.046606480431116 0.0526889888051344 0.0180399598596949 0.0287746907036978 0.02268535915895 0.0204042982242632 0.0168606400736516 0.0278142251341251 0.0283244069319569 0.0301667755180901 0.0311490269208255
